0,1,0,0
1,1,0,0
2,1,0,0
3,1,0,0
4,1,0,0
5,1,0,0
6,1,0,0
7,1,0,0
8,1,0,0
9,1,0,0
10,1,0,0
11,1,0,0
12,1,0,0
13,2,0,0
14,2,2,1
15,2,0,0
16,2,0,0
17,2,0,0
18,2,0,0
19,2,0,0
20,3,0,0
21,3,0,0
22,3,0,0
23,4,0,0
24,4,0,0
25,4,0,0
26,4,0,0
27,4,2,1
28,4,2,1
29,4,2,1
30,4,3,2
31,4,3,3
32,4,3,3
33,4,3,2
34,4,3,3
35,3,3,3
36,3,3,2
37,3,3,3
38,3,2,1
39,3,3,3
40,3,3,2
41,3,3,2
42,3,3,2
43,3,2,1
44,3,3,2
45,3,0,0
46,4,3,3
47,4,3,2
48,4,3,3
49,4,3,3
50,5,3,3
51,4,2,1
52,4,3,2
53,4,3,2
54,4,3,2
55,4,2,1
56,5,0,0
57,5,2,1
58,5,2,1
59,5,2,1
60,5,2,1
61,5,0,0
62,5,0,0
63,4,0,0
64,4,0,0
65,4,2,1
66,2,0,0
67,5,0,0
68,4,2,1
69,4,0,0
70,4,2,1
71,4,0,0
72,3,0,0
73,3,0,0
74,4,0,0
75,3,0,0
76,3,0,0
77,3,0,0
78,3,0,0
79,3,0,0
80,3,0,0
81,4,0,0
82,3,3,3
83,3,3,3
84,3,3,3
85,3,3,3
86,4,3,3
87,4,3,3
88,4,3,3
89,4,2,1
90,5,3,3
91,5,3,2
92,6,3,2
93,5,4,4
94,6,4,4
95,5,4,5
96,5,4,5
97,5,4,4
98,6,4,4
99,6,5,6
100,6,5,7
101,6,5,5
102,6,5,7
103,5,4,5
104,6,5,7
105,6,5,7
106,6,5,6
107,6,5,7
108,6,5,6
109,6,5,6
110,5,5,7
111,5,5,7
112,5,5,6
113,5,5,7
114,5,5,7
115,5,5,7
116,5,5,7
117,5,5,7
118,5,5,7
119,5,5,7
120,5,5,7
121,5,5,6
122,5,5,5
123,3,2,1
124,4,4,4
125,5,4,3
126,5,4,4
127,5,4,4
128,5,4,4
129,4,3,3
130,7,5,5
131,6,3,2
132,7,4,3
133,7,3,2
134,7,4,4
135,7,4,5
136,7,4,5
137,7,4,5
138,7,7,9
139,7,4,5
140,7,4,5
141,7,4,5
142,7,4,5
143,7,4,5
144,7,4,5
145,7,4,5
146,7,4,5
147,7,7,10
148,6,6,9
149,6,6,8
150,7,7,12
151,7,7,12
152,7,7,12
153,7,7,12
154,7,7,12
155,7,7,11
156,7,7,12
157,7,7,11
158,7,7,12
159,7,7,12
160,7,7,11
161,7,7,11
162,7,7,12
163,7,7,11
164,7,7,12
165,7,7,12
166,7,7,12
167,7,7,12
168,7,7,12
169,7,7,12
170,7,7,11
171,7,7,12
172,7,7,11
173,6,6,10
174,7,7,11
175,8,7,11
176,8,6,10
177,8,6,10
178,8,6,10
179,8,6,9
180,8,6,9
181,7,6,9
182,7,7,11
183,7,7,12
184,6,6,10
185,7,7,11
186,7,7,12
187,7,7,11
188,7,7,11
189,7,7,12
190,7,7,11
191,7,7,11
192,7,7,12
193,7,7,12
194,7,7,12
195,7,6,10
196,7,6,10
197,7,6,10
198,7,6,10
199,7,6,10
200,7,6,10
201,7,6,10
202,8,6,10
203,7,6,10
204,7,6,10
205,7,7,12
206,7,7,11
207,7,7,12
208,7,7,12
209,7,7,12
210,7,7,12
211,7,7,12
212,7,7,11
213,7,7,11
214,7,7,12
215,7,7,11
216,7,7,12
217,7,7,12
218,7,7,12
219,7,7,12
220,7,7,12
221,7,7,11
222,7,7,12
223,7,7,12
224,7,7,12
225,7,7,12
226,7,7,12
227,7,7,12
228,7,7,10
229,7,7,11
230,6,6,10
231,6,6,10
232,7,7,11
233,7,7,11
234,7,7,12
235,7,7,12
236,7,7,12
237,7,7,12
238,8,7,12
239,7,7,12
240,8,7,12
241,8,7,12
242,8,7,12
243,8,7,12
244,8,7,12
245,8,7,11
246,8,7,11
247,8,6,10
248,8,6,10
249,8,7,11
250,8,7,11
251,8,7,12
252,8,7,11
253,8,7,11
254,8,7,11
255,8,7,12
256,8,7,12
257,8,7,12
258,8,7,11
259,8,7,11
260,8,7,12
261,8,7,12
262,8,7,12
263,8,8,12
264,8,8,14
265,8,8,14
266,8,8,14
267,8,8,13
268,8,8,15
269,8,8,15
270,8,8,14
271,8,8,14
272,8,8,15
273,8,8,15
274,8,8,15
275,8,8,15
276,8,8,15
277,8,8,15
278,8,8,15
279,8,8,15
280,8,8,15
281,8,8,15
282,8,8,15
283,8,8,15
284,8,8,15
285,8,8,15
286,8,8,14
287,8,8,14
288,8,8,15
289,8,8,15
290,8,8,15
291,8,8,15
292,8,8,14
293,8,8,15
294,8,8,15
295,8,8,15
296,8,8,15
297,8,8,15
298,8,8,15
299,8,8,15
300,8,8,15
301,8,8,15
302,8,8,15
303,8,8,15
304,8,8,15
305,8,8,15
306,8,8,15
307,8,8,15
308,8,8,15
309,8,8,15
310,8,8,15
311,8,8,15
312,8,8,15
313,8,8,15
314,8,8,15
315,8,8,15
316,8,8,15
317,8,8,14
318,8,8,15
319,8,8,15
320,8,8,15
321,8,8,15
322,8,8,15
323,8,8,15
324,8,8,15
325,8,8,15
326,8,8,15
327,8,8,15
328,8,8,15
329,8,8,15
330,8,8,15
331,8,8,15
332,8,8,15
333,8,8,15
334,8,8,15
335,8,8,15
336,8,8,15
337,8,8,14
338,8,8,14
339,8,8,14
340,8,8,15
341,8,8,15
342,8,8,15
343,8,8,15
344,8,8,14
345,8,8,15
346,8,8,15
347,8,8,15
348,8,8,15
349,8,8,15
350,8,8,15
351,8,8,15
352,8,8,15
353,8,8,15
354,8,8,15
355,8,8,15
356,8,8,15
357,8,8,15
358,8,8,15
359,8,8,15
360,8,8,15
361,8,8,15
362,8,8,15
363,8,8,15
364,8,8,15
365,8,8,15
366,8,8,15
367,8,8,15
368,8,8,15
369,8,8,15
370,8,8,14
371,8,8,15
372,8,8,15
373,8,8,15
374,8,8,14
375,8,8,14
376,8,8,15
377,8,8,15
378,8,8,15
379,8,8,15
380,8,8,15
381,8,8,14
382,8,8,15
383,8,8,14
384,8,8,15
385,8,8,15
386,8,8,15
387,8,8,15
388,8,8,15
389,8,8,15
390,8,8,15
391,9,8,15
392,8,8,14
393,8,8,15
394,8,8,15
395,8,8,15
396,8,8,14
397,8,8,15
398,8,8,14
399,8,8,15
400,8,8,15
401,8,8,15
402,8,8,15
403,8,8,14
404,8,8,14
405,8,8,15
406,8,8,15
407,8,8,15
408,8,8,14
409,8,8,15
410,8,8,15
411,8,8,15
412,8,8,15
413,8,8,15
414,8,8,15
415,8,8,15
416,8,8,15
417,8,8,15
418,8,8,15
419,8,8,15
420,8,8,14
421,8,8,15
422,8,8,15
423,8,8,15
424,8,8,15
425,8,8,15
426,8,8,15
427,8,8,15
428,8,8,14
429,8,8,15
430,8,8,15
431,8,8,15
432,8,8,14
433,8,8,15
434,8,8,15
435,8,8,14
436,8,8,13
437,8,8,14
438,8,8,15
439,8,8,15
440,8,8,15
441,8,8,15
442,8,8,14
443,8,8,14
444,8,8,15
445,8,8,15
446,8,8,15
447,8,8,14
448,8,8,15
449,8,8,15
450,8,8,14
451,8,8,15
452,8,8,15
453,8,8,15
454,8,8,15
455,8,8,15
456,8,8,15
457,8,8,13
458,8,8,14
459,8,8,15
460,8,8,15
461,8,8,14
462,8,8,14
463,8,8,15
464,8,8,15
465,8,8,15
466,8,8,15
467,9,9,17
468,9,9,18
469,9,9,18
470,9,9,17
471,9,9,18
472,9,9,18
473,9,9,18
474,9,9,18
475,9,9,18
476,9,9,18
477,9,9,18
478,9,9,18
479,9,9,18
480,9,9,18
481,9,9,18
482,9,9,18
483,9,9,17
484,9,9,18
485,10,9,18
486,10,9,18
487,10,10,19
488,10,9,18
489,10,9,18
490,10,9,18
491,10,9,18
492,10,9,18
493,10,9,18
494,10,9,18
495,10,9,18
496,10,9,18
497,10,9,18
498,10,9,18
499,10,9,18
500,10,9,18
501,10,9,18
502,10,9,18
503,10,9,18
504,10,9,18
505,10,9,18
506,10,9,18
507,10,9,18
508,10,9,18
509,10,9,18
510,9,9,18
511,9,9,18
512,9,9,18
513,9,9,17
514,9,9,18
515,9,9,18
516,9,9,18
517,10,10,21
518,10,10,21
519,10,10,20
520,10,10,21
521,10,10,21
522,10,10,21
523,10,10,21
524,10,10,21
525,10,10,21
526,10,10,21
527,10,10,21
528,10,10,21
529,10,10,21
530,10,10,21
531,10,10,21
532,10,10,21
533,10,10,21
534,10,10,21
535,10,10,21
536,10,10,19
537,10,10,21
538,10,10,20
539,10,10,21
540,10,10,21
541,10,10,21
542,10,10,21
543,10,10,21
544,10,10,21
545,10,10,20
546,10,10,20
547,10,10,20
548,10,10,21
549,10,10,21
550,10,10,20
551,10,10,21
552,10,10,21
553,10,10,21
554,10,10,21
555,10,10,21
556,10,10,21
557,10,10,21
558,10,10,21
559,10,10,21
560,10,10,21
561,10,10,21
562,10,10,21
563,10,10,21
564,10,10,21
565,10,10,21
566,10,10,21
567,10,10,21
568,10,10,21
569,10,10,21
570,10,10,21
571,10,10,21
572,10,10,21
573,10,10,21
574,10,10,21
575,10,10,21
576,10,10,21
577,10,10,21
578,10,10,21
579,10,10,21
580,10,10,21
581,10,10,21
582,10,10,21
583,10,10,21
584,10,10,21
585,10,10,21
586,10,10,21
587,10,10,21
588,10,10,21
589,10,10,21
590,10,10,21
591,10,10,21
592,10,10,21
593,10,10,21
594,10,10,21
595,10,10,21
596,10,10,21
597,10,10,21
598,10,10,21
599,10,10,21
600,10,10,21
601,10,10,21
602,10,10,21
603,10,10,21
604,10,10,21
605,10,10,20
606,10,10,21
607,10,10,21
608,10,10,21
609,10,10,21
610,10,10,21
611,10,10,21
612,10,10,21
613,10,10,21
614,10,10,21
615,10,10,21
616,10,10,21
617,10,10,21
618,10,10,21
619,10,10,20
620,10,10,21
621,10,10,21
622,10,10,21
623,10,10,21
624,10,10,21
625,10,10,21
626,10,10,21
627,10,10,21
628,10,10,21
629,10,10,21
630,10,10,21
631,10,10,21
632,10,10,21
633,10,10,21
634,10,10,21
635,10,10,21
636,10,10,21
637,10,10,21
638,10,10,21
639,10,10,21
640,10,10,21
641,10,10,21
642,10,10,21
643,10,10,21
644,10,10,20
645,10,10,20
646,10,10,21
647,10,10,21
648,10,10,20
649,10,10,21
650,10,10,20
651,10,10,21
652,10,10,21
653,10,10,21
654,10,10,21
655,10,10,21
656,10,10,21
657,10,10,21
658,10,10,21
659,10,10,21
660,10,10,21
661,10,10,21
662,10,10,21
663,10,10,21
664,10,10,21
665,10,10,21
666,10,10,21
667,10,10,21
668,10,10,21
669,10,10,21
670,10,10,21
671,10,10,21
672,10,10,20
673,10,10,20
674,10,10,21
675,10,10,21
676,10,10,21
677,10,10,21
678,10,10,21
679,10,10,21
680,10,10,21
681,10,10,21
682,10,10,21
683,10,10,21
684,10,10,21
685,10,10,21
686,10,10,21
687,10,10,21
688,10,10,21
689,10,10,21
690,10,10,21
691,10,10,21
692,10,10,20
693,11,11,23
694,11,11,24
695,11,11,25
696,11,11,25
697,11,11,25
698,11,11,25
699,11,11,25
700,11,11,25
701,11,11,25
702,11,11,25
703,11,11,25
704,11,11,25
705,11,11,25
706,11,11,25
707,11,11,25
708,11,11,25
709,11,11,23
710,11,11,25
711,11,11,25
712,11,11,25
713,11,11,25
714,11,11,25
715,11,11,25
716,11,11,25
717,11,11,25
718,11,11,25
719,11,11,25
720,11,11,25
721,11,11,25
722,11,11,25
723,11,11,25
724,11,11,25
725,11,11,25
726,11,11,25
727,11,11,25
728,11,11,25
729,11,11,25
730,11,11,25
731,11,11,25
732,11,11,24
733,11,11,25
734,11,11,25
735,11,11,25
736,11,11,25
737,11,11,25
738,11,11,24
739,11,11,25
740,11,11,25
741,11,11,25
742,11,11,25
743,11,11,25
744,11,11,25
745,11,11,25
746,11,11,25
747,11,11,24
748,11,11,25
749,11,11,25
750,11,11,25
751,11,11,25
752,11,11,25
753,11,11,25
754,11,11,25
755,11,11,25
756,11,11,25
757,11,11,25
758,11,11,25
759,11,11,25
760,11,11,25
761,11,11,25
762,11,11,25
763,11,11,23
764,11,11,25
765,11,11,25
766,11,11,25
767,11,11,25
768,11,11,25
769,11,11,25
770,11,11,24
771,11,11,25
772,11,11,25
773,11,11,25
774,11,11,25
775,11,11,25
776,11,11,25
777,11,11,25
778,11,11,25
779,11,11,25
780,11,11,25
781,11,11,25
782,11,11,25
783,11,11,25
784,11,11,25
785,11,11,25
786,11,11,25
787,11,11,25
788,11,11,25
789,11,11,24
790,11,11,25
791,11,11,25
792,11,11,25
793,11,11,25
794,11,11,25
795,11,11,25
796,11,11,25
797,11,11,25
798,11,11,25
799,11,11,25
800,11,11,25
801,11,11,25
802,11,11,25
803,11,11,25
804,11,11,25
805,11,11,23
806,11,11,25
807,11,11,25
808,11,11,25
809,11,11,25
810,11,11,25
811,11,11,25
812,11,11,25
813,11,11,25
814,11,11,25
815,11,11,25
816,11,11,24
817,11,11,25
818,11,11,25
819,11,11,25
820,11,11,25
821,11,11,25
822,11,11,25
823,11,11,25
824,11,11,25
825,11,11,25
826,11,11,25
827,11,11,25
828,11,11,25
829,11,11,25
830,11,11,25
831,11,11,25
832,11,11,25
833,11,11,25
834,11,11,25
835,11,11,25
836,11,11,25
837,11,11,25
838,11,11,25
839,11,11,24
840,11,11,25
841,11,11,25
842,11,11,25
843,11,11,25
844,11,11,25
845,11,11,25
846,11,11,23
847,11,11,25
848,11,11,25
849,11,11,25
850,11,11,25
851,11,11,25
852,11,11,25
853,11,11,25
854,11,11,25
855,11,11,25
856,11,11,25
857,11,11,25
858,11,11,24
859,11,11,25
860,11,11,25
861,11,11,25
862,11,11,25
863,11,11,25
864,11,11,25
865,11,11,25
866,11,11,25
867,11,11,25
868,11,11,25
869,11,11,25
870,11,11,25
871,11,11,25
872,11,11,25
873,11,11,25
874,11,11,25
875,11,11,25
876,11,11,25
877,11,11,25
878,11,11,25
879,11,11,25
880,11,11,25
881,11,11,25
882,11,11,25
883,11,11,25
884,11,11,25
885,11,11,25
886,11,11,25
887,11,11,25
888,11,11,25
889,11,11,25
890,11,11,25
891,11,11,25
892,11,11,23
893,11,11,25
894,11,11,25
895,11,11,25
896,11,11,25
897,11,11,25
898,11,11,24
899,11,11,24
900,11,11,25
901,11,11,25
902,11,11,25
903,11,11,25
904,11,11,25
905,11,11,25
906,11,11,25
907,11,11,25
908,11,11,25
909,11,11,25
910,11,11,25
911,11,11,25
912,11,11,25
913,11,11,25
914,11,11,25
915,11,11,25
916,11,11,25
917,11,11,25
918,11,11,25
919,11,11,25
920,11,11,25
921,11,11,25
922,11,11,25
923,11,11,25
924,11,11,25
925,11,11,25
926,11,11,25
927,11,11,25
928,11,11,25
929,11,11,25
930,11,11,25
931,11,11,25
932,11,11,25
933,11,11,25
934,11,11,25
935,11,11,25
936,11,11,25
937,11,11,25
938,11,11,25
939,11,11,25
940,11,11,25
941,11,11,25
942,11,11,25
943,11,11,25
944,11,11,25
945,11,11,25
946,11,11,25
947,11,11,25
948,11,11,25
949,11,11,25
950,11,11,25
951,11,11,25
952,11,11,25
953,11,11,25
954,11,11,25
955,11,11,25
956,11,11,25
957,11,11,25
958,11,11,25
959,11,11,25
960,11,11,25
961,11,11,25
962,11,11,25
963,11,11,25
964,11,11,25
965,11,11,25
966,11,11,25
967,11,11,25
968,11,11,25
969,11,11,25
970,11,11,25
971,11,11,24
972,11,11,25
973,11,11,25
974,11,11,25
975,11,11,25
976,11,11,25
977,11,11,25
978,11,11,25
979,11,11,25
980,11,11,25
981,11,11,24
982,11,11,25
983,11,11,25
984,11,11,25
985,11,11,25
986,11,11,25
987,11,11,25
988,11,11,25
989,11,11,25
990,11,11,25
991,11,11,25
992,11,11,25
993,11,11,25
994,11,11,25
995,11,11,25
996,11,11,25
997,11,11,25
998,11,11,25
999,11,11,25
1000,11,11,25
1001,11,11,25
1002,11,11,25
1003,11,11,25
1004,11,11,25
1005,11,11,25
1006,11,11,25
1007,11,11,25
1008,11,11,25
1009,11,11,25
1010,11,11,25
1011,11,11,25
1012,11,11,25
1013,11,11,25
1014,11,11,25
1015,11,11,25
1016,11,11,25
1017,11,11,25
1018,11,11,25
1019,11,11,25
1020,11,11,25
1021,11,11,25
1022,11,11,25
1023,11,11,25
1024,11,11,24
1025,11,11,25
1026,11,11,25
1027,11,11,24
1028,11,11,25
1029,11,11,25
1030,11,11,25
1031,11,11,25
1032,11,11,25
1033,11,11,25
1034,11,11,25
1035,11,11,25
1036,11,11,24
1037,11,11,25
1038,11,11,25
1039,11,11,25
1040,11,11,25
1041,11,11,25
1042,11,11,25
1043,11,11,25
1044,11,11,25
1045,11,11,25
1046,11,11,25
1047,11,11,25
1048,11,11,25
1049,11,11,25
1050,11,11,25
1051,11,11,25
1052,11,11,25
1053,11,11,25
1054,11,11,25
1055,11,11,25
1056,11,11,25
1057,11,11,25
1058,11,11,25
1059,11,11,25
1060,11,11,25
1061,11,11,25
1062,11,11,25
1063,11,11,25
1064,11,11,25
1065,11,11,25
1066,11,11,25
1067,11,11,25
1068,11,11,24
1069,11,11,25
1070,11,11,25
1071,11,11,25
1072,11,11,25
1073,11,11,25
1074,11,11,25
1075,11,11,25
1076,11,11,25
1077,11,11,25
1078,11,11,25
1079,11,11,25
1080,11,11,25
1081,11,11,25
1082,11,11,25
1083,11,11,25
1084,11,11,25
1085,11,11,25
1086,11,11,25
1087,11,11,25
1088,11,11,25
1089,11,11,25
1090,11,11,25
1091,11,11,25
1092,11,11,25
1093,11,11,25
1094,11,11,25
1095,11,11,25
1096,11,11,25
1097,11,11,25
1098,11,11,25
1099,11,11,25
1100,11,11,25
1101,11,11,25
1102,11,11,25
1103,11,11,25
1104,11,11,25
1105,11,11,25
1106,11,11,25
1107,11,11,25
1108,11,11,25
1109,11,11,25
1110,11,11,25
1111,11,11,24
1112,11,11,25
1113,11,11,25
1114,11,11,25
1115,11,11,25
1116,11,11,25
1117,11,11,25
1118,11,11,25
1119,11,11,25
1120,11,11,24
1121,11,11,25
1122,11,11,25
1123,11,11,25
1124,11,11,25
1125,11,11,25
1126,11,11,25
1127,11,11,23
1128,11,11,25
1129,11,11,25
1130,11,11,25
1131,11,11,25
1132,11,11,25
1133,11,11,25
1134,11,11,25
1135,11,11,25
1136,11,11,25
1137,11,11,25
1138,11,11,25
1139,11,11,25
1140,11,11,25
1141,11,11,25
1142,11,11,25
1143,11,11,25
1144,11,11,25
1145,11,11,25
1146,11,11,25
1147,11,11,25
1148,11,11,25
1149,11,11,24
1150,11,11,25
1151,11,11,25
1152,11,11,25
1153,11,11,25
1154,11,11,25
1155,11,11,25
1156,11,11,25
1157,11,11,25
1158,11,11,25
1159,11,11,25
1160,11,11,25
1161,11,11,25
1162,11,11,25
1163,11,11,25
1164,11,11,25
1165,11,11,25
1166,11,11,25
1167,11,11,25
1168,11,11,25
1169,11,11,25
1170,11,11,25
1171,11,11,25
1172,11,11,25
1173,11,11,25
1174,11,11,25
1175,11,11,25
1176,11,11,25
1177,11,11,25
1178,11,11,25
1179,11,11,25
1180,11,11,25
1181,11,11,25
1182,11,11,25
1183,11,11,25
1184,11,11,25
1185,11,11,25
1186,11,11,25
1187,11,11,25
1188,11,11,25
1189,11,11,25
1190,11,11,24
1191,11,11,25
1192,11,11,25
1193,11,11,25
1194,11,11,25
1195,11,11,25
1196,11,11,25
1197,11,11,25
1198,11,11,25
1199,11,11,25
1200,11,11,25
1201,11,11,25
1202,11,11,25
1203,11,11,25
1204,11,11,25
1205,11,11,25
1206,11,11,25
1207,11,11,25
1208,11,11,25
1209,11,11,25
1210,11,11,24
1211,11,11,25
1212,11,11,25
1213,11,11,25
1214,11,11,25
1215,11,11,25
1216,11,11,25
1217,11,11,25
1218,11,11,25
1219,11,11,25
1220,11,11,25
1221,11,11,25
1222,11,11,25
1223,11,11,25
1224,11,11,25
1225,11,11,25
1226,11,11,25
1227,11,11,25
1228,11,11,25
1229,11,11,25
1230,11,11,25
1231,11,11,25
1232,11,11,25
1233,11,11,25
1234,11,11,25
1235,11,11,25
1236,11,11,25
1237,11,11,25
1238,11,11,25
1239,11,11,25
1240,11,11,25
1241,11,11,25
1242,11,11,25
1243,11,11,25
1244,11,11,25
1245,11,11,25
1246,11,11,25
1247,11,11,25
1248,11,11,25
1249,11,11,25
1250,11,11,25
1251,11,11,25
1252,11,11,25
1253,11,11,25
1254,11,11,25
1255,11,11,24
1256,11,11,25
1257,11,11,25
1258,11,11,25
1259,11,11,25
1260,11,11,25
1261,11,11,25
1262,11,11,25
1263,11,11,25
1264,11,11,25
1265,11,11,25
1266,11,11,25
1267,11,11,25
1268,11,11,25
1269,11,11,25
1270,11,11,25
1271,11,11,25
1272,11,11,25
1273,11,11,25
1274,11,11,25
1275,11,11,25
1276,11,11,25
1277,11,11,25
1278,11,11,25
1279,11,11,25
1280,11,11,25
1281,11,11,25
1282,11,11,25
1283,11,11,25
1284,11,11,25
1285,11,11,25
1286,11,11,25
1287,11,11,25
1288,11,11,25
1289,11,11,25
1290,11,11,25
1291,11,11,25
1292,11,11,24
1293,11,11,25
1294,11,11,25
1295,11,11,25
1296,11,11,25
1297,11,11,25
1298,11,11,25
1299,11,11,25
1300,11,11,25
1301,11,11,25
1302,11,11,25
1303,11,11,25
1304,11,11,25
1305,11,11,25
1306,11,11,25
1307,11,11,25
1308,11,11,25
1309,11,11,25
1310,11,11,25
1311,11,11,25
1312,11,11,25
1313,11,11,25
1314,11,11,25
1315,11,11,25
1316,11,11,25
1317,11,11,25
1318,11,11,25
1319,11,11,25
1320,11,11,25
1321,11,11,25
1322,11,11,25
1323,11,11,24
1324,11,11,25
1325,11,11,25
1326,11,11,25
1327,11,11,25
1328,11,11,25
1329,11,11,25
1330,11,11,25
1331,11,11,25
1332,11,11,25
1333,11,11,25
1334,11,11,25
1335,11,11,25
1336,11,11,25
1337,11,11,25
1338,11,11,25
1339,11,11,25
1340,11,11,25
1341,11,11,25
1342,11,11,25
1343,11,11,25
1344,11,11,25
1345,11,11,25
1346,11,11,25
1347,11,11,25
1348,11,11,25
1349,11,11,25
1350,11,11,25
1351,11,11,24
1352,11,11,25
1353,11,11,25
1354,11,11,25
1355,11,11,25
1356,11,11,25
1357,11,11,25
1358,11,11,25
1359,11,11,25
1360,11,11,25
1361,11,11,24
1362,11,11,25
1363,11,11,25
1364,11,11,25
1365,11,11,25
1366,11,11,25
1367,11,11,25
1368,11,11,25
1369,11,11,25
1370,11,11,25
1371,11,11,25
1372,11,11,25
1373,11,11,25
1374,11,11,25
1375,11,11,25
1376,11,11,25
1377,11,11,25
1378,11,11,25
1379,11,11,25
1380,11,11,25
1381,11,11,25
1382,11,11,25
1383,11,11,25
1384,11,11,25
1385,11,11,25
1386,11,11,25
1387,11,11,25
1388,11,11,25
1389,11,11,25
1390,11,11,25
1391,11,11,24
1392,11,11,25
1393,11,11,25
1394,11,11,25
1395,11,11,25
1396,11,11,25
1397,11,11,25
1398,11,11,25
1399,11,11,25
1400,11,11,25
1401,11,11,25
1402,11,11,25
1403,11,11,25
1404,11,11,25
1405,11,11,25
1406,11,11,25
1407,11,11,25
1408,11,11,25
1409,11,11,25
1410,11,11,25
1411,11,11,25
1412,11,11,25
1413,11,11,25
1414,11,11,25
1415,11,11,25
1416,11,11,25
1417,11,11,25
1418,11,11,25
1419,11,11,25
1420,11,11,25
1421,11,11,25
1422,11,11,25
1423,11,11,25
1424,11,11,25
1425,11,11,25
1426,11,11,25
1427,11,11,25
1428,11,11,25
1429,11,11,25
1430,11,11,25
1431,11,11,25
1432,11,11,25
1433,11,11,25
1434,11,11,25
1435,11,11,25
1436,11,11,25
1437,11,11,25
1438,11,11,25
1439,11,11,25
1440,11,11,25
1441,11,11,25
1442,11,11,25
1443,11,11,25
1444,11,11,25
1445,11,11,25
1446,11,11,25
1447,11,11,25
1448,11,11,25
1449,11,11,25
1450,11,11,25
1451,11,11,25
1452,11,11,25
1453,11,11,25
1454,11,11,25
1455,11,11,25
1456,11,11,25
1457,11,11,25
1458,11,11,24
1459,11,11,25
1460,11,11,25
1461,11,11,25
1462,11,11,25
1463,11,11,25
1464,11,11,25
1465,11,11,25
1466,11,11,25
1467,11,11,25
1468,11,11,25
1469,11,11,25
1470,11,11,25
1471,11,11,25
1472,11,11,25
1473,11,11,25
1474,11,11,25
1475,11,11,25
1476,11,11,25
1477,11,11,24
1478,11,11,25
1479,11,11,24
1480,11,11,25
1481,11,11,25
1482,11,11,25
1483,11,11,25
1484,11,11,25
1485,11,11,25
1486,11,11,25
1487,11,11,25
1488,11,11,25
1489,11,11,25
1490,11,11,25
1491,11,11,24
1492,11,11,25
1493,11,11,25
1494,11,11,25
1495,11,11,25
1496,11,11,25
1497,11,11,25
1498,11,11,25
1499,11,11,25
1500,11,11,25
1501,11,11,25
1502,11,11,25
1503,11,11,25
1504,11,11,25
1505,11,11,25
1506,11,11,25
1507,11,11,25
1508,11,11,25
1509,11,11,25
1510,11,11,25
1511,11,11,25
1512,11,11,25
1513,11,11,25
1514,11,11,25
1515,11,11,25
1516,11,11,25
1517,11,11,25
1518,11,11,25
1519,11,11,24
1520,11,11,25
1521,11,11,23
1522,11,11,23
1523,11,11,25
1524,11,11,25
1525,11,11,25
1526,11,11,25
1527,11,11,25
1528,11,11,25
1529,11,11,25
1530,11,11,25
1531,11,11,25
1532,11,11,25
1533,11,11,25
1534,11,11,25
1535,11,11,25
1536,11,11,25
1537,11,11,25
1538,11,11,25
1539,11,11,25
1540,11,11,25
1541,11,11,25
1542,11,11,25
1543,11,11,25
1544,11,11,25
1545,11,11,25
1546,11,11,25
1547,11,11,25
1548,11,11,25
1549,11,11,25
1550,11,11,25
1551,11,11,25
1552,11,11,25
1553,11,11,25
1554,11,11,25
1555,11,11,25
1556,11,11,25
1557,11,11,25
1558,11,11,25
1559,11,11,25
1560,11,11,25
1561,11,11,25
1562,11,11,25
1563,11,11,25
1564,11,11,25
1565,11,11,25
1566,11,11,25
1567,11,11,25
1568,11,11,25
1569,11,11,25
1570,11,11,25
1571,11,11,25
1572,11,11,25
1573,11,11,25
1574,11,11,25
1575,11,11,25
1576,11,11,25
1577,11,11,25
1578,11,11,25
1579,11,11,25
1580,11,11,25
1581,11,11,25
1582,11,11,25
1583,11,11,25
1584,11,11,25
1585,11,11,25
1586,11,11,25
1587,11,11,25
1588,11,11,25
1589,11,11,25
1590,11,11,25
1591,11,11,25
1592,11,11,25
1593,11,11,25
1594,11,11,25
1595,11,11,25
1596,11,11,25
1597,11,11,25
1598,11,11,25
1599,11,11,25
1600,11,11,25
1601,11,11,25
1602,11,11,25
1603,11,11,25
1604,11,11,25
1605,11,11,25
1606,11,11,25
1607,11,11,25
1608,11,11,25
1609,11,11,25
1610,11,11,25
1611,11,11,25
1612,11,11,25
1613,11,11,25
1614,11,11,25
1615,11,11,25
1616,11,11,25
1617,11,11,25
1618,11,11,25
1619,11,11,25
1620,11,11,25
1621,11,11,25
1622,11,11,25
1623,11,11,25
1624,11,11,25
1625,11,11,25
1626,11,11,25
1627,11,11,25
1628,11,11,25
1629,11,11,25
1630,11,11,25
1631,11,11,25
1632,11,11,25
1633,11,11,25
1634,11,11,25
1635,11,11,25
1636,11,11,25
1637,11,11,24
1638,11,11,25
1639,11,11,25
1640,11,11,25
1641,11,11,25
1642,11,11,25
1643,11,11,25
1644,11,11,25
1645,11,11,25
1646,11,11,25
1647,11,11,25
1648,11,11,25
1649,11,11,25
1650,11,11,25
1651,11,11,25
1652,11,11,25
1653,11,11,25
1654,11,11,25
1655,11,11,25
1656,11,11,25
1657,11,11,24
1658,11,11,25
1659,11,11,25
1660,11,11,25
1661,11,11,25
1662,11,11,25
1663,11,11,25
1664,11,11,25
1665,11,11,25
1666,11,11,25
1667,11,11,25
1668,11,11,25
1669,11,11,25
1670,11,11,25
1671,11,11,25
1672,11,11,25
1673,11,11,24
1674,11,11,25
1675,11,11,25
1676,11,11,25
1677,11,11,25
1678,11,11,25
1679,11,11,25
1680,11,11,25
1681,11,11,25
1682,11,11,25
1683,11,11,25
1684,11,11,25
1685,11,11,25
1686,11,11,25
1687,11,11,25
1688,11,11,25
1689,11,11,25
1690,11,11,25
1691,11,11,25
1692,11,11,25
1693,11,11,25
1694,11,11,25
1695,11,11,25
1696,11,11,25
1697,11,11,25
1698,11,11,24
1699,11,11,25
1700,11,11,25
1701,11,11,25
1702,11,11,25
1703,11,11,25
1704,11,11,25
1705,11,11,23
1706,11,11,25
1707,11,11,25
1708,11,11,25
1709,11,11,25
1710,11,11,25
1711,11,11,25
1712,11,11,25
1713,11,11,25
1714,11,11,25
1715,11,11,25
1716,11,11,25
1717,11,11,25
1718,11,11,25
1719,11,11,25
1720,11,11,25
1721,11,11,25
1722,11,11,25
1723,11,11,24
1724,11,11,25
1725,11,11,25
1726,11,11,25
1727,11,11,25
1728,11,11,25
1729,11,11,25
1730,11,11,25
1731,11,11,25
1732,11,11,25
1733,11,11,25
1734,11,11,25
1735,11,11,25
1736,11,11,25
1737,11,11,25
1738,11,11,25
1739,11,11,25
1740,11,11,25
1741,11,11,25
1742,11,11,25
1743,11,11,25
1744,11,11,25
1745,11,11,25
1746,11,11,25
1747,11,11,24
1748,11,11,25
1749,11,11,25
1750,11,11,25
1751,11,11,25
1752,11,11,25
1753,11,11,25
1754,11,11,25
1755,11,11,25
1756,11,11,25
1757,11,11,25
1758,11,11,25
1759,11,11,25
1760,11,11,25
1761,11,11,25
1762,11,11,25
1763,11,11,25
1764,11,11,25
1765,11,11,24
1766,11,11,25
1767,11,11,24
1768,11,11,25
1769,11,11,25
1770,11,11,25
1771,11,11,25
1772,11,11,25
1773,11,11,25
1774,11,11,25
1775,11,11,25
1776,11,11,25
1777,11,11,25
1778,11,11,25
1779,11,11,25
1780,11,11,25
1781,11,11,25
1782,11,11,25
1783,11,11,25
1784,11,11,25
1785,11,11,25
1786,11,11,25
1787,11,11,25
1788,11,11,25
1789,11,11,25
1790,11,11,25
1791,11,11,25
1792,11,11,25
1793,11,11,25
1794,11,11,25
1795,11,11,25
1796,11,11,25
1797,11,11,25
1798,11,11,25
1799,11,11,25
1800,11,11,25
1801,11,11,25
1802,11,11,25
1803,11,11,25
1804,11,11,25
1805,11,11,25
1806,11,11,25
1807,11,11,25
1808,11,11,25
1809,11,11,25
1810,11,11,25
1811,11,11,25
1812,11,11,25
1813,11,11,25
1814,11,11,25
1815,11,11,25
1816,11,11,25
1817,11,11,25
1818,11,11,25
1819,11,11,25
1820,11,11,25
1821,11,11,25
1822,11,11,25
1823,11,11,25
1824,11,11,25
1825,11,11,25
1826,11,11,25
1827,11,11,25
1828,11,11,25
1829,11,11,25
1830,11,11,25
1831,11,11,25
1832,11,11,25
1833,11,11,24
1834,11,11,25
1835,11,11,25
1836,11,11,25
1837,11,11,25
1838,11,11,25
1839,11,11,25
1840,11,11,25
1841,11,11,25
1842,11,11,25
1843,11,11,25
1844,11,11,25
1845,11,11,25
1846,11,11,25
1847,11,11,25
1848,11,11,25
1849,11,11,25
1850,11,11,25
1851,11,11,25
1852,11,11,25
1853,11,11,25
1854,11,11,25
1855,11,11,25
1856,11,11,25
1857,11,11,25
1858,11,11,25
1859,11,11,25
1860,11,11,25
1861,11,11,25
1862,11,11,25
1863,11,11,25
1864,11,11,25
1865,11,11,25
1866,11,11,25
1867,11,11,25
1868,11,11,25
1869,11,11,25
1870,11,11,25
1871,11,11,25
1872,11,11,25
1873,11,11,25
1874,11,11,25
1875,11,11,25
1876,11,11,25
1877,11,11,25
1878,11,11,25
1879,11,11,24
1880,11,11,25
1881,11,11,25
1882,11,11,25
1883,11,11,25
1884,11,11,25
1885,11,11,25
1886,11,11,25
1887,11,11,25
1888,11,11,25
1889,11,11,25
1890,11,11,25
1891,11,11,25
1892,11,11,25
1893,11,11,25
1894,11,11,25
1895,11,11,25
1896,11,11,25
1897,11,11,25
1898,11,11,25
1899,11,11,25
1900,11,11,25
1901,11,11,25
1902,12,12,26
1903,12,12,30
1904,12,12,27
1905,12,12,30
1906,12,12,30
1907,12,12,29
1908,12,12,30
1909,12,12,30
1910,12,12,30
1911,12,12,30
1912,12,12,30
1913,12,12,30
1914,12,12,30
1915,12,12,30
1916,12,12,30
1917,12,12,30
1918,12,12,30
1919,12,12,30
1920,12,12,30
1921,12,12,30
1922,12,12,30
1923,12,12,30
1924,12,12,30
1925,12,12,30
1926,12,12,30
1927,12,12,30
1928,12,12,30
1929,12,12,30
1930,12,12,30
1931,12,12,30
1932,12,12,30
1933,12,12,30
1934,12,12,30
1935,12,12,30
1936,12,12,30
1937,12,12,30
1938,12,12,30
1939,12,12,30
1940,12,12,30
1941,12,12,30
1942,12,12,30
1943,12,12,30
1944,12,12,30
1945,12,12,30
1946,12,12,30
1947,12,12,30
1948,12,12,30
1949,12,12,30
1950,12,12,30
1951,12,12,30
1952,12,12,30
1953,12,12,30
1954,12,12,30
1955,12,12,30
1956,12,12,30
1957,12,12,30
1958,12,12,30
1959,12,12,30
1960,12,12,30
1961,12,12,30
1962,12,12,30
1963,12,12,30
1964,12,12,30
1965,12,12,30
1966,12,12,30
1967,12,12,30
1968,12,12,30
1969,12,12,30
1970,12,12,30
1971,12,12,30
1972,12,12,30
1973,12,12,30
1974,12,12,30
1975,12,12,30
1976,12,12,29
1977,12,12,30
1978,12,12,30
1979,12,12,30
1980,12,12,30
1981,12,12,30
1982,12,12,30
1983,12,12,30
1984,12,12,30
1985,12,12,30
1986,12,12,30
1987,12,12,30
1988,12,12,30
1989,12,12,30
1990,12,12,30
1991,12,12,30
1992,12,12,30
1993,12,12,30
1994,12,12,30
1995,12,12,30
1996,12,12,30
1997,12,12,30
1998,12,12,30
1999,12,12,30
