0,0,0,0
1,1,0,0
2,1,0,0
3,2,0,0
4,1,0,0
5,1,0,0
6,1,0,0
7,1,0,0
8,2,0,0
9,3,0,0
10,2,0,0
11,1,0,0
12,1,0,0
13,1,0,0
14,1,0,0
15,3,0,0
16,2,2,1
17,2,2,1
18,2,2,1
19,2,2,1
20,2,0,0
21,2,0,0
22,2,2,1
23,2,0,0
24,2,0,0
25,2,0,0
26,2,0,0
27,2,0,0
28,2,0,0
29,2,0,0
30,2,0,0
31,2,0,0
32,2,0,0
33,3,0,0
34,2,0,0
35,2,0,0
36,2,0,0
37,2,0,0
38,2,0,0
39,2,0,0
40,2,0,0
41,2,0,0
42,2,0,0
43,2,0,0
44,2,0,0
45,2,0,0
46,2,0,0
47,2,0,0
48,2,0,0
49,2,0,0
50,2,0,0
51,2,0,0
52,3,2,1
53,3,0,0
54,3,2,1
55,1,0,0
56,3,2,1
57,3,2,1
58,3,0,0
59,3,0,0
60,3,0,0
61,3,0,0
62,3,0,0
63,4,0,0
64,4,0,0
65,3,2,1
66,3,0,0
67,3,0,0
68,3,0,0
69,3,2,1
70,3,0,0
71,3,0,0
72,3,0,0
73,3,0,0
74,3,0,0
75,3,0,0
76,2,0,0
77,2,0,0
78,2,0,0
79,2,0,0
80,2,0,0
81,2,0,0
82,1,0,0
83,1,0,0
84,1,0,0
85,1,0,0
86,1,0,0
87,1,0,0
88,1,0,0
89,1,0,0
90,1,0,0
91,1,0,0
92,1,0,0
93,3,0,0
94,1,0,0
95,1,0,0
96,1,0,0
97,1,0,0
98,1,0,0
99,1,0,0
100,1,0,0
101,2,0,0
102,1,0,0
103,1,0,0
104,1,0,0
105,1,0,0
106,1,0,0
107,1,0,0
108,1,0,0
109,1,0,0
110,1,0,0
111,1,0,0
112,1,0,0
113,1,0,0
114,1,0,0
115,1,0,0
116,2,0,0
117,2,0,0
118,2,0,0
119,2,0,0
120,2,0,0
121,2,0,0
122,2,0,0
123,2,0,0
124,2,0,0
125,2,0,0
126,2,0,0
127,2,0,0
128,2,0,0
129,2,0,0
130,3,2,1
131,3,2,1
132,3,0,0
133,3,0,0
134,2,0,0
135,2,0,0
136,2,0,0
137,2,0,0
138,2,0,0
139,2,0,0
140,2,0,0
141,2,0,0
142,2,0,0
143,2,0,0
144,2,0,0
145,2,0,0
146,2,0,0
147,2,0,0
148,2,0,0
149,3,2,1
150,2,0,0
151,2,0,0
152,2,0,0
153,2,0,0
154,2,0,0
155,2,0,0
156,2,2,1
157,2,2,1
158,2,0,0
159,2,0,0
160,2,0,0
161,2,0,0
162,2,0,0
163,2,0,0
164,2,0,0
165,2,0,0
166,2,0,0
167,3,0,0
168,2,0,0
169,3,0,0
170,3,0,0
171,4,0,0
172,3,0,0
173,3,0,0
174,2,0,0
175,2,0,0
176,3,0,0
177,2,0,0
178,3,0,0
179,3,0,0
180,3,0,0
181,2,0,0
182,3,0,0
183,2,0,0
184,2,0,0
185,2,0,0
186,2,0,0
187,2,0,0
188,2,0,0
189,2,0,0
190,2,0,0
191,1,0,0
192,1,0,0
193,1,0,0
194,1,0,0
195,2,0,0
196,2,0,0
197,2,0,0
198,2,0,0
199,2,2,1
200,2,0,0
201,2,0,0
202,2,0,0
203,2,0,0
204,2,0,0
205,2,0,0
206,2,0,0
207,2,0,0
208,2,0,0
209,2,2,1
210,2,2,1
211,2,0,0
212,2,0,0
213,2,2,1
214,2,2,1
215,2,2,1
216,2,2,1
217,2,2,1
218,2,2,1
219,2,2,1
220,2,2,1
221,3,2,1
222,3,0,0
223,4,0,0
224,4,0,0
225,2,0,0
226,2,2,1
227,2,0,0
228,1,0,0
229,1,0,0
230,1,0,0
231,1,0,0
232,2,0,0
233,1,0,0
234,1,0,0
235,2,0,0
236,2,2,1
237,2,0,0
238,3,0,0
239,3,0,0
240,3,0,0
241,3,0,0
242,3,0,0
243,2,0,0
244,3,0,0
245,2,0,0
246,2,0,0
247,2,0,0
248,2,0,0
249,2,0,0
250,2,0,0
251,2,0,0
252,2,0,0
253,3,0,0
254,3,0,0
255,3,0,0
256,2,2,1
257,2,0,0
258,1,0,0
259,1,0,0
260,2,0,0
261,2,0,0
262,3,0,0
263,3,0,0
264,3,0,0
265,3,0,0
266,3,2,1
267,3,0,0
268,3,2,1
269,3,2,1
270,3,2,1
271,3,0,0
272,3,2,1
273,3,0,0
274,3,0,0
275,3,0,0
276,2,0,0
277,2,0,0
278,2,0,0
279,2,0,0
280,2,0,0
281,2,0,0
282,2,0,0
283,2,0,0
284,2,0,0
285,2,0,0
286,2,0,0
287,2,0,0
288,2,0,0
289,3,0,0
290,1,0,0
291,1,0,0
292,2,0,0
293,2,0,0
294,2,0,0
295,1,0,0
296,1,0,0
297,2,0,0
298,2,0,0
299,2,0,0
300,2,0,0
301,2,0,0
302,2,0,0
303,3,0,0
304,3,0,0
305,3,0,0
306,3,0,0
307,3,0,0
308,3,0,0
309,4,0,0
310,4,0,0
311,3,0,0
312,3,0,0
313,3,0,0
314,3,0,0
315,3,0,0
316,2,0,0
317,2,0,0
318,3,0,0
319,3,0,0
320,3,0,0
321,3,0,0
322,3,0,0
323,2,0,0
324,1,0,0
325,1,0,0
326,1,0,0
327,1,0,0
328,1,0,0
329,1,0,0
330,1,0,0
331,1,0,0
332,1,0,0
333,1,0,0
334,1,0,0
335,1,0,0
336,1,0,0
337,1,0,0
338,1,0,0
339,1,0,0
340,1,0,0
341,1,0,0
342,1,0,0
343,1,0,0
344,1,0,0
345,1,0,0
346,1,0,0
347,1,0,0
348,1,0,0
349,1,0,0
350,1,0,0
351,1,0,0
352,1,0,0
353,1,0,0
354,2,0,0
355,1,0,0
356,1,0,0
357,1,0,0
358,1,0,0
359,1,0,0
360,1,0,0
361,1,0,0
362,1,0,0
363,1,0,0
364,2,0,0
365,2,0,0
366,1,0,0
367,1,0,0
368,1,0,0
369,1,0,0
370,1,0,0
371,1,0,0
372,1,0,0
373,1,0,0
374,1,0,0
375,1,0,0
376,2,0,0
377,1,0,0
378,1,0,0
379,1,0,0
380,2,0,0
381,1,0,0
382,1,0,0
383,1,0,0
384,1,0,0
385,1,0,0
386,1,0,0
387,1,0,0
388,3,0,0
389,3,0,0
390,3,0,0
391,3,0,0
392,3,0,0
393,3,0,0
394,2,0,0
395,2,0,0
396,2,0,0
397,2,0,0
398,2,0,0
399,2,0,0
400,2,0,0
401,2,0,0
402,3,0,0
403,3,0,0
404,3,0,0
405,2,0,0
406,3,0,0
407,3,0,0
408,3,0,0
409,2,0,0
410,3,0,0
411,2,0,0
412,4,0,0
413,3,2,1
414,3,0,0
415,3,0,0
416,3,0,0
417,3,0,0
418,2,0,0
419,2,0,0
420,2,0,0
421,2,0,0
422,2,0,0
423,2,0,0
424,2,0,0
425,2,0,0
426,2,0,0
427,2,0,0
428,2,0,0
429,2,0,0
430,2,0,0
431,2,0,0
432,2,0,0
433,2,0,0
434,2,0,0
435,4,0,0
436,4,0,0
437,3,0,0
438,3,0,0
439,2,0,0
440,3,0,0
441,3,0,0
442,2,0,0
443,2,0,0
444,2,0,0
445,2,0,0
446,2,0,0
447,2,0,0
448,2,0,0
449,2,0,0
450,3,0,0
451,3,0,0
452,3,0,0
453,3,0,0
454,3,0,0
455,3,0,0
456,3,2,1
457,3,0,0
458,3,0,0
459,3,0,0
460,4,0,0
461,3,0,0
462,3,0,0
463,3,2,1
464,2,0,0
465,2,2,1
466,2,2,1
467,2,2,1
468,2,0,0
469,2,2,1
470,2,0,0
471,2,0,0
472,2,0,0
473,2,0,0
474,2,0,0
475,2,0,0
476,2,0,0
477,2,0,0
478,2,0,0
479,2,0,0
480,2,0,0
481,2,0,0
482,2,0,0
483,2,0,0
484,2,2,1
485,2,0,0
486,2,0,0
487,2,0,0
488,3,0,0
489,2,0,0
490,2,0,0
491,2,0,0
492,3,0,0
493,2,0,0
494,2,0,0
495,2,0,0
496,2,0,0
497,2,0,0
498,2,0,0
499,2,0,0
500,2,0,0
501,3,2,1
502,2,0,0
503,2,0,0
504,2,0,0
505,2,0,0
506,2,0,0
507,2,0,0
508,2,0,0
509,2,0,0
510,2,0,0
511,3,0,0
512,2,0,0
513,4,0,0
514,4,0,0
515,4,0,0
516,3,0,0
517,3,0,0
518,3,2,1
519,3,0,0
520,3,0,0
521,3,0,0
522,3,0,0
523,3,2,1
524,3,2,1
525,3,2,1
526,4,2,1
527,3,2,1
528,3,2,1
529,4,2,1
530,3,2,1
531,2,0,0
532,3,2,1
533,3,2,1
534,3,2,1
535,3,2,1
536,3,2,1
537,3,2,1
538,3,2,1
539,3,2,1
540,3,0,0
541,3,0,0
542,3,0,0
543,3,0,0
544,3,2,1
545,3,3,2
546,4,2,1
547,4,2,1
548,4,2,1
549,4,2,1
550,4,2,1
551,4,3,3
552,4,3,2
553,4,3,2
554,4,2,1
555,4,0,0
556,4,0,0
557,4,0,0
558,5,2,1
559,4,2,1
560,3,2,1
561,3,2,1
562,3,2,1
563,3,2,1
564,3,2,1
565,2,0,0
566,2,0,0
567,2,0,0
568,2,0,0
569,2,0,0
570,2,0,0
571,2,0,0
572,2,0,0
573,2,0,0
574,2,0,0
575,2,0,0
576,1,0,0
577,2,0,0
578,2,0,0
579,1,0,0
580,1,0,0
581,1,0,0
582,1,0,0
583,2,0,0
584,3,0,0
585,2,0,0
586,2,2,1
587,2,0,0
588,2,0,0
589,2,0,0
590,2,0,0
591,2,0,0
592,4,0,0
593,3,0,0
594,3,0,0
595,4,0,0
596,3,0,0
597,3,0,0
598,3,0,0
599,3,0,0
600,3,0,0
601,3,0,0
602,3,0,0
603,3,0,0
604,4,0,0
605,3,0,0
606,3,0,0
607,3,0,0
608,3,0,0
609,3,0,0
610,3,0,0
611,3,0,0
612,2,0,0
613,2,0,0
614,2,0,0
615,1,0,0
616,1,0,0
617,2,0,0
618,2,0,0
619,2,0,0
620,2,0,0
621,3,0,0
622,3,0,0
623,3,0,0
624,3,0,0
625,3,0,0
626,3,0,0
627,3,0,0
628,2,0,0
629,3,0,0
630,3,0,0
631,3,2,1
632,2,0,0
633,3,2,1
634,3,2,1
635,3,2,1
636,3,0,0
637,1,0,0
638,2,0,0
639,2,0,0
640,2,0,0
641,2,0,0
642,3,0,0
643,2,0,0
644,2,0,0
645,2,0,0
646,2,0,0
647,2,0,0
648,3,0,0
649,3,0,0
650,2,0,0
651,2,0,0
652,2,0,0
653,2,0,0
654,2,0,0
655,2,0,0
656,2,0,0
657,3,0,0
658,2,0,0
659,2,0,0
660,2,0,0
661,2,0,0
662,2,0,0
663,2,0,0
664,3,0,0
665,3,0,0
666,2,0,0
667,3,0,0
668,3,0,0
669,3,3,2
670,3,0,0
671,3,0,0
672,2,0,0
673,2,0,0
674,2,0,0
675,2,0,0
676,2,0,0
677,2,0,0
678,2,0,0
679,3,0,0
680,3,0,0
681,2,0,0
682,2,0,0
683,2,0,0
684,2,0,0
685,3,0,0
686,3,0,0
687,2,0,0
688,2,0,0
689,1,0,0
690,1,0,0
691,1,0,0
692,1,0,0
693,2,0,0
694,2,0,0
695,2,0,0
696,2,0,0
697,2,0,0
698,2,0,0
699,2,0,0
700,2,0,0
701,2,0,0
702,2,0,0
703,2,0,0
704,2,0,0
705,2,0,0
706,2,0,0
707,2,0,0
708,2,0,0
709,2,0,0
710,1,0,0
711,2,0,0
712,1,0,0
713,2,0,0
714,2,0,0
715,1,0,0
716,2,0,0
717,2,0,0
718,1,0,0
719,2,0,0
720,2,2,1
721,2,0,0
722,1,0,0
723,1,0,0
724,1,0,0
725,1,0,0
726,1,0,0
727,1,0,0
728,1,0,0
729,1,0,0
730,2,0,0
731,2,0,0
732,1,0,0
733,1,0,0
734,1,0,0
735,1,0,0
736,1,0,0
737,2,0,0
738,2,0,0
739,3,0,0
740,3,0,0
741,3,0,0
742,3,0,0
743,3,0,0
744,3,0,0
745,3,0,0
746,3,0,0
747,3,0,0
748,3,0,0
749,2,0,0
750,2,0,0
751,2,2,1
752,1,0,0
753,1,0,0
754,1,0,0
755,1,0,0
756,1,0,0
757,1,0,0
758,1,0,0
759,2,0,0
760,2,0,0
761,2,0,0
762,2,2,1
763,2,2,1
764,2,2,1
765,3,0,0
766,2,0,0
767,3,0,0
768,3,0,0
769,3,0,0
770,3,0,0
771,3,0,0
772,3,0,0
773,3,2,1
774,3,2,1
775,3,0,0
776,2,0,0
777,3,0,0
778,3,0,0
779,3,0,0
780,2,0,0
781,2,0,0
782,2,0,0
783,2,0,0
784,2,0,0
785,2,0,0
786,2,0,0
787,2,0,0
788,2,0,0
789,2,0,0
790,2,0,0
791,2,0,0
792,2,0,0
793,2,0,0
794,2,0,0
795,2,0,0
796,2,0,0
797,2,0,0
798,2,0,0
799,2,0,0
800,2,0,0
801,2,0,0
802,3,0,0
803,2,0,0
804,2,0,0
805,2,0,0
806,2,0,0
807,2,0,0
808,2,0,0
809,2,0,0
810,2,0,0
811,2,0,0
812,3,0,0
813,2,0,0
814,2,0,0
815,3,0,0
816,2,0,0
817,2,0,0
818,2,0,0
819,2,0,0
820,2,0,0
821,2,0,0
822,2,0,0
823,2,0,0
824,2,0,0
825,2,0,0
826,2,0,0
827,2,0,0
828,2,0,0
829,1,0,0
830,1,0,0
831,1,0,0
832,1,0,0
833,1,0,0
834,1,0,0
835,2,0,0
836,1,0,0
837,1,0,0
838,1,0,0
839,2,0,0
840,2,0,0
841,2,0,0
842,2,0,0
843,2,0,0
844,2,0,0
845,3,0,0
846,2,2,1
847,3,2,1
848,2,2,1
849,2,2,1
850,2,2,1
851,2,2,1
852,2,0,0
853,2,0,0
854,2,0,0
855,3,0,0
856,3,0,0
857,3,0,0
858,3,0,0
859,3,0,0
860,3,0,0
861,3,0,0
862,4,0,0
863,4,0,0
864,3,0,0
865,2,0,0
866,3,0,0
867,3,0,0
868,3,0,0
869,3,0,0
870,3,0,0
871,3,2,1
872,3,2,1
873,3,3,3
874,3,3,2
875,3,3,3
876,3,2,1
877,3,3,3
878,4,3,2
879,3,3,3
880,3,2,1
881,3,2,1
882,3,2,1
883,3,0,0
884,3,2,1
885,2,0,0
886,3,0,0
887,3,0,0
888,3,0,0
889,3,0,0
890,3,0,0
891,3,0,0
892,3,0,0
893,3,0,0
894,3,0,0
895,3,0,0
896,3,0,0
897,2,0,0
898,3,0,0
899,2,0,0
900,5,0,0
901,4,0,0
902,4,2,1
903,5,0,0
904,3,0,0
905,4,0,0
906,3,0,0
907,3,0,0
908,3,0,0
909,3,0,0
910,3,0,0
911,3,0,0
912,3,0,0
913,3,0,0
914,3,0,0
915,2,0,0
916,2,0,0
917,2,0,0
918,3,0,0
919,3,0,0
920,2,0,0
921,3,0,0
922,3,0,0
923,3,0,0
924,3,0,0
925,3,0,0
926,3,0,0
927,2,0,0
928,3,0,0
929,3,0,0
930,3,0,0
931,3,0,0
932,3,0,0
933,3,0,0
934,3,2,1
935,4,2,1
936,3,2,1
937,4,2,1
938,3,2,1
939,4,3,2
940,4,2,1
941,4,2,1
942,4,0,0
943,3,0,0
944,3,0,0
945,3,0,0
946,3,0,0
947,3,0,0
948,3,0,0
949,3,0,0
950,3,2,1
951,2,2,1
952,3,3,2
953,3,2,1
954,3,3,2
955,3,3,2
956,3,3,3
957,3,3,3
958,3,3,2
959,3,3,3
960,3,3,3
961,3,3,3
962,3,2,1
963,3,2,1
964,3,2,1
965,3,2,1
966,3,0,0
967,4,0,0
968,4,0,0
969,3,0,0
970,2,0,0
971,4,0,0
972,5,2,1
973,5,0,0
974,5,0,0
975,5,2,1
976,5,2,1
977,5,2,1
978,5,2,1
979,5,0,0
980,5,2,1
981,5,2,1
982,4,0,0
983,5,2,1
984,4,2,1
985,4,3,2
986,5,3,3
987,5,3,2
988,5,3,3
989,4,3,2
990,4,3,3
991,4,3,3
992,5,3,3
993,5,3,3
994,4,3,3
995,4,3,3
996,4,4,4
997,4,4,5
998,4,4,4
999,4,4,4
1000,3,3,2
1001,4,4,4
1002,4,4,5
1003,4,4,4
1004,4,4,4
1005,4,3,3
1006,4,3,3
1007,4,3,3
1008,4,3,3
1009,4,3,2
1010,4,3,3
1011,4,3,2
1012,4,0,0
1013,3,0,0
1014,3,0,0
1015,4,0,0
1016,3,0,0
1017,4,2,1
1018,3,0,0
1019,3,0,0
1020,3,0,0
1021,3,0,0
1022,4,0,0
1023,3,0,0
1024,2,0,0
1025,3,0,0
1026,3,0,0
1027,3,0,0
1028,3,2,1
1029,2,0,0
1030,3,0,0
1031,4,0,0
1032,4,3,2
1033,3,0,0
1034,3,2,1
1035,2,0,0
1036,2,0,0
1037,2,0,0
1038,3,0,0
1039,3,0,0
1040,3,2,1
1041,3,0,0
1042,3,0,0
1043,3,0,0
1044,3,0,0
1045,3,2,1
1046,2,0,0
1047,1,0,0
1048,1,0,0
1049,2,0,0
1050,2,0,0
1051,1,0,0
1052,1,0,0
1053,2,0,0
1054,2,0,0
1055,2,0,0
1056,2,0,0
1057,3,0,0
1058,2,2,1
1059,3,2,1
1060,4,2,1
1061,4,2,1
1062,4,2,1
1063,4,2,1
1064,4,2,1
1065,3,0,0
1066,3,0,0
1067,3,0,0
1068,3,0,0
1069,3,0,0
1070,3,0,0
1071,3,0,0
1072,2,0,0
1073,2,0,0
1074,2,0,0
1075,2,0,0
1076,2,0,0
1077,2,0,0
1078,2,0,0
1079,2,0,0
1080,2,0,0
1081,2,0,0
1082,2,0,0
1083,3,0,0
1084,2,0,0
1085,2,0,0
1086,2,0,0
1087,2,0,0
1088,3,0,0
1089,3,2,1
1090,3,2,1
1091,3,2,1
1092,3,2,1
1093,4,2,1
1094,3,2,1
1095,3,0,0
1096,3,0,0
1097,3,0,0
1098,4,0,0
1099,4,0,0
1100,4,0,0
1101,3,0,0
1102,4,0,0
1103,4,0,0
1104,4,0,0
1105,4,0,0
1106,4,0,0
1107,4,0,0
1108,4,0,0
1109,4,0,0
1110,4,0,0
1111,4,0,0
1112,4,0,0
1113,3,0,0
1114,3,0,0
1115,3,2,1
1116,3,2,1
1117,3,2,1
1118,3,0,0
1119,3,0,0
1120,3,0,0
1121,3,0,0
1122,3,0,0
1123,3,0,0
1124,2,0,0
1125,2,0,0
1126,2,0,0
1127,2,0,0
1128,2,0,0
1129,2,0,0
1130,2,0,0
1131,2,0,0
1132,2,2,1
1133,2,0,0
1134,3,0,0
1135,3,0,0
1136,3,0,0
1137,3,2,1
1138,2,0,0
1139,3,0,0
1140,3,0,0
1141,2,0,0
1142,2,0,0
1143,2,0,0
1144,2,0,0
1145,2,0,0
1146,2,0,0
1147,2,0,0
1148,2,0,0
1149,2,0,0
1150,2,0,0
1151,2,0,0
1152,2,0,0
1153,2,0,0
1154,2,0,0
1155,2,0,0
1156,2,0,0
1157,2,0,0
1158,2,0,0
1159,2,0,0
1160,2,0,0
1161,3,0,0
1162,3,0,0
1163,2,0,0
1164,2,0,0
1165,2,0,0
1166,2,0,0
1167,2,0,0
1168,1,0,0
1169,2,0,0
1170,3,0,0
1171,2,0,0
1172,3,0,0
1173,3,0,0
1174,3,0,0
1175,2,2,1
1176,1,0,0
1177,1,0,0
1178,3,0,0
1179,2,0,0
1180,2,0,0
1181,2,0,0
1182,3,0,0
1183,3,0,0
1184,3,0,0
1185,2,0,0
1186,2,0,0
1187,2,0,0
1188,2,0,0
1189,2,0,0
1190,2,0,0
1191,2,0,0
1192,2,0,0
1193,2,0,0
1194,2,0,0
1195,2,0,0
1196,2,0,0
1197,2,0,0
1198,2,0,0
1199,1,0,0
1200,2,0,0
1201,2,0,0
1202,2,0,0
1203,2,0,0
1204,2,0,0
1205,2,0,0
1206,2,0,0
1207,2,0,0
1208,1,0,0
1209,2,0,0
1210,3,0,0
1211,3,0,0
1212,4,0,0
1213,3,0,0
1214,4,0,0
1215,4,0,0
1216,2,0,0
1217,2,0,0
1218,2,0,0
1219,2,0,0
1220,3,0,0
1221,2,0,0
1222,3,0,0
1223,2,0,0
1224,2,0,0
1225,4,2,1
1226,3,0,0
1227,3,2,1
1228,3,0,0
1229,3,3,2
1230,3,0,0
1231,3,0,0
1232,3,0,0
1233,3,2,1
1234,3,2,1
1235,3,3,2
1236,3,3,3
1237,3,3,3
1238,3,3,3
1239,3,3,3
1240,3,3,3
1241,3,3,3
1242,3,3,3
1243,3,2,1
1244,3,2,1
1245,3,2,1
1246,3,0,0
1247,3,0,0
1248,3,0,0
1249,3,0,0
1250,3,0,0
1251,3,0,0
1252,3,0,0
1253,2,0,0
1254,3,0,0
1255,3,2,1
1256,3,0,0
1257,3,0,0
1258,3,0,0
1259,3,0,0
1260,3,0,0
1261,3,0,0
1262,3,0,0
1263,3,0,0
1264,3,0,0
1265,3,0,0
1266,3,0,0
1267,4,0,0
1268,3,0,0
1269,2,0,0
1270,2,0,0
1271,2,2,1
1272,2,2,1
1273,2,0,0
1274,2,0,0
1275,2,0,0
1276,2,0,0
1277,2,0,0
1278,2,0,0
1279,2,0,0
1280,2,0,0
1281,2,0,0
1282,2,0,0
1283,2,0,0
1284,3,0,0
1285,3,0,0
1286,3,2,1
1287,3,0,0
1288,3,0,0
1289,3,0,0
1290,3,0,0
1291,3,0,0
1292,3,0,0
1293,3,0,0
1294,3,0,0
1295,3,0,0
1296,3,0,0
1297,3,0,0
1298,3,0,0
1299,3,0,0
1300,3,0,0
1301,2,0,0
1302,2,0,0
1303,2,2,1
1304,2,0,0
1305,2,0,0
1306,2,0,0
1307,2,0,0
1308,2,0,0
1309,2,0,0
1310,2,0,0
1311,2,2,1
1312,3,0,0
1313,3,0,0
1314,3,0,0
1315,3,0,0
1316,3,0,0
1317,3,0,0
1318,3,0,0
1319,3,0,0
1320,3,0,0
1321,3,0,0
1322,4,0,0
1323,3,0,0
1324,3,2,1
1325,2,0,0
1326,2,0,0
1327,2,2,1
1328,2,2,1
1329,2,0,0
1330,2,2,1
1331,2,0,0
1332,2,0,0
1333,2,0,0
1334,2,0,0
1335,2,0,0
1336,2,0,0
1337,2,2,1
1338,3,0,0
1339,1,0,0
1340,1,0,0
1341,1,0,0
1342,1,0,0
1343,2,0,0
1344,1,0,0
1345,1,0,0
1346,1,0,0
1347,1,0,0
1348,1,0,0
1349,1,0,0
1350,1,0,0
1351,1,0,0
1352,1,0,0
1353,1,0,0
1354,1,0,0
1355,2,0,0
1356,1,0,0
1357,2,0,0
1358,2,0,0
1359,3,0,0
1360,4,0,0
1361,2,0,0
1362,3,0,0
1363,2,0,0
1364,2,0,0
1365,3,0,0
1366,3,0,0
1367,3,0,0
1368,2,0,0
1369,3,0,0
1370,3,0,0
1371,2,0,0
1372,2,0,0
1373,2,0,0
1374,2,0,0
1375,2,0,0
1376,1,0,0
1377,1,0,0
1378,1,0,0
1379,1,0,0
1380,2,0,0
1381,2,0,0
1382,2,0,0
1383,2,0,0
1384,2,0,0
1385,2,0,0
1386,2,0,0
1387,2,0,0
1388,2,0,0
1389,2,0,0
1390,2,0,0
1391,1,0,0
1392,1,0,0
1393,2,0,0
1394,2,0,0
1395,2,0,0
1396,2,0,0
1397,2,0,0
1398,2,0,0
1399,2,0,0
1400,2,0,0
1401,2,0,0
1402,2,0,0
1403,2,0,0
1404,2,0,0
1405,2,0,0
1406,2,0,0
1407,3,0,0
1408,3,0,0
1409,3,0,0
1410,3,2,1
1411,4,2,1
1412,4,2,1
1413,4,0,0
1414,3,0,0
1415,4,0,0
1416,3,2,1
1417,3,2,1
1418,3,2,1
1419,3,0,0
1420,2,0,0
1421,2,0,0
1422,2,0,0
1423,2,0,0
1424,2,0,0
1425,2,0,0
1426,2,0,0
1427,2,0,0
1428,2,0,0
1429,2,0,0
1430,2,0,0
1431,2,0,0
1432,2,2,1
1433,2,0,0
1434,2,0,0
1435,2,0,0
1436,2,0,0
1437,2,0,0
1438,2,0,0
1439,2,0,0
1440,2,0,0
1441,2,0,0
1442,3,0,0
1443,2,0,0
1444,2,0,0
1445,2,0,0
1446,2,0,0
1447,1,0,0
1448,4,0,0
1449,5,0,0
1450,3,0,0
1451,3,0,0
1452,3,0,0
1453,2,0,0
1454,3,0,0
1455,3,0,0
1456,3,0,0
1457,3,0,0
1458,3,0,0
1459,3,0,0
1460,4,0,0
1461,4,0,0
1462,4,0,0
1463,4,0,0
1464,5,0,0
1465,2,0,0
1466,2,0,0
1467,2,0,0
1468,2,0,0
1469,2,0,0
1470,2,0,0
1471,2,0,0
1472,3,2,1
1473,2,0,0
1474,1,0,0
1475,1,0,0
1476,1,0,0
1477,1,0,0
1478,1,0,0
1479,2,0,0
1480,1,0,0
1481,1,0,0
1482,1,0,0
1483,1,0,0
1484,1,0,0
1485,1,0,0
1486,1,0,0
1487,1,0,0
1488,1,0,0
1489,1,0,0
1490,1,0,0
1491,1,0,0
1492,1,0,0
1493,2,0,0
1494,2,0,0
1495,2,0,0
1496,2,0,0
1497,2,0,0
1498,2,0,0
1499,3,0,0
1500,2,0,0
1501,2,0,0
1502,2,0,0
1503,2,0,0
1504,2,0,0
1505,2,0,0
1506,2,0,0
1507,2,0,0
1508,2,0,0
1509,2,0,0
1510,2,0,0
1511,2,0,0
1512,2,0,0
1513,2,0,0
1514,2,0,0
1515,2,2,1
1516,2,2,1
1517,2,2,1
1518,2,2,1
1519,2,2,1
1520,2,0,0
1521,2,0,0
1522,2,0,0
1523,2,0,0
1524,2,0,0
1525,2,0,0
1526,3,0,0
1527,3,0,0
1528,3,0,0
1529,2,0,0
1530,1,0,0
1531,2,0,0
1532,1,0,0
1533,2,0,0
1534,1,0,0
1535,1,0,0
1536,1,0,0
1537,1,0,0
1538,1,0,0
1539,2,0,0
1540,2,0,0
1541,2,0,0
1542,2,0,0
1543,2,0,0
1544,1,0,0
1545,2,0,0
1546,4,2,1
1547,3,0,0
1548,3,2,1
1549,4,2,1
1550,2,0,0
1551,3,0,0
1552,3,0,0
1553,3,0,0
1554,3,0,0
1555,3,0,0
1556,2,0,0
1557,2,0,0
1558,2,0,0
1559,2,0,0
1560,2,0,0
1561,3,0,0
1562,3,0,0
1563,3,0,0
1564,2,0,0
1565,2,0,0
1566,2,0,0
1567,2,2,1
1568,2,2,1
1569,2,0,0
1570,2,0,0
1571,3,0,0
1572,2,2,1
1573,3,0,0
1574,2,0,0
1575,2,0,0
1576,2,0,0
1577,2,0,0
1578,2,0,0
1579,2,0,0
1580,1,0,0
1581,2,0,0
1582,2,0,0
1583,2,0,0
1584,3,0,0
1585,2,0,0
1586,3,0,0
1587,3,0,0
1588,3,0,0
1589,2,0,0
1590,3,0,0
1591,3,0,0
1592,2,0,0
1593,3,0,0
1594,3,0,0
1595,4,0,0
1596,4,0,0
1597,3,0,0
1598,3,0,0
1599,4,0,0
1600,3,0,0
1601,2,0,0
1602,2,0,0
1603,2,0,0
1604,2,0,0
1605,2,0,0
1606,2,0,0
1607,1,0,0
1608,1,0,0
1609,1,0,0
1610,1,0,0
1611,1,0,0
1612,1,0,0
1613,1,0,0
1614,1,0,0
1615,1,0,0
1616,1,0,0
1617,1,0,0
1618,1,0,0
1619,2,0,0
1620,2,0,0
1621,2,2,1
1622,3,2,1
1623,3,3,2
1624,3,0,0
1625,3,2,1
1626,3,2,1
1627,3,2,1
1628,3,2,1
1629,3,2,1
1630,3,2,1
1631,3,2,1
1632,3,0,0
1633,2,0,0
1634,2,0,0
1635,3,0,0
1636,2,0,0
1637,2,0,0
1638,2,0,0
1639,2,0,0
1640,3,0,0
1641,2,0,0
1642,2,0,0
1643,3,0,0
1644,3,0,0
1645,3,0,0
1646,3,0,0
1647,3,0,0
1648,3,0,0
1649,3,0,0
1650,3,0,0
1651,3,0,0
1652,3,0,0
1653,3,0,0
1654,3,0,0
1655,3,0,0
1656,3,2,1
1657,3,3,2
1658,3,0,0
1659,3,2,1
1660,3,0,0
1661,3,0,0
1662,3,0,0
1663,3,2,1
1664,3,2,1
1665,3,0,0
1666,3,2,1
1667,2,0,0
1668,2,0,0
1669,2,0,0
1670,2,0,0
1671,2,0,0
1672,3,0,0
1673,2,0,0
1674,1,0,0
1675,1,0,0
1676,1,0,0
1677,1,0,0
1678,1,0,0
1679,1,0,0
1680,0,0,0
1681,1,0,0
1682,1,0,0
1683,1,0,0
1684,1,0,0
1685,1,0,0
1686,1,0,0
1687,1,0,0
1688,1,0,0
1689,1,0,0
1690,1,0,0
1691,1,0,0
1692,1,0,0
1693,1,0,0
1694,1,0,0
1695,1,0,0
1696,2,0,0
1697,1,0,0
1698,2,0,0
1699,1,0,0
1700,1,0,0
1701,1,0,0
1702,1,0,0
1703,1,0,0
1704,1,0,0
1705,1,0,0
1706,1,0,0
1707,1,0,0
1708,1,0,0
1709,1,0,0
1710,1,0,0
1711,1,0,0
1712,2,0,0
1713,1,0,0
1714,2,0,0
1715,2,0,0
1716,2,0,0
1717,2,2,1
1718,2,2,1
1719,2,2,1
1720,2,0,0
1721,2,0,0
1722,2,0,0
1723,3,0,0
1724,3,0,0
1725,2,0,0
1726,3,0,0
1727,2,0,0
1728,2,0,0
1729,2,0,0
1730,1,0,0
1731,2,0,0
1732,2,0,0
1733,2,0,0
1734,1,0,0
1735,1,0,0
1736,2,0,0
1737,2,0,0
1738,2,0,0
1739,2,0,0
1740,2,2,1
1741,2,0,0
1742,2,0,0
1743,2,0,0
1744,2,2,1
1745,2,0,0
1746,2,0,0
1747,2,0,0
1748,2,0,0
1749,2,0,0
1750,2,0,0
1751,2,0,0
1752,2,0,0
1753,2,0,0
1754,2,0,0
1755,2,0,0
1756,2,0,0
1757,2,0,0
1758,2,0,0
1759,2,0,0
1760,3,0,0
1761,3,0,0
1762,3,0,0
1763,3,0,0
1764,1,0,0
1765,1,0,0
1766,2,0,0
1767,2,0,0
1768,2,0,0
1769,3,0,0
1770,2,0,0
1771,2,0,0
1772,3,0,0
1773,4,2,1
1774,4,2,1
1775,3,0,0
1776,4,0,0
1777,3,0,0
1778,3,0,0
1779,4,0,0
1780,4,0,0
1781,4,0,0
1782,4,0,0
1783,4,0,0
1784,4,0,0
1785,4,2,1
1786,4,0,0
1787,3,0,0
1788,3,0,0
1789,3,0,0
1790,3,0,0
1791,4,0,0
1792,4,2,1
1793,3,0,0
1794,3,0,0
1795,3,0,0
1796,3,0,0
1797,3,0,0
1798,3,0,0
1799,3,0,0
1800,3,2,1
1801,3,0,0
1802,3,0,0
1803,2,0,0
1804,2,0,0
1805,2,0,0
1806,2,0,0
1807,2,0,0
1808,3,0,0
1809,3,0,0
1810,3,0,0
1811,2,0,0
1812,2,0,0
1813,2,0,0
1814,2,0,0
1815,3,0,0
1816,3,0,0
1817,2,0,0
1818,2,0,0
1819,2,0,0
1820,2,0,0
1821,2,0,0
1822,4,0,0
1823,4,0,0
1824,2,0,0
1825,2,0,0
1826,2,0,0
1827,2,0,0
1828,2,0,0
1829,2,0,0
1830,1,0,0
1831,1,0,0
1832,1,0,0
1833,1,0,0
1834,1,0,0
1835,1,0,0
1836,1,0,0
1837,1,0,0
1838,1,0,0
1839,2,0,0
1840,1,0,0
1841,2,0,0
1842,1,0,0
1843,1,0,0
1844,1,0,0
1845,2,0,0
1846,2,0,0
1847,3,0,0
1848,2,0,0
1849,2,0,0
1850,2,0,0
1851,2,0,0
1852,2,0,0
1853,2,0,0
1854,2,0,0
1855,2,0,0
1856,2,0,0
1857,2,0,0
1858,2,0,0
1859,2,0,0
1860,2,0,0
1861,2,0,0
1862,2,0,0
1863,2,0,0
1864,2,0,0
1865,2,0,0
1866,2,0,0
1867,2,2,1
1868,2,2,1
1869,3,0,0
1870,2,0,0
1871,2,0,0
1872,2,0,0
1873,2,0,0
1874,2,0,0
1875,2,2,1
1876,3,2,1
1877,3,2,1
1878,3,0,0
1879,3,0,0
1880,3,0,0
1881,3,0,0
1882,3,0,0
1883,3,0,0
1884,2,2,1
1885,1,0,0
1886,2,2,1
1887,3,0,0
1888,3,0,0
1889,4,0,0
1890,3,0,0
1891,3,2,1
1892,3,2,1
1893,3,0,0
1894,3,2,1
1895,3,2,1
1896,3,0,0
1897,3,0,0
1898,4,2,1
1899,3,3,2
1900,3,3,2
1901,3,3,3
1902,3,3,3
1903,3,3,2
1904,3,3,3
1905,3,3,2
1906,3,3,3
1907,3,3,3
1908,3,3,2
1909,3,3,2
1910,3,3,2
1911,3,3,2
1912,3,2,1
1913,3,0,0
1914,3,0,0
1915,3,0,0
1916,3,0,0
1917,3,0,0
1918,3,0,0
1919,4,0,0
1920,3,0,0
1921,3,0,0
1922,3,2,1
1923,2,0,0
1924,2,0,0
1925,2,0,0
1926,2,0,0
1927,1,0,0
1928,1,0,0
1929,1,0,0
1930,1,0,0
1931,2,0,0
1932,2,0,0
1933,3,0,0
1934,4,0,0
1935,4,0,0
1936,3,0,0
1937,3,0,0
1938,3,0,0
1939,4,0,0
1940,3,0,0
1941,3,0,0
1942,2,2,1
1943,1,0,0
1944,4,0,0
1945,3,0,0
1946,3,0,0
1947,3,0,0
1948,3,0,0
1949,3,0,0
1950,3,0,0
1951,4,2,1
1952,4,2,1
1953,4,3,2
1954,5,2,1
1955,3,0,0
1956,4,2,1
1957,3,2,1
1958,3,2,1
1959,3,2,1
1960,3,2,1
1961,3,0,0
1962,3,0,0
1963,2,0,0
1964,3,0,0
1965,2,0,0
1966,3,0,0
1967,3,0,0
1968,3,0,0
1969,3,0,0
1970,3,0,0
1971,3,2,1
1972,3,2,1
1973,3,2,1
1974,3,0,0
1975,3,0,0
1976,3,0,0
1977,3,0,0
1978,3,3,2
1979,3,0,0
1980,3,0,0
1981,3,0,0
1982,3,0,0
1983,2,0,0
1984,2,0,0
1985,4,0,0
1986,3,0,0
1987,4,0,0
1988,3,0,0
1989,4,0,0
1990,3,0,0
1991,3,0,0
1992,3,0,0
1993,3,0,0
1994,3,0,0
1995,3,0,0
1996,2,2,1
1997,2,0,0
1998,2,0,0
1999,2,0,0
