0,0,0,0
1,0,0,0
2,1,0,0
3,0,0,0
4,1,0,0
5,1,0,0
6,1,0,0
7,1,0,0
8,1,0,0
9,2,0,0
10,2,0,0
11,2,0,0
12,2,0,0
13,3,0,0
14,3,2,1
15,2,0,0
16,2,0,0
17,2,0,0
18,2,0,0
19,2,0,0
20,2,0,0
21,2,0,0
22,2,0,0
23,2,0,0
24,3,0,0
25,2,0,0
26,3,0,0
27,3,0,0
28,2,0,0
29,2,0,0
30,2,0,0
31,2,0,0
32,2,0,0
33,2,0,0
34,2,0,0
35,3,0,0
36,2,0,0
37,3,0,0
38,3,0,0
39,2,0,0
40,2,0,0
41,2,0,0
42,2,2,1
43,2,2,1
44,2,2,1
45,2,2,1
46,3,2,1
47,2,0,0
48,2,0,0
49,2,0,0
50,2,0,0
51,2,0,0
52,2,0,0
53,2,0,0
54,2,0,0
55,2,0,0
56,2,0,0
57,2,0,0
58,2,0,0
59,2,0,0
60,2,0,0
61,2,0,0
62,2,0,0
63,2,0,0
64,3,0,0
65,2,0,0
66,2,0,0
67,2,0,0
68,2,0,0
69,2,0,0
70,2,0,0
71,1,0,0
72,1,0,0
73,1,0,0
74,1,0,0
75,2,0,0
76,2,0,0
77,3,0,0
78,2,0,0
79,2,0,0
80,2,0,0
81,2,0,0
82,4,0,0
83,4,0,0
84,3,2,1
85,3,0,0
86,3,0,0
87,3,0,0
88,3,0,0
89,3,0,0
90,3,0,0
91,3,0,0
92,3,0,0
93,3,2,1
94,3,3,2
95,3,3,2
96,3,2,1
97,3,2,1
98,3,3,2
99,3,3,2
100,3,3,2
101,3,3,3
102,3,3,2
103,3,3,2
104,3,2,1
105,3,0,0
106,3,0,0
107,3,0,0
108,3,0,0
109,3,0,0
110,4,0,0
111,4,2,1
112,4,2,1
113,4,0,0
114,3,2,1
115,3,2,1
116,3,0,0
117,3,0,0
118,3,2,1
119,3,0,0
120,4,0,0
121,3,0,0
122,2,0,0
123,4,0,0
124,3,0,0
125,2,0,0
126,2,0,0
127,2,0,0
128,3,0,0
129,2,0,0
130,2,0,0
131,3,0,0
132,3,0,0
133,3,0,0
134,2,0,0
135,2,0,0
136,3,0,0
137,2,0,0
138,2,0,0
139,2,0,0
140,2,0,0
141,2,2,1
142,2,0,0
143,2,0,0
144,2,0,0
145,3,0,0
146,3,0,0
147,3,0,0
148,3,0,0
149,3,0,0
150,3,2,1
151,3,0,0
152,3,0,0
153,4,0,0
154,3,0,0
155,3,0,0
156,3,0,0
157,3,0,0
158,3,0,0
159,3,0,0
160,3,0,0
161,3,2,1
162,3,0,0
163,3,0,0
164,3,0,0
165,3,0,0
166,3,0,0
167,3,0,0
168,4,0,0
169,3,2,1
170,2,2,1
171,2,2,1
172,2,2,1
173,2,2,1
174,2,2,1
175,2,2,1
176,2,2,1
177,2,2,1
178,2,2,1
179,2,2,1
180,2,2,1
181,2,2,1
182,2,0,0
183,2,0,0
184,2,0,0
185,3,2,1
186,2,2,1
187,2,0,0
188,2,0,0
189,2,0,0
190,2,2,1
191,2,0,0
192,2,0,0
193,2,2,1
194,1,0,0
195,1,0,0
196,1,0,0
197,2,0,0
198,2,0,0
199,2,0,0
200,2,0,0
201,2,0,0
202,2,0,0
203,2,2,1
204,2,2,1
205,3,2,1
206,3,2,1
207,3,2,1
208,3,2,1
209,3,2,1
210,3,2,1
211,3,2,1
212,4,3,3
213,4,2,1
214,4,4,3
215,4,2,1
216,4,2,1
217,5,3,2
218,5,3,3
219,4,3,2
220,4,3,3
221,5,3,2
222,4,3,3
223,4,3,2
224,3,2,1
225,4,3,2
226,4,3,2
227,4,3,2
228,4,3,3
229,4,4,3
230,4,3,3
231,4,4,4
232,4,4,4
233,4,4,4
234,4,4,5
235,4,4,3
236,4,4,5
237,3,3,3
238,2,2,1
239,2,0,0
240,2,0,0
241,2,0,0
242,5,4,5
243,5,5,5
244,5,5,6
245,5,5,6
246,5,4,4
247,5,4,4
248,4,3,2
249,4,0,0
250,4,0,0
251,5,0,0
252,5,2,1
253,5,3,2
254,5,0,0
255,5,0,0
256,5,0,0
257,5,2,1
258,4,2,1
259,5,2,1
260,4,0,0
261,3,0,0
262,4,2,1
263,3,2,1
264,4,2,1
265,4,2,1
266,4,2,1
267,4,2,1
268,4,2,1
269,4,2,1
270,3,2,1
271,4,2,1
272,5,2,1
273,4,0,0
274,4,3,2
275,4,0,0
276,3,0,0
277,3,0,0
278,3,0,0
279,3,0,0
280,3,0,0
281,3,0,0
282,3,0,0
283,3,0,0
284,3,0,0
285,3,0,0
286,2,0,0
287,3,0,0
288,3,0,0
289,3,0,0
290,3,0,0
291,3,0,0
292,3,2,1
293,3,0,0
294,3,0,0
295,3,0,0
296,3,0,0
297,3,0,0
298,3,0,0
299,3,0,0
300,3,2,1
301,3,0,0
302,3,0,0
303,4,0,0
304,3,0,0
305,3,0,0
306,3,0,0
307,2,0,0
308,3,0,0
309,4,0,0
310,3,0,0
311,3,0,0
312,2,0,0
313,2,0,0
314,2,0,0
315,2,0,0
316,2,0,0
317,2,0,0
318,2,0,0
319,2,0,0
320,2,0,0
321,2,0,0
322,2,0,0
323,2,0,0
324,2,0,0
325,1,0,0
326,2,0,0
327,2,0,0
328,1,0,0
329,2,0,0
330,2,0,0
331,2,0,0
332,2,0,0
333,2,0,0
334,1,0,0
335,1,0,0
336,1,0,0
337,1,0,0
338,2,0,0
339,2,0,0
340,1,0,0
341,1,0,0
342,1,0,0
343,1,0,0
344,1,0,0
345,1,0,0
346,1,0,0
347,2,0,0
348,1,0,0
349,1,0,0
350,1,0,0
351,1,0,0
352,0,0,0
353,0,0,0
354,0,0,0
355,0,0,0
356,0,0,0
357,2,0,0
358,2,0,0
359,2,0,0
360,2,0,0
361,1,0,0
362,1,0,0
363,2,0,0
364,2,0,0
365,1,0,0
366,1,0,0
367,1,0,0
368,2,0,0
369,2,0,0
370,2,0,0
371,0,0,0
372,0,0,0
373,0,0,0
374,0,0,0
375,1,0,0
376,0,0,0
377,0,0,0
378,0,0,0
379,0,0,0
380,0,0,0
381,1,0,0
382,0,0,0
383,1,0,0
384,1,0,0
385,0,0,0
386,0,0,0
387,1,0,0
388,1,0,0
389,1,0,0
390,2,0,0
391,2,0,0
392,2,0,0
393,1,0,0
394,1,0,0
395,1,0,0
396,2,0,0
397,3,0,0
398,2,0,0
399,1,0,0
400,1,0,0
401,1,0,0
402,1,0,0
403,2,0,0
404,2,0,0
405,2,0,0
406,1,0,0
407,1,0,0
408,1,0,0
409,1,0,0
410,1,0,0
411,2,0,0
412,2,0,0
413,2,0,0
414,2,0,0
415,2,0,0
416,1,0,0
417,1,0,0
418,2,0,0
419,2,0,0
420,1,0,0
421,2,0,0
422,2,0,0
423,2,0,0
424,2,0,0
425,2,0,0
426,2,0,0
427,2,0,0
428,2,0,0
429,2,0,0
430,3,0,0
431,3,0,0
432,3,0,0
433,2,0,0
434,2,0,0
435,2,0,0
436,2,0,0
437,2,0,0
438,2,0,0
439,2,0,0
440,2,0,0
441,2,0,0
442,2,2,1
443,2,2,1
444,3,0,0
445,2,0,0
446,2,0,0
447,2,0,0
448,2,0,0
449,2,0,0
450,2,0,0
451,2,0,0
452,2,0,0
453,2,0,0
454,2,0,0
455,3,0,0
456,3,0,0
457,3,0,0
458,3,0,0
459,3,0,0
460,3,0,0
461,3,0,0
462,3,2,1
463,3,2,1
464,3,0,0
465,3,0,0
466,4,2,1
467,3,0,0
468,2,0,0
469,2,0,0
470,3,0,0
471,4,2,1
472,3,0,0
473,3,0,0
474,3,0,0
475,3,0,0
476,3,0,0
477,3,0,0
478,3,0,0
479,2,0,0
480,2,0,0
481,3,0,0
482,4,0,0
483,3,2,1
484,3,0,0
485,3,0,0
486,3,0,0
487,3,0,0
488,3,0,0
489,3,0,0
490,3,0,0
491,3,0,0
492,3,0,0
493,3,0,0
494,3,0,0
495,3,0,0
496,3,2,1
497,3,2,1
498,3,0,0
499,3,0,0
500,3,0,0
501,3,0,0
502,2,0,0
503,2,0,0
504,2,0,0
505,2,2,1
506,2,0,0
507,3,0,0
508,2,0,0
509,2,0,0
510,2,2,1
511,3,2,1
512,2,0,0
513,3,0,0
514,3,0,0
515,3,2,1
516,2,0,0
517,2,0,0
518,2,0,0
519,2,0,0
520,2,0,0
521,2,0,0
522,2,0,0
523,3,0,0
524,2,0,0
525,2,0,0
526,3,0,0
527,3,0,0
528,3,0,0
529,3,0,0
530,3,0,0
531,3,0,0
532,3,0,0
533,3,0,0
534,3,0,0
535,3,0,0
536,3,0,0
537,3,2,1
538,3,0,0
539,3,2,1
540,3,3,2
541,4,3,3
542,4,3,2
543,4,3,3
544,4,3,3
545,4,3,3
546,4,3,3
547,5,4,3
548,4,4,5
549,5,3,3
550,6,4,4
551,6,4,5
552,5,4,4
553,5,4,3
554,5,4,4
555,4,4,4
556,4,4,5
557,3,3,2
558,4,4,4
559,4,4,4
560,4,4,4
561,4,2,1
562,4,4,5
563,4,4,4
564,4,4,4
565,4,4,4
566,4,4,4
567,4,4,5
568,4,3,3
569,4,4,4
570,4,4,3
571,4,4,3
572,4,4,3
573,4,4,3
574,4,4,5
575,3,3,3
576,4,4,3
577,4,4,4
578,4,4,5
579,4,4,4
580,4,4,3
581,4,4,4
582,4,4,4
583,5,4,5
584,3,3,2
585,3,3,2
586,4,4,4
587,4,4,5
588,4,4,5
589,4,4,5
590,4,4,4
591,4,4,5
592,4,4,4
593,4,3,3
594,4,3,3
595,4,4,4
596,4,4,4
597,4,4,3
598,4,4,5
599,4,4,4
600,4,4,3
601,4,4,4
602,4,4,3
603,4,4,5
604,4,4,3
605,4,4,5
606,4,4,4
607,4,4,3
608,4,4,4
609,4,4,5
610,4,4,5
611,4,4,4
612,4,4,5
613,4,4,4
614,5,4,4
615,6,4,5
616,6,5,6
617,6,5,5
618,6,5,6
619,6,6,8
620,7,6,7
621,6,6,7
622,4,4,3
623,6,6,8
624,6,6,7
625,6,6,8
626,6,6,6
627,7,6,8
628,6,6,10
629,6,6,8
630,6,6,9
631,6,6,8
632,7,6,10
633,7,6,7
634,7,6,8
635,7,6,10
636,7,6,10
637,7,6,10
638,7,6,10
639,7,6,9
640,7,6,10
641,7,6,10
642,7,6,9
643,7,6,10
644,7,6,10
645,7,6,9
646,7,6,10
647,7,6,10
648,7,7,11
649,7,6,10
650,7,6,10
651,7,6,10
652,7,6,10
653,6,6,10
654,6,6,10
655,6,6,10
656,6,6,9
657,6,6,10
658,6,6,10
659,6,6,10
660,6,6,10
661,6,6,9
662,6,6,10
663,7,6,10
664,7,6,10
665,7,6,10
666,7,6,9
667,7,6,10
668,7,6,9
669,7,6,9
670,7,6,9
671,7,6,9
672,7,6,9
673,7,6,10
674,7,6,10
675,7,6,10
676,7,6,10
677,7,6,9
678,7,6,10
679,7,6,10
680,7,7,12
681,6,6,10
682,6,6,10
683,7,7,12
684,7,7,12
685,7,7,12
686,6,6,8
687,7,7,12
688,7,7,11
689,7,6,10
690,7,6,10
691,7,6,10
692,7,6,10
693,7,6,9
694,7,6,8
695,7,6,9
696,7,6,10
697,7,6,10
698,7,6,8
699,7,6,9
700,7,6,10
701,7,6,10
702,7,6,9
703,7,6,10
704,7,6,10
705,7,6,9
706,7,6,10
707,7,6,9
708,6,6,10
709,6,6,10
710,6,6,10
711,6,6,10
712,6,6,10
713,6,6,10
714,6,6,10
715,6,6,9
716,6,6,10
717,6,6,7
718,8,8,12
719,8,8,14
720,8,8,15
721,10,10,16
722,10,10,18
723,10,10,19
724,10,10,19
725,10,9,18
726,10,9,17
727,10,9,18
728,10,9,18
729,10,9,17
730,10,10,19
731,9,9,17
732,9,9,18
733,9,9,17
734,9,9,18
735,9,9,18
736,9,9,18
737,9,9,18
738,9,9,18
739,9,9,18
740,9,9,18
741,9,9,18
742,9,9,18
743,9,9,17
744,10,9,17
745,9,9,17
746,9,9,17
747,10,9,17
748,10,9,18
749,10,9,18
750,10,9,18
751,10,9,17
752,10,9,18
753,10,9,18
754,10,9,18
755,10,9,18
756,10,9,18
757,10,9,18
758,10,9,17
759,10,9,18
760,10,9,18
761,10,9,18
762,10,9,18
763,10,9,17
764,10,9,18
765,9,9,18
766,9,9,18
767,9,9,17
768,10,9,18
769,10,9,18
770,10,9,18
771,10,9,18
772,10,9,18
773,10,9,18
774,10,9,18
775,10,9,17
776,10,9,18
777,10,10,21
778,10,10,19
779,10,10,21
780,10,10,21
781,10,10,21
782,10,10,21
783,10,10,21
784,10,10,21
785,10,10,21
786,10,10,21
787,10,10,21
788,10,10,21
789,10,10,21
790,10,10,21
791,10,10,21
792,10,10,21
793,10,10,21
794,10,10,20
795,10,10,21
796,10,10,21
797,10,10,21
798,10,10,21
799,10,10,21
800,10,10,21
801,10,10,21
802,10,10,21
803,10,10,21
804,10,10,21
805,10,10,21
806,10,10,21
807,10,10,21
808,10,10,21
809,10,10,21
810,10,10,21
811,10,10,21
812,10,10,21
813,10,10,21
814,10,10,21
815,10,10,21
816,10,10,21
817,10,10,21
818,10,10,21
819,10,10,21
820,10,10,21
821,10,10,21
822,10,10,21
823,10,10,21
824,10,10,21
825,10,10,21
826,10,10,21
827,10,10,21
828,10,10,21
829,10,10,21
830,10,10,21
831,10,10,21
832,10,10,21
833,10,10,20
834,10,10,21
835,10,10,21
836,10,10,20
837,10,10,21
838,10,10,21
839,10,10,20
840,10,10,21
841,10,10,21
842,10,10,21
843,10,10,21
844,10,10,21
845,10,10,21
846,10,10,21
847,10,10,21
848,10,10,21
849,10,10,21
850,10,10,21
851,10,10,21
852,10,10,21
853,10,10,21
854,10,10,21
855,10,10,21
856,10,10,20
857,10,10,20
858,10,10,21
859,10,10,21
860,10,10,21
861,10,10,21
862,10,10,21
863,10,10,21
864,10,10,21
865,10,10,21
866,10,10,21
867,10,10,21
868,10,10,21
869,10,10,21
870,10,10,21
871,10,10,21
872,10,10,20
873,10,10,20
874,10,10,21
875,10,10,21
876,10,10,21
877,10,10,21
878,10,10,20
879,10,10,21
880,10,10,21
881,10,10,21
882,10,10,21
883,10,10,21
884,10,10,21
885,10,10,21
886,10,10,21
887,10,10,21
888,10,10,21
889,10,10,21
890,10,10,21
891,10,10,21
892,10,10,21
893,10,10,21
894,10,10,21
895,10,10,21
896,10,10,20
897,10,10,21
898,10,10,21
899,10,10,21
900,10,10,21
901,10,10,21
902,10,10,21
903,10,10,21
904,10,10,21
905,10,10,21
906,10,10,21
907,10,10,21
908,10,10,21
909,10,10,21
910,10,10,21
911,10,10,21
912,10,10,21
913,10,10,21
914,10,10,21
915,10,10,21
916,10,10,21
917,10,10,21
918,10,10,21
919,10,10,21
920,10,10,21
921,10,10,21
922,10,10,21
923,10,10,21
924,10,10,21
925,10,10,21
926,10,10,21
927,10,10,21
928,10,10,21
929,10,10,21
930,10,10,21
931,10,10,20
932,10,10,21
933,10,10,21
934,10,10,21
935,10,10,21
936,10,10,21
937,10,10,21
938,10,10,20
939,10,10,21
940,10,10,21
941,10,10,21
942,10,10,21
943,10,10,21
944,10,10,21
945,10,10,21
946,10,10,21
947,10,10,21
948,10,10,21
949,10,10,21
950,10,10,21
951,10,10,21
952,10,10,21
953,10,10,21
954,10,10,21
955,10,10,21
956,10,10,21
957,10,10,21
958,10,10,20
959,10,10,21
960,10,10,21
961,10,10,21
962,10,10,21
963,10,10,21
964,10,10,21
965,10,10,21
966,10,10,21
967,10,10,21
968,10,10,21
969,10,10,20
970,10,10,21
971,10,10,21
972,10,10,21
973,10,10,21
974,10,10,21
975,10,10,20
976,10,10,20
977,10,10,21
978,10,10,21
979,10,10,20
980,10,10,21
981,10,10,20
982,10,10,21
983,10,10,21
984,10,10,21
985,10,10,21
986,10,10,21
987,10,10,21
988,10,10,21
989,10,10,21
990,10,10,21
991,10,10,21
992,10,10,21
993,10,10,21
994,10,10,21
995,10,10,21
996,10,10,21
997,10,10,21
998,10,10,21
999,10,10,21
1000,10,10,21
1001,10,10,21
1002,10,10,20
1003,10,10,21
1004,10,10,21
1005,10,10,21
1006,10,10,21
1007,10,10,21
1008,10,10,21
1009,10,10,21
1010,10,10,21
1011,10,10,21
1012,10,10,20
1013,10,10,21
1014,10,10,21
1015,10,10,21
1016,10,10,21
1017,10,10,21
1018,10,10,21
1019,10,10,21
1020,10,10,20
1021,10,10,21
1022,10,10,21
1023,10,10,21
1024,10,10,21
1025,10,10,21
1026,10,10,21
1027,10,10,21
1028,10,10,21
1029,10,10,21
1030,10,10,21
1031,10,10,21
1032,10,10,21
1033,10,10,21
1034,10,10,21
1035,10,10,20
1036,10,10,20
1037,10,10,20
1038,10,10,20
1039,10,10,21
1040,10,10,20
1041,10,10,21
1042,10,10,21
1043,10,10,21
1044,10,10,21
1045,10,10,21
1046,10,10,21
1047,10,10,21
1048,10,10,21
1049,10,10,21
1050,10,10,21
1051,10,10,21
1052,10,10,20
1053,10,10,21
1054,10,10,21
1055,10,10,21
1056,10,10,21
1057,10,10,21
1058,11,11,23
1059,11,11,25
1060,11,11,25
1061,11,11,25
1062,11,11,25
1063,11,11,25
1064,11,11,25
1065,11,11,23
1066,11,11,24
1067,11,11,25
1068,11,11,25
1069,11,11,25
1070,11,11,25
1071,11,11,25
1072,11,11,25
1073,11,11,25
1074,11,11,25
1075,11,11,25
1076,11,11,25
1077,11,11,25
1078,11,11,25
1079,11,11,25
1080,11,11,25
1081,11,11,25
1082,11,11,25
1083,11,11,25
1084,11,11,25
1085,11,11,25
1086,11,11,25
1087,11,11,24
1088,11,11,25
1089,11,11,25
1090,11,11,25
1091,11,11,25
1092,11,11,25
1093,11,11,25
1094,11,11,25
1095,11,11,25
1096,11,11,25
1097,11,11,24
1098,11,11,24
1099,11,11,24
1100,11,11,25
1101,11,11,25
1102,11,11,25
1103,11,11,25
1104,11,11,25
1105,11,11,25
1106,11,11,25
1107,11,11,25
1108,11,11,25
1109,11,11,25
1110,11,11,25
1111,11,11,25
1112,11,11,25
1113,11,11,25
1114,11,11,25
1115,11,11,25
1116,11,11,25
1117,11,11,25
1118,11,11,25
1119,11,11,25
1120,11,11,25
1121,11,11,25
1122,11,11,25
1123,11,11,25
1124,11,11,25
1125,11,11,25
1126,11,11,25
1127,11,11,25
1128,11,11,25
1129,11,11,25
1130,11,11,25
1131,11,11,25
1132,12,12,30
1133,12,12,30
1134,12,12,30
1135,12,12,29
1136,12,12,30
1137,12,12,30
1138,12,12,29
1139,12,12,30
1140,12,12,30
1141,12,12,30
1142,12,12,30
1143,12,12,30
1144,12,12,30
1145,12,12,30
1146,12,12,30
1147,12,12,30
1148,12,12,30
1149,12,12,30
1150,12,12,30
1151,12,12,30
1152,12,12,30
1153,12,12,30
1154,12,12,30
1155,12,12,30
1156,12,12,30
1157,12,12,30
1158,12,12,30
1159,12,12,30
1160,12,12,30
1161,12,12,30
1162,12,12,30
1163,12,12,30
1164,12,12,30
1165,12,12,30
1166,12,12,30
1167,12,12,30
1168,12,12,30
1169,12,12,30
1170,12,12,30
1171,12,12,30
1172,12,12,30
1173,12,12,30
1174,12,12,30
1175,12,12,30
1176,12,12,30
1177,12,12,30
1178,12,12,30
1179,12,12,30
1180,12,12,30
1181,12,12,30
1182,12,12,30
1183,12,12,30
1184,12,12,30
1185,12,12,30
1186,12,12,30
1187,12,12,30
1188,12,12,30
1189,12,12,30
1190,12,12,30
1191,12,12,30
1192,12,12,30
1193,12,12,30
1194,12,12,30
1195,12,12,30
1196,12,12,30
1197,12,12,30
1198,12,12,30
1199,12,12,30
1200,12,12,30
1201,12,12,30
1202,12,12,30
1203,12,12,30
1204,12,12,30
1205,12,12,30
1206,12,12,30
1207,12,12,30
1208,12,12,30
1209,12,12,30
1210,12,12,30
1211,12,12,30
1212,12,12,30
1213,12,12,30
1214,12,12,30
1215,12,12,30
1216,12,12,30
1217,12,12,30
1218,12,12,30
1219,12,12,30
1220,12,12,30
1221,12,12,30
1222,12,12,30
1223,12,12,30
1224,12,12,30
1225,12,12,30
1226,12,12,30
1227,12,12,30
1228,12,12,30
1229,12,12,30
1230,12,12,30
1231,12,12,28
1232,12,12,30
1233,12,12,30
1234,12,12,30
1235,12,12,30
1236,12,12,30
1237,12,12,30
1238,12,12,30
1239,12,12,30
1240,12,12,30
1241,12,12,30
1242,12,12,30
1243,12,12,30
1244,12,12,30
1245,12,12,30
1246,12,12,30
1247,12,12,30
1248,12,12,30
1249,12,12,30
1250,12,12,30
1251,12,12,30
1252,12,12,30
1253,12,12,30
1254,12,12,30
1255,12,12,29
1256,12,12,30
1257,12,12,30
1258,12,12,30
1259,12,12,30
1260,12,12,30
1261,12,12,30
1262,12,12,30
1263,12,12,30
1264,12,12,30
1265,12,12,30
1266,12,12,30
1267,12,12,30
1268,12,12,30
1269,12,12,30
1270,12,12,30
1271,12,12,30
1272,12,12,30
1273,12,12,30
1274,12,12,30
1275,12,12,30
1276,12,12,30
1277,12,12,30
1278,12,12,30
1279,12,12,30
1280,12,12,30
1281,12,12,30
1282,12,12,30
1283,12,12,30
1284,12,12,30
1285,12,12,30
1286,12,12,30
1287,12,12,30
1288,12,12,30
1289,12,12,30
1290,12,12,30
1291,12,12,29
1292,12,12,30
1293,12,12,30
1294,12,12,30
1295,12,12,30
1296,12,12,30
1297,12,12,30
1298,12,12,30
1299,12,12,30
1300,12,12,30
1301,12,12,30
1302,12,12,30
1303,12,12,30
1304,12,12,30
1305,12,12,30
1306,12,12,30
1307,12,12,30
1308,12,12,30
1309,12,12,30
1310,12,12,30
1311,12,12,30
1312,12,12,30
1313,12,12,30
1314,12,12,30
1315,12,12,30
1316,12,12,30
1317,12,12,30
1318,12,12,30
1319,12,12,30
1320,12,12,30
1321,12,12,30
1322,12,12,30
1323,12,12,30
1324,12,12,30
1325,12,12,30
1326,12,12,30
1327,12,12,30
1328,12,12,30
1329,12,12,30
1330,12,12,30
1331,12,12,30
1332,12,12,30
1333,12,12,30
1334,12,12,30
1335,12,12,30
1336,12,12,30
1337,12,12,30
1338,12,12,30
1339,12,12,30
1340,12,12,30
1341,12,12,30
1342,12,12,30
1343,12,12,30
1344,12,12,30
1345,12,12,30
1346,12,12,30
1347,12,12,30
1348,12,12,30
1349,12,12,30
1350,12,12,30
1351,12,12,30
1352,12,12,30
1353,12,12,30
1354,12,12,30
1355,12,12,30
1356,12,12,30
1357,12,12,30
1358,12,12,30
1359,12,12,30
1360,12,12,30
1361,12,12,30
1362,12,12,30
1363,12,12,30
1364,12,12,30
1365,12,12,30
1366,12,12,30
1367,12,12,30
1368,12,12,30
1369,12,12,30
1370,12,12,30
1371,12,12,30
1372,12,12,30
1373,12,12,30
1374,12,12,30
1375,12,12,30
1376,12,12,30
1377,12,12,30
1378,12,12,30
1379,12,12,30
1380,12,12,30
1381,12,12,30
1382,12,12,30
1383,12,12,30
1384,12,12,30
1385,12,12,30
1386,12,12,30
1387,12,12,30
1388,12,12,30
1389,12,12,30
1390,12,12,30
1391,12,12,30
1392,12,12,30
1393,12,12,30
1394,12,12,30
1395,12,12,30
1396,12,12,30
1397,12,12,30
1398,12,12,30
1399,12,12,30
1400,12,12,30
1401,12,12,30
1402,12,12,30
1403,12,12,30
1404,12,12,30
1405,12,12,30
1406,12,12,30
1407,12,12,30
1408,12,12,30
1409,12,12,30
1410,12,12,30
1411,12,12,30
1412,12,12,30
1413,12,12,30
1414,12,12,30
1415,12,12,30
1416,12,12,30
1417,12,12,30
1418,12,12,30
1419,12,12,30
1420,12,12,30
1421,12,12,30
1422,12,12,30
1423,12,12,30
1424,12,12,30
1425,12,12,30
1426,12,12,30
1427,12,12,30
1428,12,12,30
1429,12,12,30
1430,12,12,30
1431,12,12,30
1432,12,12,30
1433,12,12,30
1434,12,12,30
1435,12,12,30
1436,12,12,30
1437,12,12,30
1438,12,12,30
1439,12,12,30
1440,12,12,30
1441,12,12,30
1442,12,12,30
1443,12,12,30
1444,12,12,30
1445,12,12,30
1446,12,12,30
1447,12,12,30
1448,12,12,30
1449,12,12,30
1450,12,12,30
1451,12,12,30
1452,12,12,30
1453,12,12,30
1454,12,12,30
1455,12,12,30
1456,12,12,30
1457,12,12,30
1458,12,12,30
1459,12,12,30
1460,12,12,30
1461,12,12,30
1462,12,12,30
1463,12,12,30
1464,12,12,30
1465,12,12,30
1466,12,12,30
1467,12,12,30
1468,12,12,30
1469,12,12,30
1470,12,12,30
1471,12,12,30
1472,12,12,30
1473,12,12,30
1474,12,12,30
1475,12,12,29
1476,12,12,30
1477,12,12,30
1478,12,12,30
1479,12,12,30
1480,12,12,30
1481,12,12,30
1482,12,12,30
1483,12,12,30
1484,12,12,30
1485,12,12,30
1486,12,12,30
1487,12,12,29
1488,12,12,30
1489,12,12,30
1490,12,12,30
1491,12,12,30
1492,12,12,30
1493,12,12,30
1494,12,12,30
1495,12,12,30
1496,12,12,30
1497,12,12,30
1498,12,12,30
1499,12,12,30
1500,12,12,30
1501,12,12,30
1502,12,12,30
1503,12,12,30
1504,12,12,30
1505,12,12,30
1506,12,12,30
1507,12,12,30
1508,12,12,30
1509,12,12,30
1510,12,12,30
1511,12,12,30
1512,12,12,30
1513,12,12,30
1514,12,12,30
1515,12,12,30
1516,12,12,30
1517,12,12,30
1518,12,12,30
1519,12,12,30
1520,12,12,30
1521,12,12,30
1522,12,12,30
1523,12,12,30
1524,12,12,30
1525,12,12,30
1526,12,12,30
1527,12,12,30
1528,12,12,30
1529,12,12,30
1530,12,12,30
1531,12,12,30
1532,12,12,30
1533,12,12,30
1534,12,12,30
1535,12,12,30
1536,12,12,30
1537,12,12,30
1538,12,12,30
1539,12,12,30
1540,12,12,30
1541,12,12,30
1542,12,12,30
1543,12,12,30
1544,12,12,30
1545,12,12,30
1546,12,12,30
1547,12,12,30
1548,12,12,30
1549,12,12,30
1550,12,12,30
1551,12,12,30
1552,12,12,30
1553,12,12,30
1554,12,12,30
1555,12,12,30
1556,12,12,30
1557,12,12,30
1558,12,12,30
1559,12,12,30
1560,12,12,30
1561,12,12,30
1562,12,12,30
1563,12,12,30
1564,12,12,30
1565,12,12,30
1566,12,12,30
1567,12,12,30
1568,12,12,30
1569,12,12,30
1570,12,12,30
1571,12,12,30
1572,12,12,30
1573,12,12,30
1574,12,12,30
1575,12,12,30
1576,12,12,30
1577,12,12,30
1578,12,12,30
1579,12,12,30
1580,12,12,30
1581,12,12,30
1582,12,12,30
1583,12,12,30
1584,12,12,30
1585,12,12,30
1586,12,12,30
1587,12,12,30
1588,12,12,30
1589,12,12,30
1590,12,12,30
1591,12,12,30
1592,12,12,30
1593,12,12,30
1594,12,12,30
1595,12,12,30
1596,12,12,30
1597,12,12,30
1598,12,12,30
1599,12,12,30
1600,12,12,30
1601,12,12,30
1602,12,12,29
1603,12,12,30
1604,12,12,30
1605,12,12,30
1606,12,12,30
1607,12,12,30
1608,12,12,30
1609,12,12,30
1610,12,12,30
1611,12,12,30
1612,12,12,30
1613,12,12,30
1614,12,12,30
1615,12,12,30
1616,12,12,30
1617,12,12,30
1618,12,12,30
1619,12,12,30
1620,12,12,30
1621,12,12,30
1622,12,12,30
1623,12,12,30
1624,12,12,30
1625,12,12,30
1626,12,12,30
1627,12,12,30
1628,12,12,30
1629,12,12,30
1630,12,12,30
1631,12,12,30
1632,12,12,30
1633,12,12,30
1634,12,12,30
1635,12,12,30
1636,12,12,30
1637,12,12,30
1638,12,12,30
1639,12,12,30
1640,12,12,30
1641,12,12,30
1642,12,12,30
1643,12,12,30
1644,12,12,30
1645,12,12,30
1646,12,12,30
1647,12,12,30
1648,12,12,30
1649,12,12,30
1650,12,12,30
1651,12,12,30
1652,12,12,30
1653,12,12,30
1654,12,12,30
1655,12,12,30
1656,12,12,30
1657,12,12,30
1658,12,12,30
1659,12,12,30
1660,12,12,30
1661,12,12,30
1662,12,12,30
1663,12,12,30
1664,12,12,30
1665,12,12,30
1666,12,12,30
1667,12,12,30
1668,12,12,30
1669,12,12,30
1670,12,12,30
1671,12,12,30
1672,12,12,30
1673,12,12,30
1674,12,12,30
1675,12,12,30
1676,12,12,30
1677,12,12,30
1678,12,12,30
1679,12,12,29
1680,12,12,30
1681,12,12,30
1682,12,12,30
1683,12,12,30
1684,12,12,30
1685,12,12,30
1686,12,12,30
1687,12,12,30
1688,12,12,30
1689,12,12,30
1690,12,12,30
1691,12,12,30
1692,12,12,30
1693,12,12,30
1694,12,12,30
1695,12,12,30
1696,12,12,30
1697,12,12,30
1698,12,12,30
1699,12,12,30
1700,12,12,30
1701,12,12,30
1702,12,12,30
1703,12,12,30
1704,12,12,30
1705,12,12,30
1706,12,12,30
1707,12,12,30
1708,12,12,30
1709,12,12,30
1710,12,12,30
1711,12,12,30
1712,12,12,30
1713,12,12,30
1714,12,12,30
1715,12,12,30
1716,12,12,30
1717,12,12,30
1718,12,12,30
1719,12,12,30
1720,12,12,30
1721,12,12,30
1722,12,12,30
1723,12,12,30
1724,12,12,30
1725,12,12,30
1726,12,12,30
1727,12,12,30
1728,12,12,30
1729,12,12,30
1730,12,12,30
1731,12,12,30
1732,12,12,30
1733,12,12,30
1734,12,12,30
1735,12,12,30
1736,12,12,30
1737,12,12,30
1738,12,12,30
1739,12,12,30
1740,12,12,30
1741,12,12,30
1742,12,12,30
1743,12,12,30
1744,12,12,30
1745,12,12,30
1746,12,12,30
1747,12,12,30
1748,12,12,30
1749,12,12,30
1750,12,12,30
1751,12,12,30
1752,12,12,30
1753,12,12,30
1754,12,12,30
1755,12,12,30
1756,12,12,30
1757,12,12,30
1758,12,12,30
1759,12,12,30
1760,12,12,30
1761,12,12,30
1762,12,12,30
1763,12,12,30
1764,12,12,30
1765,12,12,30
1766,12,12,30
1767,12,12,30
1768,12,12,30
1769,12,12,30
1770,12,12,30
1771,12,12,30
1772,12,12,30
1773,12,12,30
1774,12,12,30
1775,12,12,30
1776,12,12,30
1777,12,12,30
1778,12,12,30
1779,12,12,30
1780,12,12,30
1781,12,12,30
1782,12,12,30
1783,12,12,30
1784,12,12,30
1785,12,12,30
1786,12,12,30
1787,12,12,30
1788,12,12,30
1789,12,12,30
1790,12,12,30
1791,12,12,30
1792,12,12,30
1793,12,12,30
1794,12,12,30
1795,12,12,30
1796,12,12,30
1797,12,12,30
1798,12,12,30
1799,12,12,30
1800,12,12,30
1801,12,12,30
1802,12,12,30
1803,12,12,30
1804,12,12,30
1805,12,12,30
1806,12,12,30
1807,12,12,30
1808,12,12,30
1809,12,12,30
1810,12,12,30
1811,12,12,30
1812,12,12,30
1813,12,12,30
1814,12,12,30
1815,12,12,30
1816,12,12,30
1817,12,12,30
1818,12,12,30
1819,12,12,30
1820,12,12,30
1821,12,12,30
1822,12,12,30
1823,12,12,30
1824,12,12,30
1825,12,12,30
1826,12,12,30
1827,12,12,30
1828,12,12,30
1829,12,12,30
1830,12,12,30
1831,12,12,30
1832,12,12,30
1833,12,12,30
1834,12,12,30
1835,12,12,30
1836,12,12,30
1837,12,12,30
1838,12,12,30
1839,12,12,30
1840,12,12,30
1841,12,12,30
1842,12,12,30
1843,12,12,30
1844,12,12,30
1845,12,12,30
1846,12,12,30
1847,12,12,30
1848,12,12,30
1849,12,12,30
1850,12,12,30
1851,12,12,30
1852,12,12,30
1853,12,12,30
1854,12,12,30
1855,12,12,30
1856,12,12,30
1857,12,12,30
1858,12,12,30
1859,12,12,30
1860,12,12,30
1861,12,12,30
1862,12,12,30
1863,12,12,30
1864,12,12,30
1865,12,12,30
1866,12,12,30
1867,12,12,30
1868,12,12,30
1869,12,12,30
1870,12,12,30
1871,12,12,30
1872,12,12,30
1873,12,12,30
1874,12,12,30
1875,12,12,30
1876,12,12,30
1877,12,12,30
1878,12,12,30
1879,12,12,30
1880,12,12,30
1881,12,12,30
1882,12,12,30
1883,12,12,30
1884,12,12,30
1885,12,12,30
1886,12,12,30
1887,12,12,30
1888,12,12,30
1889,12,12,30
1890,12,12,30
1891,12,12,30
1892,12,12,30
1893,12,12,30
1894,12,12,30
1895,12,12,30
1896,12,12,30
1897,12,12,30
1898,12,12,30
1899,12,12,30
1900,12,12,30
1901,12,12,30
1902,12,12,30
1903,12,12,30
1904,12,12,30
1905,12,12,30
1906,12,12,30
1907,12,12,30
1908,12,12,30
1909,12,12,30
1910,12,12,30
1911,12,12,30
1912,12,12,30
1913,12,12,30
1914,12,12,30
1915,12,12,30
1916,12,12,30
1917,12,12,30
1918,12,12,30
1919,12,12,30
1920,12,12,30
1921,12,12,30
1922,12,12,30
1923,12,12,30
1924,12,12,30
1925,12,12,30
1926,12,12,30
1927,12,12,30
1928,12,12,30
1929,12,12,30
1930,12,12,30
1931,12,12,30
1932,12,12,30
1933,12,12,30
1934,12,12,30
1935,12,12,30
1936,12,12,30
1937,12,12,30
1938,12,12,30
1939,12,12,30
1940,12,12,30
1941,12,12,30
1942,12,12,30
1943,12,12,30
1944,12,12,30
1945,12,12,30
1946,12,12,30
1947,12,12,30
1948,12,12,30
1949,12,12,30
1950,12,12,30
1951,12,12,30
1952,12,12,30
1953,12,12,30
1954,12,12,30
1955,12,12,30
1956,12,12,30
1957,12,12,30
1958,12,12,30
1959,12,12,30
1960,12,12,30
1961,12,12,30
1962,12,12,30
1963,12,12,30
1964,12,12,30
1965,12,12,30
1966,12,12,30
1967,12,12,30
1968,12,12,30
1969,12,12,30
1970,12,12,30
1971,12,12,30
1972,12,12,30
1973,12,12,30
1974,12,12,30
1975,12,12,30
1976,12,12,30
1977,12,12,30
1978,12,12,30
1979,12,12,30
1980,12,12,30
1981,12,12,30
1982,12,12,30
1983,12,12,30
1984,12,12,30
1985,12,12,30
1986,12,12,30
1987,12,12,30
1988,12,12,30
1989,12,12,30
1990,12,12,30
1991,12,12,30
1992,12,12,30
1993,12,12,30
1994,12,12,30
1995,12,12,30
1996,12,12,30
1997,12,12,30
1998,12,12,30
1999,12,12,30
