0,0,0,0
1,1,0,0
2,2,0,0
3,1,0,0
4,1,0,0
5,1,0,0
6,1,0,0
7,1,0,0
8,2,0,0
9,1,0,0
10,2,0,0
11,3,0,0
12,1,0,0
13,1,0,0
14,1,0,0
15,2,0,0
16,1,0,0
17,2,0,0
18,2,0,0
19,2,0,0
20,2,0,0
21,2,0,0
22,2,0,0
23,2,0,0
24,2,0,0
25,3,0,0
26,2,0,0
27,1,0,0
28,1,0,0
29,3,0,0
30,3,0,0
31,3,0,0
32,3,0,0
33,4,0,0
34,3,0,0
35,4,0,0
36,3,0,0
37,3,0,0
38,3,0,0
39,3,0,0
40,3,0,0
41,2,0,0
42,3,0,0
43,3,0,0
44,3,2,1
45,3,2,1
46,3,2,1
47,3,2,1
48,3,2,1
49,3,0,0
50,3,0,0
51,2,0,0
52,2,0,0
53,2,0,0
54,1,0,0
55,1,0,0
56,1,0,0
57,1,0,0
58,1,0,0
59,1,0,0
60,1,0,0
61,3,0,0
62,2,0,0
63,2,0,0
64,1,0,0
65,1,0,0
66,1,0,0
67,2,0,0
68,2,0,0
69,2,0,0
70,2,0,0
71,2,0,0
72,2,0,0
73,3,0,0
74,2,0,0
75,3,0,0
76,3,0,0
77,3,0,0
78,3,0,0
79,3,2,1
80,2,2,1
81,3,0,0
82,3,0,0
83,3,0,0
84,2,0,0
85,3,0,0
86,2,0,0
87,2,0,0
88,3,2,1
89,3,0,0
90,2,0,0
91,3,0,0
92,3,0,0
93,2,0,0
94,2,0,0
95,1,0,0
96,1,0,0
97,1,0,0
98,1,0,0
99,1,0,0
100,1,0,0
101,2,0,0
102,2,0,0
103,1,0,0
104,1,0,0
105,1,0,0
106,3,0,0
107,2,0,0
108,3,0,0
109,3,0,0
110,3,0,0
111,3,0,0
112,3,0,0
113,3,0,0
114,4,0,0
115,4,0,0
116,4,0,0
117,4,0,0
118,4,2,1
119,4,2,1
120,4,2,1
121,3,2,1
122,3,0,0
123,4,2,1
124,3,0,0
125,3,0,0
126,2,0,0
127,3,0,0
128,3,0,0
129,2,0,0
130,1,0,0
131,3,0,0
132,2,0,0
133,2,0,0
134,2,2,1
135,2,0,0
136,3,0,0
137,3,0,0
138,3,0,0
139,3,0,0
140,4,0,0
141,2,2,1
142,2,0,0
143,2,0,0
144,1,0,0
145,1,0,0
146,1,0,0
147,1,0,0
148,1,0,0
149,0,0,0
150,0,0,0
151,2,0,0
152,1,0,0
153,1,0,0
154,1,0,0
155,1,0,0
156,2,0,0
157,1,0,0
158,2,0,0
159,2,0,0
160,1,0,0
161,1,0,0
162,1,0,0
163,1,0,0
164,2,0,0
165,1,0,0
166,1,0,0
167,2,0,0
168,2,0,0
169,2,0,0
170,2,0,0
171,2,0,0
172,2,0,0
173,3,0,0
174,3,0,0
175,3,0,0
176,3,0,0
177,3,0,0
178,3,0,0
179,3,0,0
180,3,2,1
181,3,2,1
182,3,0,0
183,3,0,0
184,3,0,0
185,4,0,0
186,4,0,0
187,3,0,0
188,3,0,0
189,3,0,0
190,3,0,0
191,3,0,0
192,3,0,0
193,3,0,0
194,3,2,1
195,3,2,1
196,3,2,1
197,3,0,0
198,3,0,0
199,3,3,2
200,3,3,2
201,3,3,2
202,3,0,0
203,3,0,0
204,3,0,0
205,3,0,0
206,3,0,0
207,3,0,0
208,3,0,0
209,2,0,0
210,2,0,0
211,3,0,0
212,2,0,0
213,2,0,0
214,2,0,0
215,4,0,0
216,1,0,0
217,1,0,0
218,1,0,0
219,1,0,0
220,1,0,0
221,1,0,0
222,2,0,0
223,1,0,0
224,1,0,0
225,1,0,0
226,1,0,0
227,1,0,0
228,1,0,0
229,1,0,0
230,1,0,0
231,1,0,0
232,1,0,0
233,2,0,0
234,2,0,0
235,2,0,0
236,3,0,0
237,3,0,0
238,3,0,0
239,3,0,0
240,3,0,0
241,4,0,0
242,3,0,0
243,3,0,0
244,2,0,0
245,3,0,0
246,3,0,0
247,2,0,0
248,2,0,0
249,1,0,0
250,2,0,0
251,2,0,0
252,1,0,0
253,1,0,0
254,1,0,0
255,1,0,0
256,1,0,0
257,1,0,0
258,1,0,0
259,1,0,0
260,1,0,0
261,1,0,0
262,2,0,0
263,2,0,0
264,2,0,0
265,2,0,0
266,2,0,0
267,3,0,0
268,1,0,0
269,2,0,0
270,1,0,0
271,1,0,0
272,1,0,0
273,1,0,0
274,1,0,0
275,1,0,0
276,1,0,0
277,1,0,0
278,1,0,0
279,1,0,0
280,2,0,0
281,2,0,0
282,2,0,0
283,2,0,0
284,2,0,0
285,2,0,0
286,2,0,0
287,2,0,0
288,3,0,0
289,1,0,0
290,2,0,0
291,2,0,0
292,2,0,0
293,2,0,0
294,1,0,0
295,2,0,0
296,2,0,0
297,4,0,0
298,3,2,1
299,3,0,0
300,3,0,0
301,3,3,3
302,4,2,1
303,4,2,1
304,4,0,0
305,4,0,0
306,4,2,1
307,4,0,0
308,3,0,0
309,3,3,2
310,3,3,2
311,3,3,2
312,3,3,2
313,3,3,2
314,3,3,3
315,3,3,3
316,4,4,3
317,4,4,4
318,4,4,3
319,4,3,3
320,4,3,2
321,5,4,3
322,5,4,4
323,5,4,4
324,5,4,5
325,6,4,5
326,6,5,6
327,6,4,5
328,5,4,4
329,5,4,5
330,5,4,5
331,6,4,4
332,4,4,5
333,4,4,4
334,4,3,2
335,4,4,4
336,4,4,4
337,4,4,5
338,4,4,5
339,4,4,5
340,4,4,5
341,4,4,5
342,4,4,5
343,4,4,5
344,4,4,5
345,4,4,5
346,4,4,4
347,4,4,5
348,4,4,4
349,4,4,5
350,5,4,5
351,4,4,5
352,4,4,4
353,4,4,3
354,4,4,4
355,4,4,5
356,4,4,5
357,4,4,5
358,4,4,5
359,4,4,5
360,4,4,4
361,4,4,4
362,4,4,5
363,4,4,3
364,4,4,4
365,4,4,4
366,4,4,5
367,4,4,5
368,4,4,5
369,4,4,5
370,3,3,2
371,4,4,3
372,4,4,4
373,4,4,5
374,4,4,4
375,4,4,5
376,4,4,5
377,4,4,5
378,5,4,5
379,5,4,5
380,5,4,5
381,5,4,5
382,6,4,5
383,6,5,6
384,6,5,6
385,6,6,6
386,6,6,8
387,6,6,8
388,6,6,7
389,6,5,7
390,6,5,6
391,6,6,8
392,6,6,9
393,6,6,9
394,6,6,9
395,6,6,9
396,6,6,8
397,6,6,9
398,6,6,9
399,6,6,9
400,6,6,8
401,6,6,8
402,6,6,9
403,6,6,8
404,6,6,9
405,6,6,8
406,6,6,9
407,6,6,9
408,6,6,9
409,6,6,9
410,6,6,9
411,6,6,9
412,6,6,9
413,6,6,8
414,6,6,9
415,7,6,8
416,7,6,9
417,7,7,11
418,7,7,10
419,7,7,11
420,7,7,11
421,6,6,8
422,7,7,11
423,7,7,11
424,7,7,11
425,7,7,10
426,7,7,11
427,7,7,11
428,6,6,9
429,6,6,8
430,7,7,11
431,7,7,11
432,7,7,10
433,7,7,10
434,7,7,11
435,7,7,11
436,7,7,10
437,7,7,11
438,7,7,11
439,7,7,11
440,7,7,11
441,7,7,10
442,7,7,11
443,7,7,11
444,7,7,11
445,7,7,11
446,7,7,10
447,7,7,10
448,7,7,11
449,6,6,9
450,7,7,11
451,8,8,12
452,8,7,12
453,7,7,12
454,8,8,13
455,8,8,14
456,8,8,14
457,8,8,14
458,8,8,14
459,8,8,13
460,8,8,14
461,8,8,14
462,8,8,13
463,8,8,14
464,8,8,14
465,8,8,14
466,8,8,14
467,8,8,14
468,8,8,14
469,8,8,14
470,8,8,14
471,8,8,14
472,8,8,13
473,8,8,14
474,8,8,14
475,8,8,14
476,8,8,13
477,8,8,14
478,8,8,14
479,8,8,14
480,8,8,14
481,8,8,14
482,8,8,14
483,8,8,14
484,8,8,14
485,8,8,14
486,8,8,14
487,8,7,11
488,7,7,12
489,7,7,10
490,8,8,11
491,7,7,11
492,7,7,12
493,7,7,12
494,7,7,12
495,8,7,12
496,7,7,12
497,7,7,12
498,7,7,12
499,7,7,12
500,7,7,12
501,7,7,12
502,7,7,12
503,7,7,12
504,7,7,12
505,7,7,12
506,7,7,12
507,6,6,10
508,7,7,11
509,7,7,12
510,7,7,9
511,7,7,12
512,7,7,12
513,7,7,12
514,7,7,12
515,7,7,12
516,7,7,12
517,7,7,12
518,7,7,12
519,7,7,12
520,7,7,12
521,7,7,12
522,7,7,11
523,7,7,12
524,7,7,11
525,7,7,12
526,7,7,12
527,7,7,12
528,7,7,12
529,7,7,12
530,7,7,12
531,7,7,12
532,7,7,12
533,7,7,12
534,7,7,12
535,7,7,12
536,7,7,12
537,7,7,12
538,7,7,12
539,7,7,12
540,7,7,12
541,7,7,12
542,7,7,12
543,7,7,10
544,7,7,11
545,7,7,11
546,7,7,12
547,7,7,12
548,7,7,12
549,7,7,12
550,7,7,12
551,7,7,12
552,7,7,10
553,7,7,11
554,7,7,11
555,7,7,12
556,7,7,12
557,7,7,12
558,7,7,11
559,7,7,12
560,7,7,11
561,7,7,12
562,7,7,12
563,8,7,12
564,7,7,12
565,7,7,12
566,7,7,12
567,7,7,12
568,7,7,12
569,7,7,12
570,7,7,12
571,7,7,12
572,7,7,12
573,7,7,11
574,7,7,12
575,7,7,12
576,7,7,12
577,7,7,12
578,7,7,12
579,7,7,12
580,7,7,12
581,7,7,12
582,8,7,12
583,8,7,12
584,8,7,12
585,8,7,11
586,8,7,11
587,8,8,13
588,8,7,11
589,8,7,11
590,7,7,12
591,7,7,12
592,7,7,12
593,7,7,12
594,7,7,12
595,7,7,12
596,7,7,10
597,7,7,10
598,7,7,12
599,7,7,11
600,7,7,12
601,7,7,12
602,7,7,12
603,7,7,12
604,7,7,12
605,7,7,12
606,7,7,12
607,7,7,11
608,7,7,12
609,7,7,11
610,7,7,11
611,7,7,10
612,7,7,11
613,7,7,12
614,7,7,12
615,7,7,12
616,8,8,15
617,8,8,13
618,8,8,15
619,8,8,15
620,8,8,15
621,8,8,14
622,8,8,15
623,8,8,15
624,8,8,15
625,8,8,14
626,8,8,15
627,8,8,15
628,8,8,15
629,8,8,15
630,8,8,15
631,8,8,15
632,8,8,15
633,8,8,15
634,8,8,15
635,8,8,14
636,8,8,14
637,8,8,14
638,7,7,12
639,8,8,14
640,8,8,15
641,8,8,15
642,8,8,14
643,8,8,15
644,8,8,15
645,8,8,15
646,8,8,15
647,8,8,15
648,8,8,15
649,8,8,15
650,8,8,15
651,8,8,15
652,9,8,15
653,9,8,15
654,9,8,15
655,9,8,15
656,9,8,15
657,9,8,15
658,9,8,14
659,9,8,15
660,9,8,15
661,9,8,15
662,9,8,15
663,9,8,14
664,9,8,15
665,9,8,15
666,9,8,15
667,9,8,15
668,9,8,15
669,9,8,15
670,9,8,15
671,9,8,15
672,9,8,15
673,9,8,15
674,9,8,15
675,9,9,18
676,9,9,16
677,9,9,16
678,9,9,18
679,9,9,17
680,9,9,18
681,9,9,18
682,9,9,18
683,9,9,18
684,9,9,18
685,9,9,16
686,9,9,18
687,10,9,18
688,10,9,18
689,9,9,18
690,10,9,18
691,10,9,17
692,10,9,18
693,10,9,18
694,10,9,18
695,10,9,18
696,10,9,18
697,10,9,18
698,10,9,18
699,10,9,18
700,10,9,18
701,10,9,18
702,10,9,18
703,10,9,18
704,10,9,18
705,10,9,18
706,10,9,18
707,10,9,18
708,10,9,18
709,10,9,18
710,10,9,18
711,10,9,18
712,10,9,17
713,10,10,20
714,10,10,21
715,10,10,21
716,10,10,21
717,10,10,21
718,10,10,21
719,10,10,21
720,10,10,21
721,10,10,21
722,10,10,21
723,10,10,21
724,10,10,20
725,10,10,20
726,10,10,21
727,10,10,21
728,10,10,21
729,10,10,21
730,10,10,21
731,10,10,21
732,10,10,21
733,10,10,20
734,10,10,21
735,10,10,21
736,10,10,21
737,10,10,21
738,10,10,21
739,10,10,20
740,10,10,21
741,10,10,21
742,10,10,21
743,10,10,20
744,10,10,21
745,10,10,21
746,10,10,21
747,10,10,21
748,10,10,21
749,10,10,21
750,10,10,21
751,10,10,21
752,10,10,21
753,10,10,21
754,10,10,21
755,10,10,20
756,10,10,21
757,9,9,18
758,10,10,21
759,10,10,21
760,10,10,21
761,10,10,21
762,10,10,21
763,10,10,21
764,10,10,21
765,10,10,21
766,10,10,21
767,10,10,21
768,10,10,21
769,10,10,21
770,10,10,21
771,10,10,20
772,10,10,21
773,10,10,21
774,10,10,21
775,10,10,21
776,10,10,20
777,10,10,21
778,10,10,21
779,10,10,21
780,10,10,21
781,10,10,21
782,10,10,21
783,10,10,20
784,10,10,21
785,10,10,21
786,10,10,21
787,10,10,21
788,10,10,21
789,10,10,20
790,10,10,21
791,10,10,21
792,10,10,21
793,10,10,21
794,10,10,21
795,10,10,21
796,10,10,21
797,10,10,21
798,10,10,21
799,10,10,21
800,10,10,20
801,10,10,20
802,10,10,20
803,10,10,21
804,10,10,21
805,10,10,21
806,10,10,21
807,10,10,21
808,10,10,21
809,10,10,21
810,10,10,21
811,10,10,21
812,10,10,21
813,10,10,21
814,10,10,21
815,10,10,21
816,10,10,21
817,10,10,21
818,10,10,21
819,10,10,20
820,10,10,21
821,10,10,21
822,10,10,21
823,10,10,21
824,10,10,21
825,10,10,21
826,10,10,21
827,10,10,21
828,10,10,20
829,10,10,21
830,10,10,21
831,10,10,21
832,10,10,21
833,10,10,21
834,10,10,21
835,10,10,21
836,10,10,21
837,10,10,21
838,10,10,21
839,10,10,20
840,10,10,21
841,10,10,21
842,10,10,21
843,10,10,21
844,10,10,21
845,10,10,21
846,10,10,21
847,10,10,21
848,10,10,21
849,10,10,21
850,11,11,25
851,11,11,25
852,11,11,25
853,11,11,25
854,11,11,25
855,11,11,25
856,11,11,25
857,11,11,25
858,11,11,25
859,11,11,25
860,11,11,25
861,11,11,25
862,11,11,25
863,11,11,25
864,11,11,25
865,11,11,25
866,11,11,25
867,11,11,25
868,11,11,25
869,11,11,25
870,11,11,25
871,11,11,25
872,11,11,25
873,11,11,25
874,11,11,25
875,11,11,25
876,11,11,25
877,11,11,25
878,11,11,25
879,11,11,25
880,11,11,25
881,11,11,25
882,11,11,25
883,11,11,25
884,11,11,25
885,11,11,25
886,11,11,25
887,11,11,25
888,11,11,25
889,11,11,25
890,11,11,25
891,11,11,25
892,11,11,24
893,11,11,25
894,11,11,25
895,11,11,25
896,11,11,25
897,11,11,25
898,11,11,25
899,11,11,25
900,11,11,25
901,11,11,25
902,11,11,25
903,11,11,25
904,11,11,25
905,11,11,25
906,11,11,25
907,11,11,25
908,11,11,25
909,11,11,25
910,11,11,24
911,11,11,25
912,11,11,25
913,11,11,25
914,11,11,25
915,11,11,25
916,11,11,25
917,11,11,25
918,11,11,25
919,11,11,25
920,11,11,25
921,11,11,25
922,11,11,25
923,11,11,25
924,11,11,25
925,11,11,25
926,11,11,25
927,11,11,25
928,11,11,25
929,11,11,25
930,11,11,25
931,11,11,25
932,11,11,23
933,11,11,24
934,11,11,24
935,11,11,25
936,11,11,25
937,11,11,25
938,11,11,25
939,11,11,25
940,11,11,25
941,11,11,25
942,11,11,25
943,11,11,25
944,11,11,25
945,11,11,25
946,11,11,25
947,11,11,25
948,11,11,25
949,11,11,25
950,11,11,25
951,11,11,25
952,11,11,24
953,11,11,25
954,11,11,25
955,11,11,25
956,11,11,25
957,11,11,25
958,11,11,25
959,11,11,25
960,11,11,25
961,11,11,25
962,11,11,25
963,11,11,25
964,11,11,25
965,11,11,25
966,11,11,25
967,11,11,25
968,11,11,25
969,11,11,25
970,11,11,25
971,11,11,25
972,11,11,25
973,11,11,25
974,11,11,25
975,11,11,25
976,11,11,25
977,11,11,25
978,11,11,25
979,11,11,25
980,11,11,25
981,11,11,25
982,11,11,25
983,11,11,25
984,11,11,25
985,11,11,25
986,11,11,25
987,11,11,24
988,11,11,25
989,11,11,24
990,11,11,25
991,11,11,25
992,11,11,25
993,11,11,25
994,11,11,25
995,11,11,25
996,11,11,25
997,11,11,25
998,11,11,25
999,11,11,24
1000,11,11,25
1001,11,11,25
1002,11,11,25
1003,11,11,25
1004,11,11,25
1005,11,11,25
1006,11,11,25
1007,11,11,25
1008,11,11,25
1009,11,11,25
1010,11,11,25
1011,11,11,25
1012,11,11,25
1013,11,11,25
1014,11,11,25
1015,11,11,25
1016,11,11,25
1017,11,11,25
1018,11,11,25
1019,11,11,25
1020,11,11,25
1021,11,11,25
1022,11,11,25
1023,11,11,25
1024,11,11,25
1025,11,11,25
1026,11,11,25
1027,11,11,25
1028,11,11,25
1029,11,11,25
1030,11,11,25
1031,11,11,25
1032,11,11,25
1033,11,11,25
1034,11,11,25
1035,11,11,25
1036,11,11,25
1037,11,11,25
1038,11,11,25
1039,11,11,25
1040,11,11,25
1041,11,11,25
1042,11,11,25
1043,11,11,25
1044,11,11,25
1045,11,11,25
1046,11,11,25
1047,11,11,25
1048,11,11,25
1049,11,11,25
1050,11,11,25
1051,11,11,25
1052,11,11,25
1053,11,11,25
1054,11,11,25
1055,11,11,25
1056,11,11,25
1057,11,11,25
1058,11,11,25
1059,11,11,25
1060,11,11,25
1061,11,11,25
1062,11,11,25
1063,11,11,25
1064,11,11,25
1065,11,11,25
1066,11,11,25
1067,11,11,25
1068,11,11,25
1069,11,11,25
1070,11,11,25
1071,11,11,25
1072,11,11,25
1073,11,11,25
1074,11,11,25
1075,11,11,25
1076,11,11,25
1077,11,11,25
1078,11,11,25
1079,11,11,25
1080,11,11,24
1081,11,11,25
1082,11,11,25
1083,11,11,25
1084,11,11,25
1085,11,11,25
1086,11,11,25
1087,11,11,25
1088,11,11,25
1089,11,11,25
1090,11,11,25
1091,11,11,25
1092,11,11,25
1093,11,11,25
1094,11,11,25
1095,11,11,25
1096,11,11,25
1097,11,11,24
1098,11,11,25
1099,11,11,25
1100,11,11,25
1101,11,11,25
1102,11,11,25
1103,11,11,25
1104,11,11,24
1105,11,11,25
1106,11,11,25
1107,11,11,25
1108,11,11,25
1109,11,11,25
1110,11,11,25
1111,11,11,25
1112,11,11,25
1113,11,11,25
1114,11,11,25
1115,11,11,25
1116,11,11,25
1117,11,11,25
1118,11,11,25
1119,11,11,25
1120,11,11,25
1121,11,11,25
1122,11,11,25
1123,11,11,25
1124,11,11,25
1125,11,11,25
1126,11,11,25
1127,11,11,25
1128,11,11,25
1129,11,11,25
1130,11,11,25
1131,11,11,25
1132,11,11,25
1133,11,11,25
1134,11,11,25
1135,11,11,25
1136,11,11,25
1137,11,11,25
1138,11,11,25
1139,11,11,25
1140,11,11,25
1141,11,11,25
1142,11,11,25
1143,11,11,25
1144,11,11,25
1145,11,11,25
1146,11,11,25
1147,11,11,25
1148,11,11,25
1149,11,11,25
1150,11,11,25
1151,11,11,25
1152,11,11,25
1153,11,11,25
1154,11,11,25
1155,11,11,25
1156,11,11,25
1157,11,11,25
1158,11,11,25
1159,11,11,25
1160,11,11,25
1161,11,11,25
1162,11,11,25
1163,11,11,25
1164,11,11,25
1165,11,11,25
1166,11,11,25
1167,11,11,25
1168,11,11,25
1169,11,11,25
1170,11,11,25
1171,11,11,25
1172,11,11,25
1173,11,11,25
1174,11,11,25
1175,11,11,25
1176,11,11,25
1177,11,11,25
1178,11,11,25
1179,11,11,25
1180,11,11,25
1181,11,11,25
1182,11,11,25
1183,11,11,25
1184,11,11,25
1185,11,11,24
1186,11,11,25
1187,11,11,25
1188,11,11,25
1189,11,11,25
1190,11,11,25
1191,11,11,24
1192,11,11,25
1193,11,11,25
1194,11,11,25
1195,11,11,25
1196,11,11,25
1197,11,11,25
1198,11,11,25
1199,11,11,25
1200,11,11,25
1201,11,11,25
1202,11,11,25
1203,11,11,25
1204,11,11,25
1205,11,11,25
1206,11,11,25
1207,11,11,25
1208,11,11,25
1209,11,11,25
1210,11,11,25
1211,11,11,25
1212,11,11,25
1213,11,11,25
1214,11,11,25
1215,11,11,25
1216,11,11,25
1217,11,11,25
1218,11,11,25
1219,11,11,24
1220,11,11,25
1221,11,11,25
1222,11,11,25
1223,11,11,25
1224,11,11,25
1225,11,11,25
1226,11,11,25
1227,11,11,25
1228,11,11,25
1229,11,11,24
1230,11,11,25
1231,11,11,25
1232,11,11,25
1233,11,11,25
1234,11,11,25
1235,11,11,25
1236,11,11,25
1237,11,11,25
1238,11,11,25
1239,11,11,25
1240,11,11,25
1241,11,11,25
1242,11,11,25
1243,11,11,25
1244,11,11,25
1245,11,11,25
1246,11,11,25
1247,11,11,25
1248,11,11,25
1249,11,11,25
1250,11,11,25
1251,11,11,25
1252,11,11,25
1253,11,11,25
1254,11,11,25
1255,11,11,25
1256,11,11,25
1257,11,11,25
1258,11,11,25
1259,11,11,25
1260,11,11,25
1261,11,11,25
1262,11,11,25
1263,11,11,25
1264,11,11,25
1265,11,11,24
1266,11,11,25
1267,11,11,25
1268,11,11,25
1269,11,11,25
1270,11,11,25
1271,11,11,25
1272,11,11,25
1273,11,11,25
1274,11,11,25
1275,11,11,25
1276,11,11,25
1277,11,11,25
1278,11,11,25
1279,11,11,25
1280,11,11,25
1281,11,11,25
1282,11,11,25
1283,11,11,25
1284,11,11,25
1285,11,11,25
1286,11,11,25
1287,11,11,25
1288,11,11,25
1289,11,11,25
1290,11,11,25
1291,11,11,25
1292,11,11,25
1293,11,11,25
1294,11,11,25
1295,11,11,25
1296,11,11,25
1297,11,11,25
1298,11,11,25
1299,11,11,25
1300,11,11,25
1301,11,11,25
1302,11,11,25
1303,11,11,24
1304,11,11,25
1305,11,11,25
1306,11,11,25
1307,11,11,25
1308,11,11,25
1309,11,11,25
1310,11,11,25
1311,11,11,25
1312,11,11,25
1313,11,11,25
1314,11,11,25
1315,11,11,25
1316,11,11,25
1317,11,11,25
1318,11,11,25
1319,11,11,25
1320,11,11,25
1321,11,11,25
1322,11,11,25
1323,11,11,25
1324,11,11,25
1325,11,11,25
1326,11,11,25
1327,11,11,25
1328,11,11,25
1329,11,11,25
1330,11,11,25
1331,11,11,25
1332,11,11,25
1333,11,11,25
1334,11,11,25
1335,11,11,25
1336,11,11,25
1337,11,11,25
1338,11,11,25
1339,11,11,25
1340,11,11,25
1341,11,11,25
1342,11,11,25
1343,11,11,25
1344,11,11,25
1345,11,11,25
1346,11,11,25
1347,11,11,25
1348,11,11,25
1349,11,11,25
1350,11,11,25
1351,11,11,25
1352,11,11,25
1353,11,11,25
1354,11,11,25
1355,11,11,25
1356,11,11,25
1357,11,11,25
1358,11,11,25
1359,11,11,25
1360,11,11,25
1361,11,11,25
1362,11,11,25
1363,11,11,25
1364,11,11,25
1365,11,11,25
1366,11,11,25
1367,11,11,25
1368,11,11,25
1369,11,11,25
1370,11,11,25
1371,11,11,25
1372,11,11,25
1373,11,11,25
1374,11,11,25
1375,11,11,25
1376,11,11,25
1377,11,11,25
1378,11,11,25
1379,11,11,25
1380,11,11,25
1381,11,11,25
1382,11,11,25
1383,11,11,25
1384,11,11,25
1385,11,11,25
1386,11,11,25
1387,11,11,25
1388,11,11,25
1389,11,11,25
1390,11,11,25
1391,11,11,25
1392,11,11,25
1393,11,11,25
1394,11,11,25
1395,11,11,25
1396,11,11,25
1397,11,11,25
1398,11,11,25
1399,11,11,25
1400,11,11,25
1401,11,11,25
1402,11,11,25
1403,11,11,25
1404,11,11,24
1405,11,11,25
1406,11,11,25
1407,11,11,25
1408,11,11,25
1409,11,11,25
1410,11,11,25
1411,11,11,25
1412,11,11,25
1413,11,11,25
1414,11,11,25
1415,11,11,25
1416,11,11,25
1417,11,11,25
1418,11,11,25
1419,11,11,25
1420,11,11,25
1421,11,11,25
1422,11,11,25
1423,11,11,25
1424,11,11,25
1425,11,11,25
1426,11,11,25
1427,11,11,25
1428,11,11,25
1429,11,11,25
1430,11,11,25
1431,11,11,25
1432,11,11,25
1433,11,11,25
1434,11,11,24
1435,11,11,25
1436,11,11,25
1437,11,11,25
1438,11,11,25
1439,11,11,25
1440,11,11,25
1441,11,11,25
1442,11,11,25
1443,12,12,27
1444,12,12,30
1445,12,12,29
1446,12,12,30
1447,12,12,30
1448,12,12,30
1449,12,12,30
1450,12,12,30
1451,12,12,30
1452,12,12,30
1453,12,12,30
1454,12,12,30
1455,12,12,30
1456,12,12,30
1457,12,12,30
1458,12,12,30
1459,12,12,30
1460,12,12,30
1461,12,12,30
1462,12,12,30
1463,12,12,30
1464,12,12,30
1465,12,12,30
1466,12,12,30
1467,12,12,30
1468,12,12,30
1469,12,12,30
1470,12,12,30
1471,12,12,30
1472,12,12,30
1473,12,12,30
1474,12,12,30
1475,12,12,30
1476,12,12,30
1477,12,12,30
1478,12,12,30
1479,12,12,30
1480,12,12,30
1481,12,12,30
1482,12,12,30
1483,12,12,30
1484,12,12,30
1485,12,12,30
1486,12,12,30
1487,12,12,30
1488,12,12,30
1489,12,12,30
1490,12,12,30
1491,12,12,30
1492,12,12,30
1493,12,12,30
1494,12,12,30
1495,12,12,30
1496,12,12,30
1497,12,12,30
1498,12,12,30
1499,12,12,30
1500,12,12,30
1501,12,12,30
1502,12,12,30
1503,12,12,30
1504,12,12,30
1505,12,12,30
1506,12,12,30
1507,12,12,30
1508,12,12,30
1509,12,12,30
1510,12,12,30
1511,12,12,30
1512,12,12,30
1513,12,12,30
1514,12,12,30
1515,12,12,30
1516,12,12,30
1517,12,12,30
1518,12,12,30
1519,12,12,30
1520,12,12,30
1521,12,12,30
1522,12,12,30
1523,12,12,30
1524,12,12,30
1525,12,12,30
1526,12,12,30
1527,12,12,30
1528,12,12,30
1529,12,12,30
1530,12,12,30
1531,12,12,30
1532,12,12,30
1533,12,12,30
1534,12,12,30
1535,12,12,30
1536,12,12,30
1537,12,12,30
1538,12,12,30
1539,12,12,30
1540,12,12,30
1541,12,12,30
1542,12,12,30
1543,12,12,30
1544,12,12,30
1545,12,12,30
1546,12,12,30
1547,12,12,30
1548,12,12,30
1549,12,12,30
1550,12,12,30
1551,12,12,30
1552,12,12,30
1553,12,12,30
1554,12,12,30
1555,12,12,30
1556,12,12,30
1557,12,12,30
1558,12,12,30
1559,12,12,30
1560,12,12,30
1561,12,12,30
1562,12,12,30
1563,12,12,30
1564,12,12,30
1565,12,12,30
1566,12,12,30
1567,12,12,30
1568,12,12,30
1569,12,12,30
1570,12,12,30
1571,12,12,30
1572,12,12,30
1573,12,12,30
1574,12,12,30
1575,12,12,30
1576,12,12,30
1577,12,12,30
1578,12,12,30
1579,12,12,30
1580,12,12,30
1581,12,12,30
1582,12,12,30
1583,12,12,30
1584,12,12,30
1585,12,12,30
1586,12,12,30
1587,12,12,30
1588,12,12,30
1589,12,12,30
1590,12,12,30
1591,12,12,30
1592,12,12,30
1593,12,12,30
1594,12,12,30
1595,12,12,30
1596,12,12,30
1597,12,12,30
1598,12,12,30
1599,12,12,30
1600,12,12,30
1601,12,12,30
1602,12,12,30
1603,12,12,30
1604,12,12,30
1605,12,12,30
1606,12,12,30
1607,12,12,30
1608,12,12,30
1609,12,12,30
1610,12,12,30
1611,12,12,30
1612,12,12,30
1613,12,12,30
1614,12,12,30
1615,12,12,30
1616,12,12,30
1617,12,12,29
1618,12,12,30
1619,12,12,30
1620,12,12,30
1621,12,12,30
1622,12,12,30
1623,12,12,30
1624,12,12,30
1625,12,12,30
1626,12,12,30
1627,12,12,30
1628,12,12,30
1629,12,12,30
1630,12,12,30
1631,12,12,30
1632,12,12,30
1633,12,12,30
1634,12,12,30
1635,12,12,30
1636,12,12,30
1637,12,12,30
1638,12,12,30
1639,12,12,30
1640,12,12,30
1641,12,12,30
1642,12,12,30
1643,12,12,30
1644,12,12,30
1645,12,12,30
1646,12,12,30
1647,12,12,30
1648,12,12,30
1649,12,12,30
1650,12,12,30
1651,12,12,30
1652,12,12,30
1653,12,12,30
1654,12,12,30
1655,12,12,30
1656,12,12,30
1657,12,12,30
1658,12,12,30
1659,12,12,30
1660,12,12,30
1661,12,12,30
1662,12,12,30
1663,12,12,30
1664,12,12,30
1665,12,12,30
1666,12,12,30
1667,12,12,30
1668,12,12,30
1669,12,12,30
1670,12,12,30
1671,12,12,30
1672,12,12,30
1673,12,12,30
1674,12,12,30
1675,12,12,30
1676,12,12,30
1677,12,12,30
1678,12,12,30
1679,12,12,30
1680,12,12,30
1681,12,12,30
1682,12,12,30
1683,12,12,30
1684,12,12,30
1685,12,12,30
1686,12,12,30
1687,12,12,30
1688,12,12,30
1689,12,12,30
1690,12,12,30
1691,12,12,30
1692,12,12,30
1693,12,12,30
1694,12,12,30
1695,12,12,30
1696,12,12,30
1697,12,12,30
1698,12,12,30
1699,12,12,30
1700,12,12,30
1701,12,12,30
1702,12,12,30
1703,12,12,30
1704,12,12,30
1705,12,12,30
1706,12,12,30
1707,12,12,30
1708,12,12,30
1709,12,12,30
1710,12,12,30
1711,12,12,30
1712,12,12,30
1713,12,12,30
1714,12,12,30
1715,12,12,30
1716,12,12,30
1717,12,12,30
1718,12,12,30
1719,12,12,30
1720,12,12,30
1721,12,12,30
1722,12,12,30
1723,12,12,30
1724,12,12,30
1725,12,12,30
1726,12,12,30
1727,12,12,30
1728,12,12,30
1729,12,12,30
1730,12,12,30
1731,12,12,30
1732,12,12,30
1733,12,12,30
1734,12,12,30
1735,12,12,30
1736,12,12,30
1737,12,12,30
1738,12,12,30
1739,12,12,30
1740,12,12,30
1741,12,12,30
1742,12,12,30
1743,12,12,30
1744,12,12,30
1745,12,12,30
1746,12,12,30
1747,12,12,30
1748,12,12,30
1749,12,12,30
1750,12,12,30
1751,12,12,30
1752,12,12,30
1753,12,12,30
1754,12,12,30
1755,12,12,30
1756,12,12,30
1757,12,12,30
1758,12,12,30
1759,12,12,30
1760,12,12,30
1761,12,12,30
1762,12,12,30
1763,12,12,30
1764,12,12,30
1765,12,12,30
1766,12,12,30
1767,12,12,30
1768,12,12,30
1769,12,12,30
1770,12,12,30
1771,12,12,30
1772,12,12,30
1773,12,12,30
1774,12,12,30
1775,12,12,30
1776,12,12,30
1777,12,12,30
1778,12,12,30
1779,12,12,30
1780,12,12,30
1781,12,12,30
1782,12,12,30
1783,12,12,30
1784,12,12,30
1785,12,12,30
1786,12,12,30
1787,12,12,30
1788,12,12,30
1789,12,12,30
1790,12,12,30
1791,12,12,30
1792,12,12,30
1793,12,12,30
1794,12,12,30
1795,12,12,30
1796,12,12,30
1797,12,12,30
1798,12,12,30
1799,12,12,30
1800,12,12,30
1801,12,12,30
1802,12,12,30
1803,12,12,30
1804,12,12,30
1805,12,12,30
1806,12,12,30
1807,12,12,30
1808,12,12,30
1809,12,12,30
1810,12,12,30
1811,12,12,30
1812,12,12,30
1813,12,12,30
1814,12,12,30
1815,12,12,30
1816,12,12,30
1817,12,12,30
1818,12,12,30
1819,12,12,30
1820,12,12,30
1821,12,12,30
1822,12,12,30
1823,12,12,30
1824,12,12,30
1825,12,12,30
1826,12,12,30
1827,12,12,30
1828,12,12,30
1829,12,12,30
1830,12,12,30
1831,12,12,30
1832,12,12,30
1833,12,12,30
1834,12,12,30
1835,12,12,30
1836,12,12,30
1837,12,12,30
1838,12,12,30
1839,12,12,30
1840,12,12,30
1841,12,12,30
1842,12,12,30
1843,12,12,30
1844,12,12,30
1845,12,12,30
1846,12,12,30
1847,12,12,30
1848,12,12,30
1849,12,12,30
1850,12,12,30
1851,12,12,30
1852,12,12,30
1853,12,12,30
1854,12,12,30
1855,12,12,30
1856,12,12,30
1857,12,12,30
1858,12,12,30
1859,12,12,30
1860,12,12,30
1861,12,12,30
1862,12,12,30
1863,12,12,30
1864,12,12,30
1865,12,12,30
1866,12,12,30
1867,12,12,30
1868,12,12,30
1869,12,12,30
1870,12,12,30
1871,12,12,30
1872,12,12,30
1873,12,12,30
1874,12,12,30
1875,12,12,30
1876,12,12,30
1877,12,12,30
1878,12,12,30
1879,12,12,30
1880,12,12,30
1881,12,12,30
1882,12,12,30
1883,12,12,30
1884,12,12,30
1885,12,12,30
1886,12,12,30
1887,12,12,30
1888,12,12,30
1889,12,12,30
1890,12,12,30
1891,12,12,30
1892,12,12,30
1893,12,12,30
1894,12,12,30
1895,12,12,30
1896,12,12,30
1897,12,12,30
1898,12,12,30
1899,12,12,30
1900,12,12,30
1901,12,12,30
1902,12,12,30
1903,12,12,30
1904,12,12,30
1905,12,12,29
1906,12,12,30
1907,12,12,30
1908,12,12,30
1909,12,12,30
1910,12,12,30
1911,12,12,30
1912,12,12,30
1913,12,12,30
1914,12,12,30
1915,12,12,30
1916,12,12,30
1917,12,12,30
1918,12,12,30
1919,12,12,30
1920,12,12,30
1921,12,12,30
1922,12,12,30
1923,12,12,30
1924,12,12,30
1925,12,12,30
1926,12,12,30
1927,12,12,30
1928,12,12,30
1929,12,12,30
1930,12,12,30
1931,12,12,30
1932,12,12,30
1933,12,12,30
1934,12,12,30
1935,12,12,30
1936,12,12,30
1937,12,12,30
1938,12,12,30
1939,12,12,30
1940,12,12,30
1941,12,12,30
1942,12,12,30
1943,12,12,29
1944,12,12,30
1945,12,12,30
1946,12,12,30
1947,12,12,30
1948,12,12,30
1949,12,12,30
1950,12,12,30
1951,12,12,30
1952,12,12,30
1953,12,12,30
1954,12,12,30
1955,12,12,30
1956,12,12,30
1957,12,12,30
1958,12,12,30
1959,12,12,30
1960,12,12,30
1961,12,12,30
1962,12,12,30
1963,12,12,30
1964,12,12,30
1965,12,12,30
1966,12,12,30
1967,12,12,30
1968,12,12,30
1969,12,12,30
1970,12,12,30
1971,12,12,30
1972,12,12,30
1973,12,12,30
1974,12,12,30
1975,12,12,30
1976,12,12,30
1977,12,12,30
1978,12,12,30
1979,12,12,30
1980,12,12,30
1981,12,12,30
1982,12,12,30
1983,12,12,30
1984,12,12,30
1985,12,12,30
1986,12,12,30
1987,12,12,30
1988,12,12,30
1989,12,12,30
1990,12,12,30
1991,12,12,30
1992,12,12,30
1993,12,12,30
1994,12,12,30
1995,12,12,30
1996,12,12,30
1997,12,12,30
1998,12,12,30
1999,12,12,30
