0,0,0,0
1,1,0,0
2,1,0,0
3,1,0,0
4,1,0,0
5,1,0,0
6,2,0,0
7,2,0,0
8,2,0,0
9,3,0,0
10,2,0,0
11,1,0,0
12,1,0,0
13,1,0,0
14,1,0,0
15,1,0,0
16,1,0,0
17,1,0,0
18,2,0,0
19,3,0,0
20,2,0,0
21,2,0,0
22,2,0,0
23,2,0,0
24,2,0,0
25,2,2,1
26,2,0,0
27,2,0,0
28,3,0,0
29,3,0,0
30,1,0,0
31,1,0,0
32,0,0,0
33,0,0,0
34,0,0,0
35,1,0,0
36,2,0,0
37,2,0,0
38,1,0,0
39,1,0,0
40,1,0,0
41,2,0,0
42,2,0,0
43,2,0,0
44,2,0,0
45,2,0,0
46,2,0,0
47,1,0,0
48,2,0,0
49,3,0,0
50,3,0,0
51,4,0,0
52,3,0,0
53,3,0,0
54,2,0,0
55,2,0,0
56,2,0,0
57,2,0,0
58,2,0,0
59,2,0,0
60,2,0,0
61,2,0,0
62,2,0,0
63,2,0,0
64,2,0,0
65,2,0,0
66,2,0,0
67,2,0,0
68,1,0,0
69,1,0,0
70,2,0,0
71,2,0,0
72,2,0,0
73,2,2,1
74,2,0,0
75,2,2,1
76,2,0,0
77,2,0,0
78,1,0,0
79,1,0,0
80,1,0,0
81,1,0,0
82,1,0,0
83,2,0,0
84,2,0,0
85,3,0,0
86,3,0,0
87,3,0,0
88,2,0,0
89,2,0,0
90,2,0,0
91,2,0,0
92,2,0,0
93,2,0,0
94,2,0,0
95,2,0,0
96,1,0,0
97,2,0,0
98,2,0,0
99,2,0,0
100,1,0,0
101,1,0,0
102,0,0,0
103,0,0,0
104,0,0,0
105,0,0,0
106,0,0,0
107,0,0,0
108,0,0,0
109,0,0,0
110,0,0,0
111,0,0,0
112,0,0,0
113,0,0,0
114,3,0,0
115,2,0,0
116,3,0,0
117,2,0,0
118,1,0,0
119,1,0,0
120,2,0,0
121,2,0,0
122,2,0,0
123,1,0,0
124,3,0,0
125,2,0,0
126,1,0,0
127,1,0,0
128,3,0,0
129,3,0,0
130,3,0,0
131,3,2,1
132,3,2,1
133,3,2,1
134,3,2,1
135,3,2,1
136,3,2,1
137,3,2,1
138,3,2,1
139,3,2,1
140,2,2,1
141,2,2,1
142,2,2,1
143,2,2,1
144,2,2,1
145,2,2,1
146,2,2,1
147,3,2,1
148,3,2,1
149,2,0,0
150,2,0,0
151,2,0,0
152,2,0,0
153,2,0,0
154,3,0,0
155,4,0,0
156,3,0,0
157,4,0,0
158,3,0,0
159,3,2,1
160,2,0,0
161,2,0,0
162,2,0,0
163,2,0,0
164,2,0,0
165,3,0,0
166,3,0,0
167,3,0,0
168,3,0,0
169,3,0,0
170,3,0,0
171,3,0,0
172,3,0,0
173,3,0,0
174,3,0,0
175,3,0,0
176,4,0,0
177,3,0,0
178,3,0,0
179,3,0,0
180,3,0,0
181,3,0,0
182,3,0,0
183,3,0,0
184,2,0,0
185,2,0,0
186,4,0,0
187,3,0,0
188,3,0,0
189,3,0,0
190,3,0,0
191,2,0,0
192,2,0,0
193,2,0,0
194,2,0,0
195,2,0,0
196,3,0,0
197,3,0,0
198,3,2,1
199,3,0,0
200,3,0,0
201,3,0,0
202,2,0,0
203,2,0,0
204,2,0,0
205,2,0,0
206,2,0,0
207,2,0,0
208,2,0,0
209,2,0,0
210,2,0,0
211,2,0,0
212,2,0,0
213,2,0,0
214,2,0,0
215,2,0,0
216,2,0,0
217,2,0,0
218,2,0,0
219,2,0,0
220,3,0,0
221,3,2,1
222,3,0,0
223,3,0,0
224,3,0,0
225,3,0,0
226,2,0,0
227,2,0,0
228,1,0,0
229,1,0,0
230,1,0,0
231,1,0,0
232,2,0,0
233,2,0,0
234,2,0,0
235,2,0,0
236,3,0,0
237,2,0,0
238,2,0,0
239,2,0,0
240,2,0,0
241,2,0,0
242,2,0,0
243,2,0,0
244,2,0,0
245,2,0,0
246,2,0,0
247,2,0,0
248,2,0,0
249,2,0,0
250,3,0,0
251,3,0,0
252,3,0,0
253,3,0,0
254,3,0,0
255,3,0,0
256,3,0,0
257,3,2,1
258,2,0,0
259,2,0,0
260,2,0,0
261,2,0,0
262,2,0,0
263,2,0,0
264,3,0,0
265,3,0,0
266,2,0,0
267,2,0,0
268,2,2,1
269,2,0,0
270,2,0,0
271,2,0,0
272,2,2,1
273,2,0,0
274,3,0,0
275,3,2,1
276,3,2,1
277,3,2,1
278,3,2,1
279,3,2,1
280,3,2,1
281,3,2,1
282,3,0,0
283,3,3,2
284,3,3,2
285,3,3,3
286,3,3,3
287,3,3,3
288,3,3,3
289,3,3,3
290,3,2,1
291,3,2,1
292,3,3,2
293,3,3,2
294,3,2,1
295,3,2,1
296,4,3,2
297,4,2,1
298,5,2,1
299,4,0,0
300,3,0,0
301,3,0,0
302,3,0,0
303,3,2,1
304,3,2,1
305,3,2,1
306,3,0,0
307,3,0,0
308,3,0,0
309,2,0,0
310,3,0,0
311,2,0,0
312,2,0,0
313,2,0,0
314,2,0,0
315,3,0,0
316,3,0,0
317,3,0,0
318,3,0,0
319,2,0,0
320,2,0,0
321,2,0,0
322,2,0,0
323,2,0,0
324,2,0,0
325,3,0,0
326,1,0,0
327,2,0,0
328,2,0,0
329,2,0,0
330,2,0,0
331,3,0,0
332,2,0,0
333,2,0,0
334,2,0,0
335,2,0,0
336,3,0,0
337,2,0,0
338,2,0,0
339,2,0,0
340,2,0,0
341,2,0,0
342,2,0,0
343,2,0,0
344,2,0,0
345,2,0,0
346,2,0,0
347,2,0,0
348,1,0,0
349,1,0,0
350,1,0,0
351,1,0,0
352,1,0,0
353,2,0,0
354,1,0,0
355,1,0,0
356,1,0,0
357,2,0,0
358,2,0,0
359,2,0,0
360,2,0,0
361,3,0,0
362,2,0,0
363,2,0,0
364,2,0,0
365,2,0,0
366,3,0,0
367,3,0,0
368,4,0,0
369,3,2,1
370,3,0,0
371,3,0,0
372,2,0,0
373,3,0,0
374,3,0,0
375,3,0,0
376,3,2,1
377,3,0,0
378,4,0,0
379,4,0,0
380,4,0,0
381,4,2,1
382,4,0,0
383,3,0,0
384,3,0,0
385,2,0,0
386,2,0,0
387,2,0,0
388,3,0,0
389,3,0,0
390,4,2,1
391,3,0,0
392,3,0,0
393,4,0,0
394,3,0,0
395,4,0,0
396,3,0,0
397,4,0,0
398,4,0,0
399,4,2,1
400,4,2,1
401,4,2,1
402,5,2,1
403,4,2,1
404,4,2,1
405,4,2,1
406,5,0,0
407,3,0,0
408,3,0,0
409,4,0,0
410,3,0,0
411,2,0,0
412,2,0,0
413,2,0,0
414,2,0,0
415,2,0,0
416,2,0,0
417,2,0,0
418,2,0,0
419,2,0,0
420,2,2,1
421,2,2,1
422,3,2,1
423,3,2,1
424,3,2,1
425,3,2,1
426,2,0,0
427,3,0,0
428,4,0,0
429,3,0,0
430,4,2,1
431,4,0,0
432,3,3,3
433,3,3,3
434,3,3,3
435,3,3,2
436,3,3,2
437,4,3,3
438,4,3,3
439,4,3,2
440,4,3,2
441,4,3,2
442,4,3,3
443,4,3,2
444,4,3,3
445,4,3,3
446,4,3,3
447,4,3,2
448,4,3,2
449,4,3,3
450,4,3,3
451,4,3,3
452,4,4,4
453,4,4,4
454,4,3,3
455,4,4,4
456,4,4,5
457,4,4,4
458,4,4,5
459,4,3,3
460,4,4,4
461,4,4,4
462,4,0,0
463,4,3,2
464,4,2,1
465,4,2,1
466,4,3,2
467,4,3,2
468,4,3,2
469,4,0,0
470,4,2,1
471,4,0,0
472,3,2,1
473,3,2,1
474,3,0,0
475,3,0,0
476,3,0,0
477,3,0,0
478,3,0,0
479,3,0,0
480,2,0,0
481,2,0,0
482,2,2,1
483,2,0,0
484,2,0,0
485,2,2,1
486,2,0,0
487,2,0,0
488,3,2,1
489,3,2,1
490,3,0,0
491,3,0,0
492,2,0,0
493,1,0,0
494,1,0,0
495,1,0,0
496,1,0,0
497,1,0,0
498,1,0,0
499,1,0,0
500,1,0,0
501,1,0,0
502,1,0,0
503,1,0,0
504,2,0,0
505,2,2,1
506,2,2,1
507,2,0,0
508,3,0,0
509,2,2,1
510,2,0,0
511,3,0,0
512,2,0,0
513,4,0,0
514,4,2,1
515,4,0,0
516,4,0,0
517,3,0,0
518,3,2,1
519,3,0,0
520,3,0,0
521,3,0,0
522,3,0,0
523,2,0,0
524,2,0,0
525,2,0,0
526,2,0,0
527,2,0,0
528,2,0,0
529,2,0,0
530,2,0,0
531,2,0,0
532,2,0,0
533,3,0,0
534,3,0,0
535,2,0,0
536,2,0,0
537,3,0,0
538,3,0,0
539,3,0,0
540,3,0,0
541,2,0,0
542,2,0,0
543,3,0,0
544,2,0,0
545,2,0,0
546,2,0,0
547,2,0,0
548,2,2,1
549,3,2,1
550,3,2,1
551,3,0,0
552,3,2,1
553,3,2,1
554,3,0,0
555,3,0,0
556,3,2,1
557,3,0,0
558,3,0,0
559,3,2,1
560,2,0,0
561,2,0,0
562,2,0,0
563,2,0,0
564,2,2,1
565,2,0,0
566,2,0,0
567,2,0,0
568,2,0,0
569,2,0,0
570,2,0,0
571,2,0,0
572,2,2,1
573,2,0,0
574,2,0,0
575,2,0,0
576,2,0,0
577,2,2,1
578,2,0,0
579,2,0,0
580,2,0,0
581,2,0,0
582,2,0,0
583,2,0,0
584,3,0,0
585,3,0,0
586,3,0,0
587,3,0,0
588,3,0,0
589,3,0,0
590,3,0,0
591,3,0,0
592,2,0,0
593,2,2,1
594,2,0,0
595,3,0,0
596,4,0,0
597,3,0,0
598,3,0,0
599,3,2,1
600,2,0,0
601,2,0,0
602,2,0,0
603,1,0,0
604,1,0,0
605,1,0,0
606,0,0,0
607,0,0,0
608,0,0,0
609,0,0,0
610,3,0,0
611,3,0,0
612,2,0,0
613,1,0,0
614,2,0,0
615,2,0,0
616,2,0,0
617,2,0,0
618,2,0,0
619,2,0,0
620,2,0,0
621,2,0,0
622,2,0,0
623,2,0,0
624,2,0,0
625,2,0,0
626,2,0,0
627,2,0,0
628,2,0,0
629,2,0,0
630,2,0,0
631,2,0,0
632,2,0,0
633,2,0,0
634,2,0,0
635,2,0,0
636,3,0,0
637,3,0,0
638,2,0,0
639,2,2,1
640,4,2,1
641,2,0,0
642,2,0,0
643,3,0,0
644,3,0,0
645,3,0,0
646,2,0,0
647,2,0,0
648,2,0,0
649,2,0,0
650,2,0,0
651,2,0,0
652,3,0,0
653,3,0,0
654,2,0,0
655,2,0,0
656,2,0,0
657,2,0,0
658,2,0,0
659,1,0,0
660,1,0,0
661,2,0,0
662,2,0,0
663,1,0,0
664,1,0,0
665,1,0,0
666,1,0,0
667,1,0,0
668,1,0,0
669,0,0,0
670,0,0,0
671,2,0,0
672,1,0,0
673,1,0,0
674,2,0,0
675,1,0,0
676,1,0,0
677,1,0,0
678,1,0,0
679,1,0,0
680,1,0,0
681,2,0,0
682,2,0,0
683,2,0,0
684,2,0,0
685,1,0,0
686,1,0,0
687,0,0,0
688,1,0,0
689,1,0,0
690,1,0,0
691,1,0,0
692,1,0,0
693,2,0,0
694,2,0,0
695,2,0,0
696,2,0,0
697,2,0,0
698,2,0,0
699,2,0,0
700,2,0,0
701,2,0,0
702,2,0,0
703,2,0,0
704,2,0,0
705,2,0,0
706,2,0,0
707,2,0,0
708,3,0,0
709,2,0,0
710,2,0,0
711,2,0,0
712,2,0,0
713,2,0,0
714,2,0,0
715,2,0,0
716,2,0,0
717,1,0,0
718,1,0,0
719,1,0,0
720,1,0,0
721,1,0,0
722,1,0,0
723,1,0,0
724,1,0,0
725,2,0,0
726,3,0,0
727,3,0,0
728,3,0,0
729,3,0,0
730,2,0,0
731,3,0,0
732,2,2,1
733,2,0,0
734,2,0,0
735,2,0,0
736,2,0,0
737,3,0,0
738,2,0,0
739,2,0,0
740,1,0,0
741,1,0,0
742,1,0,0
743,1,0,0
744,1,0,0
745,3,0,0
746,3,0,0
747,2,0,0
748,2,0,0
749,3,0,0
750,3,0,0
751,2,0,0
752,2,0,0
753,2,0,0
754,2,0,0
755,2,0,0
756,2,0,0
757,2,0,0
758,2,0,0
759,1,0,0
760,1,0,0
761,1,0,0
762,1,0,0
763,1,0,0
764,1,0,0
765,1,0,0
766,2,0,0
767,1,0,0
768,2,0,0
769,1,0,0
770,2,0,0
771,2,0,0
772,1,0,0
773,1,0,0
774,1,0,0
775,2,0,0
776,2,0,0
777,2,0,0
778,3,0,0
779,4,0,0
780,4,0,0
781,2,0,0
782,1,0,0
783,1,0,0
784,2,0,0
785,2,0,0
786,2,0,0
787,2,0,0
788,2,0,0
789,2,0,0
790,2,0,0
791,2,0,0
792,2,0,0
793,2,0,0
794,2,0,0
795,2,0,0
796,2,0,0
797,3,0,0
798,3,0,0
799,3,0,0
800,3,2,1
801,3,2,1
802,3,0,0
803,3,0,0
804,3,0,0
805,3,0,0
806,3,0,0
807,3,0,0
808,3,0,0
809,3,0,0
810,4,0,0
811,3,2,1
812,3,2,1
813,3,0,0
814,3,0,0
815,2,0,0
816,2,0,0
817,3,0,0
818,2,0,0
819,2,0,0
820,2,0,0
821,3,0,0
822,2,0,0
823,3,0,0
824,4,0,0
825,4,0,0
826,4,0,0
827,3,0,0
828,3,0,0
829,4,0,0
830,4,0,0
831,4,2,1
832,4,0,0
833,4,0,0
834,4,0,0
835,3,0,0
836,3,0,0
837,3,0,0
838,3,0,0
839,3,0,0
840,3,0,0
841,2,0,0
842,3,0,0
843,2,0,0
844,3,0,0
845,1,0,0
846,1,0,0
847,1,0,0
848,1,0,0
849,1,0,0
850,2,0,0
851,2,0,0
852,2,0,0
853,2,0,0
854,2,0,0
855,2,0,0
856,1,0,0
857,1,0,0
858,1,0,0
859,2,0,0
860,2,0,0
861,2,0,0
862,2,0,0
863,3,0,0
864,2,0,0
865,3,0,0
866,3,0,0
867,4,0,0
868,4,0,0
869,3,0,0
870,2,0,0
871,2,0,0
872,2,0,0
873,2,0,0
874,2,0,0
875,2,0,0
876,2,0,0
877,2,0,0
878,2,2,1
879,2,0,0
880,2,2,1
881,2,2,1
882,2,2,1
883,2,0,0
884,2,2,1
885,2,0,0
886,2,0,0
887,2,0,0
888,2,0,0
889,2,0,0
890,2,2,1
891,2,0,0
892,2,0,0
893,2,0,0
894,2,0,0
895,3,0,0
896,3,0,0
897,3,0,0
898,3,0,0
899,4,0,0
900,4,2,1
901,4,2,1
902,4,0,0
903,4,0,0
904,4,0,0
905,4,0,0
906,4,0,0
907,4,0,0
908,4,0,0
909,4,2,1
910,4,3,3
911,4,3,3
912,4,3,2
913,4,3,3
914,4,3,2
915,4,3,3
916,4,3,2
917,4,3,3
918,4,3,2
919,4,3,3
920,4,3,2
921,4,3,2
922,4,3,2
923,4,3,3
924,4,3,3
925,4,3,3
926,4,3,3
927,4,3,2
928,4,3,3
929,4,3,3
930,4,3,3
931,4,3,3
932,4,3,3
933,4,3,3
934,4,3,3
935,3,3,3
936,3,3,3
937,3,3,2
938,3,3,2
939,3,3,3
940,3,3,2
941,3,3,2
942,3,2,1
943,3,0,0
944,3,0,0
945,3,0,0
946,3,0,0
947,3,0,0
948,2,0,0
949,3,0,0
950,3,0,0
951,3,0,0
952,3,0,0
953,3,2,1
954,3,0,0
955,3,0,0
956,3,0,0
957,3,0,0
958,3,0,0
959,3,2,1
960,3,2,1
961,3,2,1
962,3,2,1
963,4,0,0
964,3,0,0
965,2,0,0
966,2,0,0
967,3,2,1
968,3,0,0
969,3,0,0
970,3,0,0
971,3,0,0
972,3,0,0
973,4,0,0
974,4,0,0
975,3,0,0
976,2,0,0
977,2,0,0
978,2,0,0
979,2,0,0
980,2,0,0
981,2,2,1
982,2,0,0
983,2,0,0
984,2,0,0
985,2,0,0
986,3,0,0
987,3,0,0
988,3,0,0
989,2,0,0
990,2,0,0
991,3,0,0
992,3,0,0
993,2,0,0
994,2,0,0
995,1,0,0
996,1,0,0
997,1,0,0
998,1,0,0
999,1,0,0
1000,1,0,0
1001,2,0,0
1002,1,0,0
1003,1,0,0
1004,1,0,0
1005,1,0,0
1006,1,0,0
1007,1,0,0
1008,1,0,0
1009,1,0,0
1010,1,0,0
1011,1,0,0
1012,1,0,0
1013,1,0,0
1014,1,0,0
1015,1,0,0
1016,1,0,0
1017,1,0,0
1018,1,0,0
1019,1,0,0
1020,1,0,0
1021,1,0,0
1022,1,0,0
1023,1,0,0
1024,1,0,0
1025,2,0,0
1026,1,0,0
1027,1,0,0
1028,1,0,0
1029,1,0,0
1030,0,0,0
1031,0,0,0
1032,0,0,0
1033,0,0,0
1034,1,0,0
1035,1,0,0
1036,2,0,0
1037,2,0,0
1038,1,0,0
1039,2,0,0
1040,2,0,0
1041,3,0,0
1042,2,0,0
1043,2,0,0
1044,2,0,0
1045,2,0,0
1046,2,2,1
1047,2,0,0
1048,2,0,0
1049,2,0,0
1050,2,0,0
1051,2,0,0
1052,2,0,0
1053,2,0,0
1054,1,0,0
1055,1,0,0
1056,1,0,0
1057,1,0,0
1058,1,0,0
1059,1,0,0
1060,1,0,0
1061,1,0,0
1062,2,0,0
1063,2,0,0
1064,2,0,0
1065,3,0,0
1066,3,0,0
1067,3,0,0
1068,3,0,0
1069,2,0,0
1070,2,0,0
1071,2,0,0
1072,1,0,0
1073,1,0,0
1074,2,0,0
1075,1,0,0
1076,1,0,0
1077,1,0,0
1078,1,0,0
1079,2,0,0
1080,1,0,0
1081,1,0,0
1082,1,0,0
1083,1,0,0
1084,2,0,0
1085,2,0,0
1086,1,0,0
1087,1,0,0
1088,2,0,0
1089,2,0,0
1090,2,0,0
1091,2,0,0
1092,3,0,0
1093,2,0,0
1094,2,0,0
1095,2,0,0
1096,2,0,0
1097,3,0,0
1098,2,0,0
1099,2,0,0
1100,2,0,0
1101,2,0,0
1102,2,0,0
1103,2,0,0
1104,2,0,0
1105,2,0,0
1106,3,0,0
1107,3,0,0
1108,3,0,0
1109,3,2,1
1110,4,2,1
1111,4,0,0
1112,4,0,0
1113,4,0,0
1114,4,2,1
1115,4,0,0
1116,3,3,2
1117,3,0,0
1118,3,0,0
1119,3,0,0
1120,3,0,0
1121,3,0,0
1122,3,0,0
1123,3,0,0
1124,3,0,0
1125,3,0,0
1126,4,0,0
1127,4,0,0
1128,4,0,0
1129,4,0,0
1130,2,0,0
1131,2,0,0
1132,3,0,0
1133,3,0,0
1134,3,0,0
1135,3,0,0
1136,3,0,0
1137,3,0,0
1138,3,0,0
1139,4,0,0
1140,3,0,0
1141,3,0,0
1142,3,2,1
1143,3,2,1
1144,2,0,0
1145,2,0,0
1146,3,0,0
1147,3,0,0
1148,3,0,0
1149,3,0,0
1150,3,0,0
1151,3,0,0
1152,3,0,0
1153,2,0,0
1154,3,0,0
1155,3,0,0
1156,3,0,0
1157,2,0,0
1158,3,0,0
1159,3,2,1
1160,3,0,0
1161,3,0,0
1162,3,3,2
1163,3,0,0
1164,3,0,0
1165,3,0,0
1166,3,0,0
1167,3,0,0
1168,2,0,0
1169,2,0,0
1170,1,0,0
1171,1,0,0
1172,1,0,0
1173,1,0,0
1174,1,0,0
1175,1,0,0
1176,1,0,0
1177,1,0,0
1178,1,0,0
1179,1,0,0
1180,1,0,0
1181,1,0,0
1182,1,0,0
1183,1,0,0
1184,1,0,0
1185,2,0,0
1186,2,0,0
1187,1,0,0
1188,2,0,0
1189,2,0,0
1190,2,0,0
1191,2,0,0
1192,3,0,0
1193,3,0,0
1194,3,0,0
1195,1,0,0
1196,2,0,0
1197,3,0,0
1198,2,0,0
1199,2,0,0
1200,2,0,0
1201,2,0,0
1202,2,0,0
1203,2,0,0
1204,2,0,0
1205,2,0,0
1206,2,0,0
1207,2,0,0
1208,2,0,0
1209,2,0,0
1210,2,0,0
1211,2,0,0
1212,2,0,0
1213,2,0,0
1214,3,0,0
1215,4,0,0
1216,3,0,0
1217,4,0,0
1218,4,0,0
1219,4,0,0
1220,5,0,0
1221,4,0,0
1222,4,0,0
1223,4,0,0
1224,4,0,0
1225,4,0,0
1226,4,3,2
1227,4,3,2
1228,3,2,1
1229,3,2,1
1230,3,3,2
1231,3,3,3
1232,3,3,2
1233,3,3,3
1234,3,3,3
1235,3,3,2
1236,3,3,2
1237,3,3,2
1238,3,3,3
1239,3,3,2
1240,3,3,2
1241,3,3,3
1242,3,2,1
1243,3,3,2
1244,3,3,2
1245,3,0,0
1246,3,0,0
1247,3,0,0
1248,3,0,0
1249,2,0,0
1250,1,0,0
1251,2,0,0
1252,2,0,0
1253,2,0,0
1254,2,0,0
1255,2,0,0
1256,2,0,0
1257,2,0,0
1258,2,0,0
1259,2,0,0
1260,2,0,0
1261,2,0,0
1262,2,0,0
1263,2,0,0
1264,2,0,0
1265,2,0,0
1266,2,0,0
1267,3,0,0
1268,2,0,0
1269,2,0,0
1270,3,0,0
1271,3,0,0
1272,3,0,0
1273,3,0,0
1274,2,0,0
1275,2,0,0
1276,2,0,0
1277,2,0,0
1278,2,0,0
1279,2,0,0
1280,2,0,0
1281,2,0,0
1282,2,0,0
1283,2,0,0
1284,2,0,0
1285,2,0,0
1286,2,0,0
1287,3,0,0
1288,3,0,0
1289,2,0,0
1290,2,0,0
1291,2,0,0
1292,2,0,0
1293,2,0,0
1294,2,0,0
1295,2,0,0
1296,2,2,1
1297,2,0,0
1298,2,0,0
1299,2,0,0
1300,2,0,0
1301,2,0,0
1302,2,0,0
1303,2,0,0
1304,2,0,0
1305,2,0,0
1306,3,0,0
1307,2,0,0
1308,2,0,0
1309,2,0,0
1310,2,0,0
1311,2,0,0
1312,2,0,0
1313,2,0,0
1314,3,0,0
1315,3,0,0
1316,3,0,0
1317,3,0,0
1318,3,0,0
1319,3,0,0
1320,3,0,0
1321,1,0,0
1322,1,0,0
1323,1,0,0
1324,1,0,0
1325,2,0,0
1326,1,0,0
1327,1,0,0
1328,1,0,0
1329,1,0,0
1330,1,0,0
1331,2,0,0
1332,2,0,0
1333,2,0,0
1334,2,0,0
1335,2,0,0
1336,2,0,0
1337,2,0,0
1338,2,0,0
1339,3,0,0
1340,3,0,0
1341,3,0,0
1342,3,0,0
1343,3,0,0
1344,4,0,0
1345,2,0,0
1346,2,0,0
1347,3,0,0
1348,3,0,0
1349,3,0,0
1350,3,2,1
1351,3,0,0
1352,2,0,0
1353,2,0,0
1354,2,0,0
1355,2,0,0
1356,2,0,0
1357,2,0,0
1358,2,0,0
1359,2,0,0
1360,2,0,0
1361,2,0,0
1362,2,0,0
1363,3,2,1
1364,2,0,0
1365,2,0,0
1366,2,0,0
1367,3,0,0
1368,3,0,0
1369,3,0,0
1370,3,0,0
1371,3,0,0
1372,2,0,0
1373,3,0,0
1374,4,0,0
1375,4,0,0
1376,4,2,1
1377,4,2,1
1378,4,2,1
1379,3,0,0
1380,2,0,0
1381,2,0,0
1382,2,0,0
1383,2,0,0
1384,3,0,0
1385,3,0,0
1386,3,0,0
1387,3,0,0
1388,3,2,1
1389,3,0,0
1390,3,0,0
1391,3,0,0
1392,3,0,0
1393,4,3,2
1394,4,3,2
1395,4,2,1
1396,4,2,1
1397,4,0,0
1398,4,0,0
1399,4,0,0
1400,4,0,0
1401,4,0,0
1402,4,2,1
1403,3,0,0
1404,4,2,1
1405,2,2,1
1406,2,0,0
1407,3,2,1
1408,3,0,0
1409,2,0,0
1410,2,0,0
1411,2,0,0
1412,2,0,0
1413,4,2,1
1414,3,0,0
1415,3,0,0
1416,3,0,0
1417,3,0,0
1418,3,0,0
1419,3,0,0
1420,3,0,0
1421,3,0,0
1422,3,0,0
1423,2,0,0
1424,1,0,0
1425,2,0,0
1426,1,0,0
1427,0,0,0
1428,1,0,0
1429,1,0,0
1430,1,0,0
1431,1,0,0
1432,1,0,0
1433,2,0,0
1434,1,0,0
1435,1,0,0
1436,1,0,0
1437,1,0,0
1438,1,0,0
1439,1,0,0
1440,1,0,0
1441,1,0,0
1442,2,0,0
1443,2,0,0
1444,2,0,0
1445,2,0,0
1446,2,0,0
1447,2,0,0
1448,3,0,0
1449,2,0,0
1450,3,0,0
1451,3,0,0
1452,3,0,0
1453,3,0,0
1454,3,0,0
1455,3,2,1
1456,2,0,0
1457,2,0,0
1458,4,0,0
1459,3,0,0
1460,2,0,0
1461,2,0,0
1462,2,0,0
1463,1,0,0
1464,2,0,0
1465,2,0,0
1466,2,0,0
1467,2,0,0
1468,2,0,0
1469,2,0,0
1470,2,0,0
1471,2,0,0
1472,2,0,0
1473,2,0,0
1474,3,0,0
1475,2,0,0
1476,2,0,0
1477,2,0,0
1478,2,0,0
1479,3,0,0
1480,3,0,0
1481,2,0,0
1482,2,0,0
1483,2,0,0
1484,2,0,0
1485,3,0,0
1486,1,0,0
1487,3,0,0
1488,3,0,0
1489,3,0,0
1490,3,0,0
1491,3,0,0
1492,3,0,0
1493,3,0,0
1494,3,0,0
1495,3,0,0
1496,2,0,0
1497,3,0,0
1498,3,0,0
1499,3,0,0
1500,3,0,0
1501,2,2,1
1502,2,0,0
1503,2,0,0
1504,2,0,0
1505,1,0,0
1506,1,0,0
1507,1,0,0
1508,0,0,0
1509,0,0,0
1510,0,0,0
1511,0,0,0
1512,0,0,0
1513,0,0,0
1514,1,0,0
1515,1,0,0
1516,2,0,0
1517,1,0,0
1518,2,0,0
1519,1,0,0
1520,1,0,0
1521,2,0,0
1522,1,0,0
1523,1,0,0
1524,1,0,0
1525,1,0,0
1526,1,0,0
1527,1,0,0
1528,1,0,0
1529,3,0,0
1530,3,2,1
1531,2,2,1
1532,2,0,0
1533,2,0,0
1534,2,0,0
1535,2,0,0
1536,2,0,0
1537,2,2,1
1538,2,0,0
1539,2,0,0
1540,2,0,0
1541,2,2,1
1542,2,0,0
1543,2,0,0
1544,2,0,0
1545,2,0,0
1546,2,0,0
1547,2,0,0
1548,2,0,0
1549,2,0,0
1550,2,0,0
1551,2,0,0
1552,2,0,0
1553,2,0,0
1554,2,0,0
1555,2,0,0
1556,2,0,0
1557,2,0,0
1558,2,0,0
1559,2,0,0
1560,2,0,0
1561,2,0,0
1562,2,0,0
1563,2,0,0
1564,2,0,0
1565,2,0,0
1566,2,0,0
1567,2,0,0
1568,2,0,0
1569,2,0,0
1570,2,0,0
1571,2,0,0
1572,2,0,0
1573,2,0,0
1574,1,0,0
1575,1,0,0
1576,1,0,0
1577,1,0,0
1578,2,0,0
1579,2,0,0
1580,3,0,0
1581,2,0,0
1582,2,0,0
1583,3,0,0
1584,2,0,0
1585,2,0,0
1586,2,0,0
1587,2,0,0
1588,2,0,0
1589,2,0,0
1590,2,0,0
1591,2,0,0
1592,2,0,0
1593,2,0,0
1594,2,0,0
1595,2,0,0
1596,1,0,0
1597,2,0,0
1598,1,0,0
1599,1,0,0
1600,1,0,0
1601,1,0,0
1602,1,0,0
1603,1,0,0
1604,2,0,0
1605,2,0,0
1606,2,0,0
1607,2,0,0
1608,2,0,0
1609,3,0,0
1610,2,0,0
1611,2,0,0
1612,2,0,0
1613,2,0,0
1614,2,0,0
1615,2,0,0
1616,2,0,0
1617,2,0,0
1618,2,0,0
1619,2,2,1
1620,2,0,0
1621,4,0,0
1622,4,0,0
1623,3,0,0
1624,3,0,0
1625,3,0,0
1626,3,0,0
1627,3,0,0
1628,3,0,0
1629,3,0,0
1630,3,0,0
1631,3,2,1
1632,3,2,1
1633,3,2,1
1634,3,2,1
1635,3,3,2
1636,3,3,2
1637,3,2,1
1638,3,0,0
1639,3,0,0
1640,3,0,0
1641,2,0,0
1642,2,0,0
1643,2,0,0
1644,2,0,0
1645,2,0,0
1646,2,0,0
1647,2,0,0
1648,2,0,0
1649,2,0,0
1650,2,0,0
1651,2,0,0
1652,2,0,0
1653,1,0,0
1654,2,0,0
1655,4,0,0
1656,3,0,0
1657,3,0,0
1658,3,0,0
1659,3,0,0
1660,4,0,0
1661,4,0,0
1662,4,2,1
1663,4,0,0
1664,4,2,1
1665,3,0,0
1666,3,0,0
1667,3,0,0
1668,3,0,0
1669,3,0,0
1670,3,0,0
1671,3,0,0
1672,3,0,0
1673,3,0,0
1674,3,2,1
1675,3,2,1
1676,3,2,1
1677,3,0,0
1678,3,0,0
1679,3,0,0
1680,3,0,0
1681,3,0,0
1682,3,0,0
1683,3,0,0
1684,2,0,0
1685,3,0,0
1686,2,0,0
1687,2,0,0
1688,2,0,0
1689,2,0,0
1690,2,0,0
1691,3,0,0
1692,2,0,0
1693,2,0,0
1694,2,0,0
1695,2,0,0
1696,2,0,0
1697,2,0,0
1698,4,2,1
1699,4,0,0
1700,3,0,0
1701,3,0,0
1702,2,0,0
1703,2,0,0
1704,3,0,0
1705,3,0,0
1706,3,0,0
1707,3,2,1
1708,4,0,0
1709,4,2,1
1710,4,2,1
1711,4,3,3
1712,4,3,2
1713,4,3,2
1714,4,3,2
1715,4,3,2
1716,4,3,3
1717,4,3,3
1718,4,3,3
1719,4,3,3
1720,4,3,3
1721,3,3,2
1722,4,3,3
1723,4,2,1
1724,5,3,2
1725,5,3,3
1726,5,3,3
1727,5,3,3
1728,5,3,3
1729,4,3,3
1730,4,3,3
1731,4,4,3
1732,4,4,3
1733,3,3,2
1734,3,3,3
1735,3,2,1
1736,3,3,3
1737,3,3,3
1738,3,3,2
1739,3,3,2
1740,3,3,2
1741,3,3,2
1742,3,3,3
1743,3,2,1
1744,3,3,3
1745,3,3,2
1746,3,3,3
1747,3,3,2
1748,3,3,2
1749,3,2,1
1750,3,3,2
1751,3,3,2
1752,3,3,2
1753,3,3,2
1754,3,3,2
1755,3,0,0
1756,3,0,0
1757,4,0,0
1758,3,0,0
1759,3,0,0
1760,4,0,0
1761,4,0,0
1762,3,2,1
1763,4,0,0
1764,4,0,0
1765,4,0,0
1766,4,0,0
1767,3,0,0
1768,4,2,1
1769,4,3,3
1770,4,3,3
1771,4,3,3
1772,4,3,3
1773,3,3,2
1774,3,3,2
1775,3,3,3
1776,3,3,3
1777,3,3,2
1778,3,3,2
1779,3,3,2
1780,3,3,2
1781,3,3,2
1782,3,3,3
1783,3,2,1
1784,3,2,1
1785,3,3,2
1786,3,2,1
1787,3,2,1
1788,3,2,1
1789,3,2,1
1790,3,2,1
1791,3,0,0
1792,3,2,1
1793,3,2,1
1794,3,2,1
1795,3,2,1
1796,2,0,0
1797,2,0,0
1798,2,0,0
1799,2,0,0
1800,2,0,0
1801,2,0,0
1802,3,0,0
1803,1,0,0
1804,1,0,0
1805,2,0,0
1806,2,0,0
1807,1,0,0
1808,2,0,0
1809,2,0,0
1810,2,0,0
1811,2,0,0
1812,2,0,0
1813,1,0,0
1814,1,0,0
1815,1,0,0
1816,2,0,0
1817,2,0,0
1818,2,0,0
1819,2,0,0
1820,2,0,0
1821,2,2,1
1822,2,0,0
1823,2,0,0
1824,2,0,0
1825,2,0,0
1826,2,0,0
1827,2,0,0
1828,2,0,0
1829,3,0,0
1830,2,0,0
1831,2,0,0
1832,2,0,0
1833,2,0,0
1834,2,0,0
1835,2,0,0
1836,2,0,0
1837,2,0,0
1838,2,0,0
1839,2,0,0
1840,2,0,0
1841,2,0,0
1842,2,0,0
1843,2,0,0
1844,1,0,0
1845,1,0,0
1846,1,0,0
1847,1,0,0
1848,1,0,0
1849,2,0,0
1850,2,0,0
1851,2,0,0
1852,2,0,0
1853,2,0,0
1854,2,0,0
1855,2,0,0
1856,2,0,0
1857,2,0,0
1858,2,0,0
1859,3,0,0
1860,2,0,0
1861,2,0,0
1862,3,0,0
1863,3,0,0
1864,3,0,0
1865,3,0,0
1866,3,0,0
1867,3,0,0
1868,3,2,1
1869,4,2,1
1870,3,2,1
1871,3,2,1
1872,3,2,1
1873,3,0,0
1874,3,2,1
1875,4,2,1
1876,4,0,0
1877,4,2,1
1878,4,0,0
1879,4,2,1
1880,4,2,1
1881,4,2,1
1882,4,0,0
1883,4,0,0
1884,3,0,0
1885,3,0,0
1886,3,0,0
1887,4,2,1
1888,3,0,0
1889,3,0,0
1890,3,0,0
1891,3,0,0
1892,3,2,1
1893,3,0,0
1894,4,0,0
1895,4,0,0
1896,2,0,0
1897,2,0,0
1898,3,0,0
1899,4,0,0
1900,3,0,0
1901,3,0,0
1902,3,0,0
1903,3,0,0
1904,3,0,0
1905,3,0,0
1906,3,0,0
1907,3,0,0
1908,3,0,0
1909,2,0,0
1910,3,0,0
1911,3,0,0
1912,3,0,0
1913,3,0,0
1914,4,2,1
1915,3,0,0
1916,3,2,1
1917,3,0,0
1918,3,0,0
1919,3,0,0
1920,3,0,0
1921,3,0,0
1922,3,0,0
1923,3,0,0
1924,3,0,0
1925,3,2,1
1926,4,0,0
1927,3,0,0
1928,3,0,0
1929,2,0,0
1930,2,0,0
1931,3,2,1
1932,3,0,0
1933,3,0,0
1934,3,0,0
1935,3,0,0
1936,3,2,1
1937,3,2,1
1938,3,2,1
1939,3,2,1
1940,3,2,1
1941,3,0,0
1942,3,0,0
1943,3,0,0
1944,3,0,0
1945,3,2,1
1946,2,0,0
1947,2,0,0
1948,3,2,1
1949,3,0,0
1950,2,0,0
1951,2,2,1
1952,2,0,0
1953,2,0,0
1954,2,0,0
1955,2,0,0
1956,2,2,1
1957,2,2,1
1958,2,0,0
1959,2,0,0
1960,2,0,0
1961,2,0,0
1962,1,0,0
1963,1,0,0
1964,1,0,0
1965,2,0,0
1966,2,0,0
1967,1,0,0
1968,0,0,0
1969,0,0,0
1970,1,0,0
1971,2,0,0
1972,1,0,0
1973,1,0,0
1974,1,0,0
1975,2,0,0
1976,2,0,0
1977,1,0,0
1978,3,0,0
1979,3,0,0
1980,3,0,0
1981,3,2,1
1982,3,0,0
1983,3,0,0
1984,3,0,0
1985,4,2,1
1986,3,2,1
1987,4,0,0
1988,4,0,0
1989,4,0,0
1990,3,0,0
1991,3,0,0
1992,2,0,0
1993,2,0,0
1994,2,0,0
1995,2,0,0
1996,3,0,0
1997,3,0,0
1998,3,0,0
1999,3,0,0
