0,0,0,0
1,1,0,0
2,0,0,0
3,0,0,0
4,0,0,0
5,0,0,0
6,2,0,0
7,1,0,0
8,2,0,0
9,2,0,0
10,2,0,0
11,2,0,0
12,2,0,0
13,2,0,0
14,2,0,0
15,2,0,0
16,2,0,0
17,3,0,0
18,2,0,0
19,2,0,0
20,1,0,0
21,3,0,0
22,3,0,0
23,3,0,0
24,4,0,0
25,4,0,0
26,3,0,0
27,4,2,1
28,4,2,1
29,4,2,1
30,3,2,1
31,3,0,0
32,3,0,0
33,3,0,0
34,4,0,0
35,3,0,0
36,3,2,1
37,3,0,0
38,3,0,0
39,5,0,0
40,3,0,0
41,4,0,0
42,3,0,0
43,4,0,0
44,3,0,0
45,3,0,0
46,3,0,0
47,3,0,0
48,2,2,1
49,2,0,0
50,2,2,1
51,2,2,1
52,2,2,1
53,2,0,0
54,2,2,1
55,2,2,1
56,2,2,1
57,2,0,0
58,2,0,0
59,2,0,0
60,2,0,0
61,2,0,0
62,2,0,0
63,2,2,1
64,2,0,0
65,2,2,1
66,2,0,0
67,2,0,0
68,2,0,0
69,2,0,0
70,2,0,0
71,2,0,0
72,3,0,0
73,3,0,0
74,2,0,0
75,3,0,0
76,2,2,1
77,2,2,1
78,2,0,0
79,2,0,0
80,2,0,0
81,2,0,0
82,2,0,0
83,3,0,0
84,3,0,0
85,3,0,0
86,3,2,1
87,3,0,0
88,3,3,3
89,3,3,2
90,3,3,2
91,3,3,2
92,3,0,0
93,3,3,2
94,3,3,2
95,3,3,2
96,3,3,2
97,3,3,3
98,3,3,2
99,3,3,2
100,3,3,3
101,3,3,2
102,3,3,3
103,3,3,3
104,3,3,2
105,3,3,3
106,3,3,3
107,3,3,3
108,3,3,3
109,3,3,3
110,3,3,3
111,3,3,2
112,3,3,3
113,3,3,3
114,3,3,3
115,3,3,3
116,3,3,3
117,3,3,3
118,3,3,3
119,4,3,2
120,4,3,3
121,4,2,1
122,4,2,1
123,4,0,0
124,4,0,0
125,4,0,0
126,4,0,0
127,4,2,1
128,4,0,0
129,3,0,0
130,4,4,4
131,3,0,0
132,4,0,0
133,4,0,0
134,4,2,1
135,4,2,1
136,4,2,1
137,4,2,1
138,4,2,1
139,4,4,5
140,4,3,2
141,4,4,5
142,4,4,4
143,4,4,5
144,4,4,4
145,4,4,4
146,4,4,4
147,4,4,5
148,4,4,5
149,4,4,4
150,4,4,5
151,4,4,5
152,4,4,4
153,4,4,4
154,4,4,5
155,4,4,5
156,4,4,4
157,4,4,3
158,4,4,3
159,4,4,3
160,4,4,4
161,4,3,3
162,4,4,5
163,4,4,4
164,4,4,5
165,4,4,4
166,4,4,4
167,4,4,5
168,4,4,4
169,4,4,4
170,4,3,3
171,3,3,3
172,4,3,3
173,4,3,2
174,5,3,3
175,5,3,3
176,4,3,3
177,4,3,2
178,4,3,3
179,5,2,1
180,5,3,2
181,4,3,2
182,5,3,3
183,4,3,2
184,4,3,3
185,4,2,1
186,4,2,1
187,4,2,1
188,4,2,1
189,4,2,1
190,4,0,0
191,4,0,0
192,4,4,3
193,4,4,4
194,4,4,4
195,5,4,5
196,5,4,5
197,5,4,5
198,5,4,5
199,5,4,5
200,5,4,5
201,5,3,2
202,5,3,2
203,5,3,2
204,5,3,3
205,5,3,3
206,5,4,4
207,5,3,2
208,5,3,3
209,5,3,3
210,5,3,2
211,5,3,2
212,5,3,2
213,5,3,3
214,5,3,3
215,4,3,3
216,5,3,2
217,5,3,2
218,4,2,1
219,5,4,4
220,5,4,3
221,5,4,4
222,5,4,5
223,5,4,5
224,5,4,4
225,5,4,4
226,4,4,3
227,5,4,4
228,5,4,4
229,5,4,4
230,5,4,5
231,5,4,4
232,5,4,5
233,4,4,5
234,6,4,4
235,6,4,5
236,6,4,5
237,6,4,4
238,6,4,4
239,7,4,5
240,6,4,5
241,6,5,7
242,6,5,7
243,7,5,7
244,5,5,5
245,5,5,6
246,4,4,3
247,5,5,5
248,5,5,6
249,5,5,7
250,5,5,7
251,5,5,7
252,5,5,6
253,5,5,6
254,5,5,6
255,5,5,5
256,5,5,7
257,5,5,7
258,5,5,7
259,5,5,7
260,6,5,7
261,5,5,6
262,6,6,7
263,6,5,5
264,6,5,6
265,6,5,6
266,6,4,4
267,6,5,6
268,6,4,5
269,6,4,5
270,5,4,5
271,5,4,4
272,6,5,6
273,6,5,6
274,6,4,5
275,6,5,5
276,6,5,6
277,6,6,8
278,6,6,9
279,6,6,9
280,5,5,7
281,5,5,7
282,5,5,7
283,5,5,7
284,5,5,7
285,5,5,7
286,5,5,7
287,5,5,6
288,5,5,6
289,5,5,6
290,5,5,7
291,5,5,7
292,5,5,6
293,5,5,7
294,5,5,6
295,4,4,4
296,4,4,4
297,5,5,6
298,5,5,6
299,5,5,7
300,5,5,7
301,5,5,7
302,5,5,7
303,5,5,7
304,5,5,6
305,5,5,7
306,5,5,6
307,5,5,7
308,5,5,7
309,5,5,7
310,5,5,7
311,5,5,7
312,5,5,7
313,5,5,6
314,5,5,6
315,4,4,4
316,4,4,5
317,5,5,7
318,6,5,5
319,5,5,5
320,5,5,7
321,5,5,7
322,5,5,6
323,5,4,4
324,6,4,4
325,4,4,5
326,5,4,4
327,4,4,5
328,4,4,5
329,4,4,5
330,4,4,5
331,4,4,5
332,4,4,3
333,4,4,4
334,4,4,3
335,4,4,4
336,4,4,5
337,4,4,4
338,4,4,3
339,4,4,4
340,5,4,5
341,5,4,5
342,5,4,3
343,5,5,5
344,4,4,3
345,4,4,4
346,4,4,3
347,4,4,4
348,5,5,7
349,5,5,6
350,5,5,6
351,5,5,6
352,5,5,7
353,5,5,7
354,5,5,6
355,5,5,7
356,5,5,7
357,5,5,7
358,5,5,7
359,5,5,7
360,5,5,6
361,5,5,6
362,5,5,7
363,5,5,7
364,5,5,7
365,5,5,7
366,5,5,7
367,5,5,7
368,4,4,5
369,5,5,6
370,5,5,7
371,5,5,6
372,5,5,7
373,5,5,7
374,5,5,7
375,5,5,6
376,5,5,7
377,5,5,6
378,5,5,7
379,5,5,7
380,5,5,7
381,6,6,10
382,6,6,10
383,5,5,7
384,6,6,10
385,6,6,10
386,6,6,9
387,6,6,8
388,6,6,10
389,6,6,10
390,6,6,9
391,6,6,9
392,6,6,10
393,6,6,10
394,6,6,9
395,6,6,10
396,6,6,10
397,6,6,10
398,6,6,10
399,6,6,10
400,6,6,9
401,6,6,9
402,6,6,10
403,6,6,9
404,6,6,10
405,6,6,9
406,6,6,10
407,6,6,10
408,6,6,10
409,6,6,10
410,6,6,10
411,6,6,10
412,6,6,10
413,6,6,10
414,6,6,10
415,6,6,10
416,6,6,10
417,6,6,10
418,6,6,10
419,6,6,10
420,6,6,9
421,6,6,10
422,6,6,10
423,6,6,9
424,6,6,9
425,6,6,9
426,6,6,9
427,6,6,10
428,6,6,10
429,6,6,10
430,6,6,10
431,6,6,10
432,6,6,8
433,6,6,9
434,6,6,10
435,6,6,9
436,6,6,10
437,6,6,9
438,6,6,10
439,6,6,10
440,6,6,10
441,6,6,10
442,6,6,10
443,6,6,10
444,6,6,8
445,6,6,9
446,6,6,8
447,6,6,6
448,6,6,8
449,6,6,7
450,6,6,9
451,6,6,8
452,6,6,9
453,6,6,10
454,6,6,10
455,6,6,10
456,6,6,10
457,6,6,10
458,6,6,10
459,6,6,10
460,6,6,10
461,7,6,9
462,7,7,11
463,7,7,12
464,7,7,12
465,7,7,12
466,7,7,12
467,7,7,12
468,7,7,12
469,7,7,12
470,7,7,11
471,7,7,11
472,7,7,11
473,7,7,12
474,7,7,12
475,7,7,12
476,7,7,12
477,7,7,9
478,7,7,11
479,7,7,11
480,7,7,12
481,7,7,12
482,7,7,12
483,7,7,12
484,7,7,12
485,7,7,12
486,7,7,12
487,7,7,12
488,7,7,12
489,7,7,12
490,7,7,11
491,7,7,11
492,7,7,12
493,6,6,9
494,7,7,11
495,7,7,10
496,7,7,12
497,7,7,12
498,7,7,12
499,7,7,12
500,7,7,11
501,7,7,12
502,7,7,12
503,7,7,12
504,7,7,12
505,7,7,12
506,7,7,11
507,7,7,12
508,7,7,12
509,7,7,11
510,6,6,10
511,6,6,10
512,7,7,11
513,7,7,12
514,7,7,12
515,7,7,12
516,7,7,10
517,7,7,12
518,7,7,12
519,7,7,12
520,7,7,12
521,7,7,12
522,7,7,12
523,7,7,12
524,7,7,12
525,7,6,10
526,7,6,10
527,7,7,11
528,7,6,10
529,7,6,10
530,7,7,10
531,7,7,12
532,7,7,12
533,7,7,12
534,7,7,12
535,7,7,12
536,7,7,12
537,7,7,12
538,7,7,12
539,7,7,12
540,7,7,12
541,7,7,12
542,7,7,12
543,7,7,12
544,7,7,11
545,7,7,12
546,7,7,12
547,7,7,12
548,7,7,12
549,7,7,12
550,7,7,12
551,7,7,12
552,8,7,12
553,8,7,12
554,8,7,12
555,8,7,12
556,8,7,11
557,7,7,12
558,7,7,12
559,7,7,11
560,7,7,12
561,7,7,12
562,7,7,11
563,7,7,12
564,7,7,12
565,7,7,12
566,7,7,12
567,8,7,12
568,7,7,12
569,7,7,11
570,7,7,12
571,7,7,12
572,7,7,12
573,7,7,12
574,7,7,12
575,7,7,12
576,7,7,12
577,7,7,12
578,7,7,12
579,7,7,12
580,7,7,12
581,7,7,12
582,7,7,12
583,7,7,11
584,7,7,12
585,7,7,12
586,7,7,12
587,7,7,12
588,7,7,12
589,7,7,12
590,7,7,12
591,7,7,12
592,7,7,12
593,7,7,12
594,7,7,12
595,7,7,12
596,7,7,11
597,7,7,12
598,7,7,12
599,7,7,12
600,7,7,12
601,7,7,12
602,7,7,11
603,6,6,8
604,7,7,12
605,7,7,12
606,7,7,12
607,7,7,12
608,7,7,12
609,7,7,11
610,7,7,12
611,7,7,12
612,8,8,15
613,8,8,14
614,8,8,14
615,8,8,15
616,8,8,15
617,8,8,15
618,8,8,15
619,8,8,15
620,9,8,11
621,9,8,13
622,8,8,13
623,8,8,14
624,8,8,14
625,8,8,15
626,8,8,15
627,8,8,14
628,8,8,14
629,8,8,15
630,8,8,15
631,8,8,15
632,8,8,15
633,8,8,15
634,8,8,14
635,8,8,15
636,8,8,15
637,8,8,15
638,8,8,15
639,8,8,15
640,8,8,15
641,8,8,15
642,8,8,15
643,8,8,15
644,8,8,15
645,8,8,15
646,8,8,15
647,8,8,15
648,8,8,15
649,8,8,14
650,8,8,15
651,8,8,15
652,8,8,15
653,8,8,15
654,7,7,12
655,8,8,14
656,8,8,15
657,9,8,14
658,8,8,14
659,8,8,15
660,8,8,15
661,8,8,15
662,8,8,14
663,8,8,15
664,8,8,15
665,8,8,15
666,8,8,14
667,8,8,15
668,8,8,15
669,8,8,14
670,8,8,15
671,8,8,15
672,8,8,15
673,8,8,14
674,8,8,15
675,8,8,15
676,8,8,15
677,8,8,15
678,8,8,15
679,8,8,15
680,8,8,15
681,8,8,15
682,8,8,15
683,8,8,14
684,8,8,15
685,8,8,15
686,8,8,15
687,8,8,15
688,8,8,15
689,8,8,15
690,8,8,14
691,8,8,15
692,8,8,14
693,8,8,15
694,8,8,15
695,8,8,15
696,8,8,15
697,8,8,15
698,8,8,14
699,8,8,15
700,8,8,15
701,8,8,14
702,8,8,14
703,8,8,15
704,8,8,15
705,8,8,15
706,8,8,15
707,8,8,15
708,8,8,15
709,8,8,15
710,8,8,15
711,8,8,14
712,8,8,15
713,8,8,14
714,8,8,15
715,8,8,15
716,8,8,15
717,8,8,15
718,8,8,15
719,8,8,15
720,8,8,15
721,8,8,15
722,8,8,15
723,8,8,15
724,8,8,15
725,8,8,15
726,8,8,14
727,8,8,15
728,8,8,15
729,8,8,15
730,8,8,14
731,8,8,15
732,8,8,14
733,8,8,15
734,8,8,15
735,8,8,15
736,8,8,15
737,8,8,15
738,8,8,15
739,8,8,15
740,8,8,15
741,8,8,15
742,8,8,15
743,8,8,14
744,8,8,15
745,8,8,15
746,8,8,15
747,8,8,15
748,8,8,15
749,8,8,14
750,8,8,15
751,8,8,15
752,8,8,15
753,8,8,15
754,8,8,14
755,8,8,15
756,8,8,15
757,8,8,15
758,8,8,15
759,8,8,14
760,8,8,15
761,8,8,15
762,8,8,15
763,8,8,15
764,8,8,15
765,8,8,15
766,9,8,15
767,9,8,15
768,8,8,15
769,8,8,14
770,8,8,15
771,8,8,15
772,8,8,15
773,8,8,15
774,8,8,14
775,8,8,14
776,8,8,14
777,8,8,15
778,8,8,14
779,8,8,15
780,8,8,15
781,8,8,15
782,8,8,14
783,8,8,15
784,8,8,15
785,8,8,14
786,8,8,14
787,8,8,15
788,8,8,15
789,8,8,15
790,8,8,15
791,8,8,15
792,8,8,14
793,8,8,15
794,8,8,15
795,8,8,15
796,8,8,15
797,8,8,15
798,8,8,15
799,8,8,14
800,8,8,15
801,8,8,15
802,8,8,15
803,8,8,15
804,7,7,11
805,7,6,10
806,7,6,10
807,7,6,9
808,6,6,10
809,6,6,10
810,6,6,9
811,6,6,9
812,6,6,8
813,7,6,9
814,6,6,9
815,6,6,10
816,6,6,10
817,6,6,10
818,6,6,9
819,6,6,10
820,6,6,10
821,6,6,9
822,6,6,10
823,6,6,10
824,6,6,9
825,6,6,10
826,6,6,10
827,6,6,9
828,6,6,10
829,6,6,10
830,6,6,10
831,6,6,10
832,6,6,10
833,6,6,10
834,6,6,9
835,6,6,9
836,7,6,9
837,7,6,9
838,6,6,9
839,6,6,8
840,6,6,9
841,6,6,9
842,6,6,10
843,6,6,8
844,6,6,10
845,6,6,9
846,6,6,10
847,6,6,9
848,6,6,10
849,6,6,10
850,6,6,10
851,6,6,8
852,6,6,10
853,6,6,9
854,6,6,10
855,6,6,10
856,6,6,10
857,6,6,10
858,6,6,10
859,6,6,10
860,7,7,10
861,7,7,12
862,7,7,12
863,7,7,11
864,6,6,10
865,7,7,12
866,7,7,12
867,7,7,11
868,7,7,12
869,7,7,12
870,7,7,12
871,7,7,12
872,7,7,11
873,7,7,12
874,7,7,12
875,7,7,12
876,7,7,11
877,7,7,12
878,7,7,12
879,7,7,12
880,7,7,11
881,7,7,11
882,7,7,12
883,7,7,12
884,7,7,12
885,7,7,12
886,7,7,11
887,7,7,12
888,7,7,12
889,7,7,12
890,7,7,12
891,7,7,12
892,7,7,12
893,7,7,12
894,7,7,12
895,7,7,11
896,6,6,9
897,6,6,7
898,7,7,12
899,7,7,10
900,8,7,11
901,8,7,12
902,8,7,12
903,7,7,12
904,7,7,12
905,7,7,12
906,7,7,12
907,7,7,12
908,7,7,12
909,7,7,11
910,7,7,11
911,7,7,12
912,7,7,12
913,7,7,11
914,6,6,9
915,7,7,12
916,8,7,10
917,7,7,11
918,7,7,12
919,8,6,9
920,8,7,11
921,8,7,10
922,7,7,12
923,7,7,12
924,8,7,11
925,8,7,12
926,8,7,12
927,7,6,10
928,8,7,12
929,8,7,12
930,8,7,11
931,8,7,12
932,8,7,11
933,8,7,12
934,8,8,12
935,8,8,13
936,8,8,13
937,8,7,12
938,8,7,12
939,8,7,12
940,8,7,12
941,8,7,12
942,8,7,11
943,8,7,11
944,8,7,12
945,7,7,11
946,7,7,12
947,7,7,12
948,7,7,11
949,7,7,11
950,7,7,12
951,7,7,11
952,7,7,12
953,7,7,11
954,7,6,10
955,7,7,12
956,7,7,11
957,7,7,11
958,6,6,9
959,7,7,12
960,7,7,11
961,7,7,12
962,7,7,12
963,7,7,12
964,7,7,12
965,7,7,12
966,7,7,12
967,7,7,12
968,7,7,12
969,7,7,12
970,7,7,12
971,7,7,12
972,7,7,12
973,7,6,9
974,8,7,12
975,7,6,10
976,6,6,10
977,6,6,10
978,7,6,10
979,6,6,10
980,6,6,10
981,7,6,10
982,7,6,10
983,7,7,12
984,7,7,12
985,7,7,11
986,7,7,12
987,7,7,11
988,7,7,11
989,7,7,12
990,7,7,12
991,7,7,12
992,7,7,12
993,7,7,12
994,7,7,11
995,7,7,12
996,7,7,12
997,7,7,12
998,7,7,12
999,8,8,13
1000,8,8,15
1001,8,8,15
1002,8,8,13
1003,8,8,14
1004,8,8,15
1005,8,8,12
1006,8,8,15
1007,8,8,15
1008,8,8,15
1009,8,8,14
1010,8,8,14
1011,8,8,14
1012,8,8,15
1013,8,8,13
1014,8,8,15
1015,8,8,15
1016,8,8,15
1017,8,8,15
1018,8,8,15
1019,9,8,15
1020,8,8,14
1021,8,8,15
1022,8,8,15
1023,9,9,16
1024,9,9,17
1025,9,9,16
1026,9,9,17
1027,9,9,17
1028,9,9,17
1029,9,9,17
1030,9,9,17
1031,9,9,17
1032,9,9,16
1033,9,9,17
1034,9,9,17
1035,9,9,17
1036,9,9,17
1037,9,9,15
1038,9,9,17
1039,9,9,17
1040,9,9,17
1041,9,9,16
1042,9,9,17
1043,9,9,17
1044,9,9,17
1045,9,9,16
1046,9,9,16
1047,9,9,17
1048,9,9,17
1049,10,10,21
1050,9,9,18
1051,10,10,21
1052,10,10,21
1053,10,10,21
1054,10,10,21
1055,10,10,20
1056,10,10,20
1057,10,10,21
1058,10,10,21
1059,10,10,21
1060,10,10,21
1061,10,10,20
1062,10,10,21
1063,10,10,21
1064,10,10,21
1065,10,10,21
1066,10,10,21
1067,10,10,21
1068,10,10,21
1069,10,10,20
1070,10,10,21
1071,10,10,20
1072,9,9,18
1073,10,10,21
1074,10,10,21
1075,10,10,21
1076,10,10,21
1077,10,10,21
1078,10,10,21
1079,10,10,21
1080,10,10,21
1081,10,10,21
1082,10,10,21
1083,10,10,21
1084,10,10,21
1085,10,10,21
1086,10,10,21
1087,10,10,21
1088,10,10,21
1089,10,10,21
1090,10,10,21
1091,10,10,21
1092,10,10,21
1093,10,10,21
1094,10,10,21
1095,10,10,20
1096,10,10,20
1097,10,10,21
1098,10,10,21
1099,10,10,21
1100,10,10,21
1101,10,10,21
1102,10,10,21
1103,10,10,21
1104,10,10,21
1105,10,10,21
1106,10,10,21
1107,10,10,21
1108,10,10,20
1109,10,10,21
1110,10,10,21
1111,10,10,21
1112,10,10,21
1113,10,10,21
1114,10,10,21
1115,10,10,20
1116,10,10,21
1117,10,10,21
1118,10,10,20
1119,10,10,20
1120,10,10,21
1121,10,10,21
1122,10,10,21
1123,10,10,21
1124,10,10,21
1125,10,10,21
1126,10,10,21
1127,10,10,21
1128,10,10,21
1129,10,10,21
1130,10,10,21
1131,10,10,21
1132,10,10,21
1133,10,10,21
1134,10,10,21
1135,10,10,20
1136,10,10,20
1137,10,10,21
1138,10,10,21
1139,10,10,21
1140,10,10,21
1141,10,10,21
1142,10,10,21
1143,10,10,21
1144,10,10,21
1145,10,10,19
1146,10,10,20
1147,10,10,21
1148,10,10,21
1149,10,10,21
1150,10,10,21
1151,10,10,21
1152,10,10,21
1153,10,10,19
1154,10,10,20
1155,10,10,21
1156,10,10,21
1157,10,10,21
1158,10,10,21
1159,10,10,21
1160,10,10,21
1161,10,10,21
1162,10,10,21
1163,10,10,21
1164,10,10,20
1165,10,10,21
1166,10,10,21
1167,10,10,21
1168,10,10,21
1169,10,10,21
1170,10,10,21
1171,10,10,21
1172,10,10,21
1173,10,10,21
1174,10,10,21
1175,10,10,21
1176,11,11,21
1177,11,11,24
1178,11,11,25
1179,11,11,25
1180,11,11,25
1181,11,11,25
1182,11,11,25
1183,11,11,25
1184,11,11,25
1185,11,11,25
1186,11,11,25
1187,11,11,25
1188,11,11,25
1189,11,11,25
1190,11,11,25
1191,11,11,25
1192,11,11,24
1193,11,11,25
1194,11,11,25
1195,11,11,25
1196,11,11,25
1197,11,11,25
1198,11,11,25
1199,11,11,25
1200,11,11,25
1201,11,11,25
1202,11,11,25
1203,11,11,25
1204,11,11,25
1205,11,11,25
1206,11,11,25
1207,11,11,25
1208,11,11,25
1209,11,11,25
1210,11,11,25
1211,11,11,25
1212,11,11,25
1213,11,11,25
1214,11,11,25
1215,11,11,25
1216,11,11,25
1217,11,11,25
1218,11,11,25
1219,11,11,25
1220,11,11,25
1221,11,11,25
1222,11,11,25
1223,11,11,25
1224,11,11,25
1225,11,11,25
1226,11,11,25
1227,11,11,25
1228,11,11,25
1229,11,11,25
1230,11,11,25
1231,11,11,25
1232,11,11,25
1233,11,11,25
1234,11,11,25
1235,11,11,25
1236,11,11,25
1237,11,11,25
1238,11,11,25
1239,11,11,25
1240,11,11,25
1241,11,11,25
1242,11,11,25
1243,11,11,25
1244,11,11,25
1245,11,11,25
1246,11,11,25
1247,11,11,25
1248,11,11,25
1249,11,11,25
1250,11,11,25
1251,11,11,25
1252,11,11,25
1253,11,11,25
1254,11,11,25
1255,11,11,25
1256,11,11,25
1257,11,11,25
1258,11,11,25
1259,11,11,25
1260,11,11,25
1261,11,11,25
1262,11,11,25
1263,11,11,25
1264,11,11,25
1265,11,11,25
1266,11,11,25
1267,11,11,25
1268,11,11,25
1269,11,11,25
1270,11,11,25
1271,11,11,25
1272,11,11,25
1273,11,11,25
1274,11,11,25
1275,11,11,25
1276,11,11,25
1277,11,11,25
1278,11,11,25
1279,11,11,25
1280,11,11,24
1281,11,11,25
1282,11,11,25
1283,11,11,25
1284,11,11,25
1285,11,11,25
1286,11,11,25
1287,11,11,25
1288,11,11,25
1289,11,11,25
1290,11,11,25
1291,11,11,25
1292,11,11,25
1293,11,11,25
1294,11,11,25
1295,11,11,25
1296,11,11,25
1297,11,11,25
1298,11,11,25
1299,11,11,25
1300,11,11,25
1301,11,11,25
1302,11,11,24
1303,11,11,25
1304,11,11,25
1305,11,11,25
1306,11,11,25
1307,11,11,25
1308,11,11,25
1309,11,11,25
1310,11,11,25
1311,11,11,25
1312,11,11,25
1313,11,11,25
1314,11,11,25
1315,11,11,25
1316,11,11,25
1317,11,11,25
1318,11,11,25
1319,11,11,25
1320,11,11,25
1321,11,11,25
1322,11,11,25
1323,11,11,25
1324,11,11,25
1325,11,11,25
1326,11,11,25
1327,11,11,25
1328,11,11,25
1329,11,11,25
1330,11,11,25
1331,11,11,24
1332,11,11,25
1333,11,11,25
1334,11,11,25
1335,11,11,25
1336,11,11,25
1337,11,11,25
1338,11,11,25
1339,11,11,25
1340,11,11,25
1341,11,11,25
1342,11,11,25
1343,11,11,25
1344,11,11,25
1345,11,11,25
1346,11,11,25
1347,11,11,25
1348,11,11,25
1349,11,11,25
1350,11,11,25
1351,11,11,25
1352,11,11,25
1353,11,11,25
1354,11,11,25
1355,11,11,25
1356,11,11,25
1357,11,11,25
1358,11,11,25
1359,11,11,25
1360,11,11,25
1361,11,11,25
1362,11,11,25
1363,11,11,25
1364,11,11,25
1365,11,11,25
1366,11,11,25
1367,11,11,25
1368,11,11,25
1369,11,11,25
1370,11,11,25
1371,11,11,25
1372,11,11,25
1373,11,11,25
1374,11,11,25
1375,11,11,25
1376,11,11,25
1377,11,11,25
1378,11,11,25
1379,11,11,25
1380,11,11,25
1381,11,11,25
1382,11,11,25
1383,11,11,25
1384,11,11,25
1385,11,11,25
1386,11,11,25
1387,11,11,25
1388,11,11,25
1389,11,11,25
1390,11,11,24
1391,11,11,25
1392,11,11,25
1393,11,11,25
1394,11,11,25
1395,11,11,25
1396,11,11,25
1397,11,11,25
1398,11,11,25
1399,11,11,25
1400,11,11,25
1401,11,11,25
1402,11,11,25
1403,11,11,25
1404,11,11,25
1405,11,11,25
1406,11,11,25
1407,11,11,25
1408,11,11,25
1409,11,11,25
1410,11,11,25
1411,11,11,25
1412,11,11,24
1413,11,11,25
1414,11,11,25
1415,11,11,25
1416,11,11,25
1417,11,11,25
1418,11,11,25
1419,11,11,25
1420,11,11,25
1421,11,11,25
1422,11,11,25
1423,11,11,25
1424,11,11,25
1425,11,11,25
1426,11,11,25
1427,11,11,25
1428,11,11,25
1429,11,11,25
1430,11,11,25
1431,11,11,25
1432,11,11,24
1433,11,11,25
1434,11,11,25
1435,11,11,25
1436,11,11,25
1437,11,11,25
1438,11,11,25
1439,11,11,25
1440,11,11,25
1441,11,11,25
1442,11,11,25
1443,11,11,25
1444,11,11,25
1445,11,11,25
1446,11,11,25
1447,11,11,25
1448,11,11,25
1449,11,11,25
1450,11,11,25
1451,11,11,25
1452,11,11,25
1453,11,11,25
1454,11,11,25
1455,11,11,25
1456,11,11,25
1457,11,11,25
1458,11,11,25
1459,11,11,25
1460,11,11,25
1461,11,11,25
1462,11,11,25
1463,11,11,25
1464,11,11,25
1465,11,11,25
1466,11,11,25
1467,11,11,25
1468,11,11,25
1469,11,11,25
1470,11,11,25
1471,11,11,25
1472,11,11,25
1473,11,11,25
1474,11,11,25
1475,11,11,25
1476,11,11,25
1477,11,11,25
1478,11,11,25
1479,11,11,25
1480,11,11,25
1481,11,11,25
1482,11,11,25
1483,11,11,25
1484,11,11,25
1485,11,11,25
1486,11,11,25
1487,11,11,25
1488,11,11,25
1489,11,11,25
1490,11,11,25
1491,11,11,25
1492,11,11,25
1493,11,11,25
1494,11,11,25
1495,11,11,25
1496,11,11,25
1497,11,11,25
1498,11,11,25
1499,11,11,25
1500,11,11,25
1501,11,11,24
1502,11,11,24
1503,11,11,25
1504,11,11,25
1505,11,11,25
1506,11,11,25
1507,11,11,25
1508,11,11,25
1509,11,11,25
1510,11,11,25
1511,11,11,25
1512,11,11,25
1513,11,11,25
1514,11,11,25
1515,11,11,25
1516,11,11,25
1517,11,11,25
1518,11,11,25
1519,11,11,25
1520,11,11,25
1521,11,11,25
1522,11,11,25
1523,11,11,25
1524,11,11,25
1525,11,11,25
1526,11,11,25
1527,11,11,24
1528,11,11,25
1529,11,11,25
1530,11,11,25
1531,11,11,25
1532,11,11,25
1533,11,11,25
1534,11,11,25
1535,11,11,25
1536,11,11,25
1537,11,11,25
1538,11,11,25
1539,11,11,25
1540,11,11,25
1541,11,11,25
1542,11,11,25
1543,11,11,24
1544,11,11,25
1545,11,11,25
1546,11,11,25
1547,11,11,25
1548,11,11,25
1549,11,11,25
1550,11,11,25
1551,11,11,25
1552,11,11,25
1553,11,11,25
1554,11,11,25
1555,11,11,25
1556,11,11,25
1557,11,11,25
1558,11,11,25
1559,11,11,25
1560,11,11,25
1561,11,11,25
1562,11,11,25
1563,11,11,25
1564,11,11,25
1565,11,11,25
1566,11,11,25
1567,11,11,25
1568,11,11,25
1569,11,11,25
1570,11,11,25
1571,11,11,25
1572,11,11,25
1573,11,11,25
1574,11,11,25
1575,11,11,25
1576,11,11,25
1577,11,11,25
1578,11,11,25
1579,11,11,25
1580,11,11,25
1581,11,11,25
1582,11,11,25
1583,11,11,25
1584,11,11,25
1585,11,11,25
1586,11,11,25
1587,11,11,25
1588,11,11,25
1589,11,11,24
1590,11,11,25
1591,11,11,25
1592,11,11,25
1593,11,11,25
1594,11,11,25
1595,11,11,25
1596,11,11,25
1597,11,11,25
1598,11,11,25
1599,11,11,25
1600,11,11,25
1601,11,11,25
1602,11,11,25
1603,11,11,24
1604,11,11,24
1605,11,11,25
1606,11,11,25
1607,11,11,25
1608,11,11,25
1609,11,11,25
1610,11,11,25
1611,11,11,25
1612,11,11,25
1613,11,11,24
1614,11,11,25
1615,11,11,25
1616,11,11,25
1617,11,11,25
1618,11,11,25
1619,11,11,25
1620,11,11,25
1621,11,11,25
1622,11,11,25
1623,11,11,25
1624,11,11,25
1625,11,11,25
1626,11,11,25
1627,11,11,25
1628,11,11,25
1629,11,11,25
1630,11,11,25
1631,11,11,25
1632,11,11,25
1633,11,11,25
1634,11,11,25
1635,11,11,25
1636,11,11,25
1637,11,11,25
1638,11,11,25
1639,11,11,25
1640,11,11,25
1641,11,11,25
1642,11,11,25
1643,11,11,25
1644,11,11,25
1645,11,11,25
1646,11,11,25
1647,11,11,25
1648,11,11,25
1649,11,11,25
1650,11,11,25
1651,11,11,25
1652,11,11,25
1653,11,11,25
1654,11,11,25
1655,11,11,25
1656,11,11,25
1657,11,11,25
1658,11,11,25
1659,11,11,25
1660,11,11,25
1661,11,11,25
1662,11,11,25
1663,11,11,25
1664,11,11,25
1665,11,11,25
1666,11,11,25
1667,11,11,25
1668,11,11,25
1669,11,11,25
1670,11,11,25
1671,11,11,25
1672,11,11,25
1673,11,11,25
1674,11,11,25
1675,11,11,25
1676,11,11,25
1677,11,11,25
1678,11,11,25
1679,11,11,25
1680,11,11,25
1681,11,11,25
1682,11,11,25
1683,11,11,25
1684,11,11,25
1685,11,11,25
1686,11,11,25
1687,11,11,25
1688,11,11,25
1689,11,11,25
1690,11,11,25
1691,11,11,25
1692,11,11,25
1693,11,11,25
1694,11,11,25
1695,11,11,25
1696,11,11,25
1697,11,11,25
1698,11,11,24
1699,11,11,25
1700,11,11,25
1701,11,11,25
1702,11,11,25
1703,11,11,25
1704,11,11,25
1705,11,11,25
1706,11,11,25
1707,11,11,25
1708,11,11,25
1709,11,11,25
1710,11,11,25
1711,11,11,25
1712,11,11,25
1713,11,11,25
1714,11,11,25
1715,11,11,25
1716,11,11,25
1717,11,11,24
1718,11,11,25
1719,11,11,25
1720,11,11,25
1721,11,11,25
1722,11,11,25
1723,11,11,25
1724,11,11,25
1725,11,11,25
1726,11,11,25
1727,11,11,25
1728,11,11,25
1729,11,11,25
1730,11,11,25
1731,11,11,25
1732,11,11,25
1733,11,11,25
1734,11,11,25
1735,12,11,25
1736,12,12,30
1737,12,12,30
1738,12,12,30
1739,12,12,30
1740,12,12,30
1741,12,12,30
1742,12,12,30
1743,12,12,30
1744,12,12,30
1745,12,12,30
1746,12,12,30
1747,12,12,30
1748,12,12,30
1749,12,12,30
1750,12,12,30
1751,12,12,30
1752,12,12,30
1753,12,12,30
1754,12,12,30
1755,12,12,30
1756,12,12,30
1757,12,12,30
1758,12,12,30
1759,12,12,30
1760,12,12,30
1761,12,12,30
1762,12,12,30
1763,12,12,30
1764,12,12,30
1765,12,12,30
1766,12,12,30
1767,12,12,30
1768,12,12,30
1769,12,12,30
1770,12,12,30
1771,12,12,30
1772,12,12,30
1773,12,12,30
1774,12,12,30
1775,12,12,30
1776,12,12,30
1777,12,12,30
1778,12,12,30
1779,12,12,30
1780,12,12,30
1781,12,12,30
1782,12,12,30
1783,12,12,30
1784,12,12,30
1785,12,12,30
1786,12,12,30
1787,12,12,30
1788,12,12,30
1789,12,12,30
1790,12,12,30
1791,12,12,30
1792,12,12,30
1793,12,12,30
1794,12,12,30
1795,12,12,30
1796,12,12,30
1797,12,12,30
1798,12,12,30
1799,12,12,30
1800,12,12,30
1801,12,12,30
1802,12,12,30
1803,12,12,30
1804,12,12,30
1805,12,12,30
1806,12,12,30
1807,12,12,30
1808,12,12,30
1809,12,12,30
1810,12,12,30
1811,12,12,30
1812,12,12,30
1813,12,12,30
1814,12,12,30
1815,12,12,30
1816,12,12,30
1817,12,12,30
1818,12,12,30
1819,12,12,30
1820,12,12,30
1821,12,12,30
1822,12,12,30
1823,12,12,30
1824,12,12,30
1825,12,12,30
1826,12,12,30
1827,12,12,30
1828,12,12,30
1829,12,12,30
1830,12,12,30
1831,12,12,30
1832,12,12,30
1833,12,12,30
1834,12,12,30
1835,12,12,30
1836,12,12,30
1837,12,12,30
1838,12,12,30
1839,12,12,30
1840,12,12,30
1841,12,12,30
1842,12,12,30
1843,12,12,30
1844,12,12,30
1845,12,12,30
1846,12,12,30
1847,12,12,30
1848,12,12,30
1849,12,12,30
1850,12,12,30
1851,12,12,30
1852,12,12,30
1853,12,12,30
1854,12,12,30
1855,12,12,30
1856,12,12,30
1857,12,12,30
1858,12,12,30
1859,12,12,30
1860,12,12,30
1861,12,12,30
1862,12,12,30
1863,12,12,30
1864,12,12,30
1865,12,12,30
1866,12,12,30
1867,12,12,30
1868,12,12,30
1869,12,12,30
1870,12,12,30
1871,12,12,30
1872,12,12,30
1873,12,12,30
1874,12,12,30
1875,12,12,30
1876,12,12,30
1877,12,12,30
1878,12,12,30
1879,12,12,30
1880,12,12,30
1881,12,12,30
1882,12,12,30
1883,12,12,30
1884,12,12,30
1885,12,12,30
1886,12,12,30
1887,12,12,30
1888,12,12,30
1889,12,12,30
1890,12,12,30
1891,12,12,30
1892,12,12,30
1893,12,12,30
1894,12,12,30
1895,12,12,30
1896,12,12,30
1897,12,12,30
1898,12,12,30
1899,12,12,29
1900,12,12,30
1901,12,12,30
1902,12,12,30
1903,12,12,30
1904,12,12,30
1905,12,12,30
1906,12,12,30
1907,12,12,30
1908,12,12,30
1909,12,12,30
1910,12,12,30
1911,12,12,30
1912,12,12,30
1913,12,12,30
1914,12,12,30
1915,12,12,30
1916,12,12,30
1917,12,12,30
1918,12,12,30
1919,12,12,30
1920,12,12,30
1921,12,12,30
1922,12,12,30
1923,12,12,30
1924,12,12,30
1925,12,12,30
1926,12,12,30
1927,12,12,30
1928,12,12,30
1929,12,12,30
1930,12,12,30
1931,12,12,30
1932,12,12,30
1933,12,12,30
1934,12,12,30
1935,12,12,30
1936,12,12,29
1937,12,12,30
1938,12,12,30
1939,12,12,30
1940,12,12,30
1941,12,12,30
1942,12,12,30
1943,12,12,30
1944,12,12,30
1945,12,12,30
1946,12,12,30
1947,12,12,30
1948,12,12,30
1949,12,12,30
1950,12,12,30
1951,12,12,30
1952,12,12,30
1953,12,12,30
1954,12,12,30
1955,12,12,30
1956,12,12,30
1957,12,12,30
1958,12,12,30
1959,12,12,30
1960,12,12,30
1961,12,12,30
1962,12,12,30
1963,12,12,30
1964,12,12,30
1965,12,12,30
1966,12,12,30
1967,12,12,30
1968,12,12,30
1969,12,12,30
1970,12,12,30
1971,12,12,30
1972,12,12,30
1973,12,12,30
1974,12,12,30
1975,12,12,30
1976,12,12,30
1977,12,12,30
1978,12,12,30
1979,12,12,30
1980,12,12,30
1981,12,12,29
1982,12,12,30
1983,12,12,30
1984,12,12,30
1985,12,12,30
1986,12,12,30
1987,12,12,30
1988,12,12,30
1989,12,12,30
1990,12,12,30
1991,12,12,30
1992,12,12,30
1993,12,12,30
1994,12,12,30
1995,12,12,30
1996,12,12,30
1997,12,12,29
1998,12,12,30
1999,12,12,30
