0,1,0,0
1,0,0,0
2,1,0,0
3,1,0,0
4,1,0,0
5,1,0,0
6,2,0,0
7,2,0,0
8,1,0,0
9,2,0,0
10,2,0,0
11,2,0,0
12,1,0,0
13,1,0,0
14,2,0,0
15,2,0,0
16,1,0,0
17,1,0,0
18,1,0,0
19,1,0,0
20,2,0,0
21,2,0,0
22,1,0,0
23,1,0,0
24,1,0,0
25,1,0,0
26,1,0,0
27,1,0,0
28,1,0,0
29,1,0,0
30,1,0,0
31,1,0,0
32,1,0,0
33,1,0,0
34,2,0,0
35,1,0,0
36,1,0,0
37,1,0,0
38,1,0,0
39,1,0,0
40,1,0,0
41,1,0,0
42,2,0,0
43,1,0,0
44,1,0,0
45,1,0,0
46,1,0,0
47,1,0,0
48,2,0,0
49,2,2,1
50,2,0,0
51,2,2,1
52,2,0,0
53,2,0,0
54,2,0,0
55,2,0,0
56,2,0,0
57,2,0,0
58,2,0,0
59,3,0,0
60,3,0,0
61,3,2,1
62,3,2,1
63,3,2,1
64,3,0,0
65,3,0,0
66,3,2,1
67,3,0,0
68,3,0,0
69,2,0,0
70,2,0,0
71,2,0,0
72,2,0,0
73,2,0,0
74,2,0,0
75,2,0,0
76,3,0,0
77,3,2,1
78,2,0,0
79,2,2,1
80,2,2,1
81,2,0,0
82,2,0,0
83,2,0,0
84,2,0,0
85,2,0,0
86,2,0,0
87,2,0,0
88,2,0,0
89,2,0,0
90,2,0,0
91,2,0,0
92,2,0,0
93,2,2,1
94,2,0,0
95,2,0,0
96,2,0,0
97,2,0,0
98,2,0,0
99,2,0,0
100,3,0,0
101,3,2,1
102,3,2,1
103,3,2,1
104,3,2,1
105,3,0,0
106,3,0,0
107,3,0,0
108,2,0,0
109,2,0,0
110,2,0,0
111,3,0,0
112,1,0,0
113,1,0,0
114,1,0,0
115,2,0,0
116,1,0,0
117,2,0,0
118,1,0,0
119,2,0,0
120,1,0,0
121,1,0,0
122,2,0,0
123,2,2,1
124,2,0,0
125,2,0,0
126,2,0,0
127,3,2,1
128,3,0,0
129,3,0,0
130,3,0,0
131,4,0,0
132,3,0,0
133,4,0,0
134,3,0,0
135,4,0,0
136,4,0,0
137,2,0,0
138,1,0,0
139,1,0,0
140,1,0,0
141,0,0,0
142,2,0,0
143,1,0,0
144,1,0,0
145,1,0,0
146,1,0,0
147,1,0,0
148,1,0,0
149,2,0,0
150,2,0,0
151,1,0,0
152,1,0,0
153,1,0,0
154,1,0,0
155,1,0,0
156,1,0,0
157,1,0,0
158,1,0,0
159,1,0,0
160,2,0,0
161,2,0,0
162,3,0,0
163,2,0,0
164,2,0,0
165,2,0,0
166,2,0,0
167,2,0,0
168,2,0,0
169,2,0,0
170,1,0,0
171,1,0,0
172,1,0,0
173,1,0,0
174,1,0,0
175,1,0,0
176,1,0,0
177,1,0,0
178,2,0,0
179,2,0,0
180,2,0,0
181,2,0,0
182,1,0,0
183,2,0,0
184,2,0,0
185,2,0,0
186,2,0,0
187,2,0,0
188,2,0,0
189,2,0,0
190,2,0,0
191,1,0,0
192,2,0,0
193,2,0,0
194,0,0,0
195,1,0,0
196,1,0,0
197,2,0,0
198,2,0,0
199,2,0,0
200,2,0,0
201,2,0,0
202,2,0,0
203,2,0,0
204,2,0,0
205,2,0,0
206,2,0,0
207,2,0,0
208,2,0,0
209,2,0,0
210,2,0,0
211,2,0,0
212,3,0,0
213,4,2,1
214,3,0,0
215,4,0,0
216,3,0,0
217,3,0,0
218,2,0,0
219,1,0,0
220,1,0,0
221,1,0,0
222,1,0,0
223,2,0,0
224,2,0,0
225,2,0,0
226,2,0,0
227,3,0,0
228,3,0,0
229,3,2,1
230,3,0,0
231,3,2,1
232,3,3,2
233,4,2,1
234,3,0,0
235,3,0,0
236,3,0,0
237,3,0,0
238,3,0,0
239,3,0,0
240,3,0,0
241,3,0,0
242,3,0,0
243,2,0,0
244,2,0,0
245,2,0,0
246,2,0,0
247,1,0,0
248,1,0,0
249,3,0,0
250,3,0,0
251,2,0,0
252,2,0,0
253,2,0,0
254,2,0,0
255,2,0,0
256,2,0,0
257,3,0,0
258,3,0,0
259,3,0,0
260,2,0,0
261,3,0,0
262,4,0,0
263,4,0,0
264,3,0,0
265,3,0,0
266,3,0,0
267,3,0,0
268,3,0,0
269,3,0,0
270,3,0,0
271,3,0,0
272,3,0,0
273,3,0,0
274,3,0,0
275,4,2,1
276,4,2,1
277,4,2,1
278,4,2,1
279,4,0,0
280,3,0,0
281,3,0,0
282,3,0,0
283,2,0,0
284,3,0,0
285,2,0,0
286,2,0,0
287,2,0,0
288,2,0,0
289,2,0,0
290,2,0,0
291,2,0,0
292,2,0,0
293,2,0,0
294,2,0,0
295,1,0,0
296,1,0,0
297,1,0,0
298,2,0,0
299,2,0,0
300,2,0,0
301,2,0,0
302,2,0,0
303,2,0,0
304,2,0,0
305,2,0,0
306,2,0,0
307,2,0,0
308,2,0,0
309,2,0,0
310,2,0,0
311,2,0,0
312,2,0,0
313,2,0,0
314,2,0,0
315,1,0,0
316,1,0,0
317,1,0,0
318,1,0,0
319,1,0,0
320,1,0,0
321,1,0,0
322,1,0,0
323,1,0,0
324,1,0,0
325,1,0,0
326,1,0,0
327,1,0,0
328,1,0,0
329,1,0,0
330,1,0,0
331,1,0,0
332,2,0,0
333,1,0,0
334,2,2,1
335,2,2,1
336,2,2,1
337,2,2,1
338,2,2,1
339,3,2,1
340,2,0,0
341,3,0,0
342,3,0,0
343,3,0,0
344,2,0,0
345,4,0,0
346,3,0,0
347,4,0,0
348,2,0,0
349,3,0,0
350,3,0,0
351,3,2,1
352,2,0,0
353,2,0,0
354,3,2,1
355,3,0,0
356,3,0,0
357,3,0,0
358,3,0,0
359,3,0,0
360,3,0,0
361,3,0,0
362,3,0,0
363,2,0,0
364,3,0,0
365,3,2,1
366,2,2,1
367,2,2,1
368,2,2,1
369,2,0,0
370,2,0,0
371,2,0,0
372,2,0,0
373,3,2,1
374,3,2,1
375,3,0,0
376,3,0,0
377,3,0,0
378,3,0,0
379,3,0,0
380,4,0,0
381,4,0,0
382,3,0,0
383,4,0,0
384,3,0,0
385,3,0,0
386,3,0,0
387,3,0,0
388,3,0,0
389,2,0,0
390,2,0,0
391,2,0,0
392,2,0,0
393,2,0,0
394,2,0,0
395,2,0,0
396,2,0,0
397,2,0,0
398,2,0,0
399,2,0,0
400,2,0,0
401,2,0,0
402,2,0,0
403,2,0,0
404,2,0,0
405,2,0,0
406,2,0,0
407,2,0,0
408,3,0,0
409,2,0,0
410,3,2,1
411,2,0,0
412,3,0,0
413,3,0,0
414,3,2,1
415,3,0,0
416,2,0,0
417,2,2,1
418,2,2,1
419,2,2,1
420,2,0,0
421,2,0,0
422,3,0,0
423,3,0,0
424,3,0,0
425,3,0,0
426,3,0,0
427,2,0,0
428,3,0,0
429,3,0,0
430,3,0,0
431,3,2,1
432,3,0,0
433,2,0,0
434,3,2,1
435,2,0,0
436,2,0,0
437,2,0,0
438,2,0,0
439,2,0,0
440,2,0,0
441,2,0,0
442,1,0,0
443,1,0,0
444,1,0,0
445,1,0,0
446,2,0,0
447,3,0,0
448,3,0,0
449,3,0,0
450,4,0,0
451,4,0,0
452,4,0,0
453,4,0,0
454,4,0,0
455,4,0,0
456,4,0,0
457,3,0,0
458,3,0,0
459,3,0,0
460,3,0,0
461,3,0,0
462,4,0,0
463,3,0,0
464,3,0,0
465,3,0,0
466,4,0,0
467,4,0,0
468,4,3,2
469,3,3,2
470,3,2,1
471,3,2,1
472,3,2,1
473,3,3,2
474,4,2,1
475,3,2,1
476,3,2,1
477,4,2,1
478,4,2,1
479,3,0,0
480,3,0,0
481,3,0,0
482,3,2,1
483,3,2,1
484,3,0,0
485,3,0,0
486,2,0,0
487,2,0,0
488,3,0,0
489,2,0,0
490,2,0,0
491,2,0,0
492,2,0,0
493,2,2,1
494,3,0,0
495,2,0,0
496,2,0,0
497,2,2,1
498,2,2,1
499,2,0,0
500,2,0,0
501,4,0,0
502,3,0,0
503,3,0,0
504,3,0,0
505,3,0,0
506,3,0,0
507,3,0,0
508,3,0,0
509,3,0,0
510,2,0,0
511,1,0,0
512,2,0,0
513,3,0,0
514,3,0,0
515,3,0,0
516,3,0,0
517,3,0,0
518,2,0,0
519,3,0,0
520,2,0,0
521,2,0,0
522,1,0,0
523,1,0,0
524,2,0,0
525,2,0,0
526,2,0,0
527,2,0,0
528,2,0,0
529,1,0,0
530,1,0,0
531,1,0,0
532,1,0,0
533,2,0,0
534,2,0,0
535,2,0,0
536,2,0,0
537,2,0,0
538,2,0,0
539,2,0,0
540,2,0,0
541,2,0,0
542,2,0,0
543,2,0,0
544,2,0,0
545,2,0,0
546,2,0,0
547,2,0,0
548,2,0,0
549,2,0,0
550,2,2,1
551,2,0,0
552,2,0,0
553,2,0,0
554,2,2,1
555,2,0,0
556,2,0,0
557,2,0,0
558,2,0,0
559,2,0,0
560,2,0,0
561,2,0,0
562,2,0,0
563,2,0,0
564,2,0,0
565,2,0,0
566,2,0,0
567,2,2,1
568,3,2,1
569,2,0,0
570,3,2,1
571,2,0,0
572,2,0,0
573,2,0,0
574,2,0,0
575,2,0,0
576,2,0,0
577,1,0,0
578,1,0,0
579,1,0,0
580,1,0,0
581,1,0,0
582,1,0,0
583,1,0,0
584,2,0,0
585,2,0,0
586,1,0,0
587,1,0,0
588,1,0,0
589,1,0,0
590,1,0,0
591,1,0,0
592,2,0,0
593,1,0,0
594,2,0,0
595,1,0,0
596,2,0,0
597,1,0,0
598,1,0,0
599,1,0,0
600,0,0,0
601,1,0,0
602,1,0,0
603,1,0,0
604,1,0,0
605,1,0,0
606,1,0,0
607,1,0,0
608,1,0,0
609,1,0,0
610,1,0,0
611,1,0,0
612,1,0,0
613,2,0,0
614,1,0,0
615,2,0,0
616,1,0,0
617,1,0,0
618,0,0,0
619,0,0,0
620,0,0,0
621,2,0,0
622,1,0,0
623,1,0,0
624,2,0,0
625,2,0,0
626,2,0,0
627,2,0,0
628,2,0,0
629,2,0,0
630,3,0,0
631,2,0,0
632,4,2,1
633,4,0,0
634,4,0,0
635,4,0,0
636,4,0,0
637,4,2,1
638,4,0,0
639,4,0,0
640,4,0,0
641,4,0,0
642,3,0,0
643,3,0,0
644,3,0,0
645,3,0,0
646,3,0,0
647,3,0,0
648,3,0,0
649,3,0,0
650,3,0,0
651,4,0,0
652,3,0,0
653,2,0,0
654,1,0,0
655,1,0,0
656,1,0,0
657,1,0,0
658,1,0,0
659,1,0,0
660,1,0,0
661,1,0,0
662,1,0,0
663,2,0,0
664,1,0,0
665,1,0,0
666,1,0,0
667,0,0,0
668,0,0,0
669,0,0,0
670,1,0,0
671,1,0,0
672,1,0,0
673,1,0,0
674,2,0,0
675,1,0,0
676,1,0,0
677,1,0,0
678,2,0,0
679,2,2,1
680,2,0,0
681,2,2,1
682,2,0,0
683,2,0,0
684,3,0,0
685,3,0,0
686,3,0,0
687,2,2,1
688,4,0,0
689,2,0,0
690,2,0,0
691,2,0,0
692,2,0,0
693,2,0,0
694,2,0,0
695,3,2,1
696,4,0,0
697,2,0,0
698,2,0,0
699,3,0,0
700,2,0,0
701,2,0,0
702,3,0,0
703,2,0,0
704,2,2,1
705,2,2,1
706,3,2,1
707,3,2,1
708,2,2,1
709,2,2,1
710,2,2,1
711,2,0,0
712,2,0,0
713,2,0,0
714,2,0,0
715,2,0,0
716,1,0,0
717,1,0,0
718,1,0,0
719,1,0,0
720,2,0,0
721,3,0,0
722,2,0,0
723,2,0,0
724,4,0,0
725,2,0,0
726,2,0,0
727,3,0,0
728,4,0,0
729,4,0,0
730,4,0,0
731,4,2,1
732,3,0,0
733,3,0,0
734,3,0,0
735,4,2,1
736,3,2,1
737,3,2,1
738,3,0,0
739,2,0,0
740,2,0,0
741,2,0,0
742,2,2,1
743,2,0,0
744,2,0,0
745,2,0,0
746,2,0,0
747,2,0,0
748,2,0,0
749,2,0,0
750,2,0,0
751,2,0,0
752,2,0,0
753,2,0,0
754,2,0,0
755,2,0,0
756,2,0,0
757,2,0,0
758,2,0,0
759,2,0,0
760,2,0,0
761,2,0,0
762,2,0,0
763,2,0,0
764,3,2,1
765,3,2,1
766,4,2,1
767,3,0,0
768,3,2,1
769,3,2,1
770,2,2,1
771,2,2,1
772,2,2,1
773,2,2,1
774,2,2,1
775,2,2,1
776,2,0,0
777,2,0,0
778,2,0,0
779,2,0,0
780,2,0,0
781,2,0,0
782,2,0,0
783,2,0,0
784,2,0,0
785,2,0,0
786,2,0,0
787,2,2,1
788,3,0,0
789,3,0,0
790,3,0,0
791,4,0,0
792,4,0,0
793,4,0,0
794,4,2,1
795,4,0,0
796,4,0,0
797,4,0,0
798,4,0,0
799,3,0,0
800,4,2,1
801,4,0,0
802,4,0,0
803,2,2,1
804,2,0,0
805,2,0,0
806,2,0,0
807,2,0,0
808,3,0,0
809,3,0,0
810,2,0,0
811,2,0,0
812,2,0,0
813,2,0,0
814,2,0,0
815,3,0,0
816,3,2,1
817,2,0,0
818,2,0,0
819,2,0,0
820,3,0,0
821,3,0,0
822,3,0,0
823,4,0,0
824,4,0,0
825,4,0,0
826,5,2,1
827,5,2,1
828,5,0,0
829,5,0,0
830,5,0,0
831,4,2,1
832,4,0,0
833,4,2,1
834,4,0,0
835,4,0,0
836,4,2,1
837,4,0,0
838,3,0,0
839,3,0,0
840,2,0,0
841,2,0,0
842,3,0,0
843,4,0,0
844,4,0,0
845,4,2,1
846,4,2,1
847,2,2,1
848,2,2,1
849,2,0,0
850,2,0,0
851,2,0,0
852,2,0,0
853,2,0,0
854,2,2,1
855,2,0,0
856,2,0,0
857,2,0,0
858,2,0,0
859,1,0,0
860,3,0,0
861,2,0,0
862,2,0,0
863,2,0,0
864,1,0,0
865,1,0,0
866,1,0,0
867,1,0,0
868,2,0,0
869,2,0,0
870,2,0,0
871,2,0,0
872,2,0,0
873,2,0,0
874,2,0,0
875,2,0,0
876,2,0,0
877,2,0,0
878,2,0,0
879,2,0,0
880,2,0,0
881,2,0,0
882,2,0,0
883,3,0,0
884,2,0,0
885,2,0,0
886,2,0,0
887,2,0,0
888,2,0,0
889,2,0,0
890,2,0,0
891,2,0,0
892,2,0,0
893,2,0,0
894,3,0,0
895,2,0,0
896,2,0,0
897,2,0,0
898,2,0,0
899,2,0,0
900,2,0,0
901,2,0,0
902,3,0,0
903,3,0,0
904,2,0,0
905,2,0,0
906,3,0,0
907,3,0,0
908,3,0,0
909,3,0,0
910,3,0,0
911,3,0,0
912,3,0,0
913,3,0,0
914,3,0,0
915,3,0,0
916,3,0,0
917,3,0,0
918,3,0,0
919,3,0,0
920,3,0,0
921,3,0,0
922,3,0,0
923,3,0,0
924,2,0,0
925,2,0,0
926,2,0,0
927,2,0,0
928,3,0,0
929,3,0,0
930,2,0,0
931,2,0,0
932,2,0,0
933,2,0,0
934,2,0,0
935,2,0,0
936,1,0,0
937,2,0,0
938,1,0,0
939,2,0,0
940,1,0,0
941,1,0,0
942,1,0,0
943,2,0,0
944,2,0,0
945,2,0,0
946,1,0,0
947,1,0,0
948,1,0,0
949,1,0,0
950,1,0,0
951,1,0,0
952,2,0,0
953,2,0,0
954,2,0,0
955,2,0,0
956,2,0,0
957,2,0,0
958,2,0,0
959,2,0,0
960,1,0,0
961,1,0,0
962,2,0,0
963,2,0,0
964,2,0,0
965,1,0,0
966,1,0,0
967,1,0,0
968,1,0,0
969,1,0,0
970,1,0,0
971,1,0,0
972,2,0,0
973,3,0,0
974,3,0,0
975,3,0,0
976,3,0,0
977,3,2,1
978,3,2,1
979,3,0,0
980,4,0,0
981,3,0,0
982,3,0,0
983,3,0,0
984,3,0,0
985,3,0,0
986,2,0,0
987,2,0,0
988,2,0,0
989,2,0,0
990,3,0,0
991,2,0,0
992,2,0,0
993,3,0,0
994,3,0,0
995,2,0,0
996,1,0,0
997,1,0,0
998,2,0,0
999,2,0,0
1000,2,0,0
1001,1,0,0
1002,1,0,0
1003,1,0,0
1004,1,0,0
1005,2,0,0
1006,2,0,0
1007,2,0,0
1008,2,0,0
1009,2,0,0
1010,2,0,0
1011,2,0,0
1012,2,0,0
1013,2,0,0
1014,2,0,0
1015,2,0,0
1016,1,0,0
1017,1,0,0
1018,1,0,0
1019,1,0,0
1020,2,0,0
1021,1,0,0
1022,1,0,0
1023,2,0,0
1024,1,0,0
1025,1,0,0
1026,1,0,0
1027,1,0,0
1028,1,0,0
1029,1,0,0
1030,1,0,0
1031,2,0,0
1032,2,0,0
1033,2,0,0
1034,1,0,0
1035,1,0,0
1036,2,0,0
1037,1,0,0
1038,3,2,1
1039,2,0,0
1040,2,0,0
1041,2,0,0
1042,3,0,0
1043,2,0,0
1044,2,0,0
1045,2,0,0
1046,2,0,0
1047,3,2,1
1048,2,0,0
1049,3,0,0
1050,3,2,1
1051,5,2,1
1052,5,0,0
1053,5,0,0
1054,5,0,0
1055,5,2,1
1056,5,0,0
1057,5,2,1
1058,5,2,1
1059,5,2,1
1060,5,3,3
1061,3,3,2
1062,4,3,2
1063,3,3,2
1064,3,3,2
1065,4,0,0
1066,3,0,0
1067,3,0,0
1068,4,0,0
1069,4,0,0
1070,4,3,2
1071,4,3,2
1072,4,0,0
1073,4,2,1
1074,3,2,1
1075,3,0,0
1076,2,0,0
1077,2,0,0
1078,2,0,0
1079,2,0,0
1080,2,0,0
1081,2,0,0
1082,2,0,0
1083,2,0,0
1084,2,0,0
1085,2,0,0
1086,2,0,0
1087,2,0,0
1088,2,0,0
1089,2,0,0
1090,1,0,0
1091,1,0,0
1092,2,2,1
1093,3,0,0
1094,2,0,0
1095,2,0,0
1096,2,0,0
1097,2,0,0
1098,2,0,0
1099,2,0,0
1100,2,0,0
1101,2,0,0
1102,2,0,0
1103,2,0,0
1104,2,0,0
1105,2,0,0
1106,2,0,0
1107,2,0,0
1108,2,0,0
1109,2,0,0
1110,2,0,0
1111,2,0,0
1112,2,0,0
1113,2,0,0
1114,2,0,0
1115,2,0,0
1116,2,0,0
1117,2,0,0
1118,2,0,0
1119,2,0,0
1120,2,0,0
1121,2,0,0
1122,2,0,0
1123,2,0,0
1124,2,0,0
1125,2,0,0
1126,3,0,0
1127,3,0,0
1128,3,0,0
1129,3,0,0
1130,3,0,0
1131,3,2,1
1132,3,3,2
1133,3,3,2
1134,4,2,1
1135,3,0,0
1136,3,0,0
1137,4,0,0
1138,4,0,0
1139,2,0,0
1140,2,0,0
1141,2,0,0
1142,2,0,0
1143,2,0,0
1144,2,0,0
1145,3,0,0
1146,2,0,0
1147,2,0,0
1148,2,0,0
1149,2,0,0
1150,2,0,0
1151,3,0,0
1152,2,0,0
1153,2,0,0
1154,2,0,0
1155,2,0,0
1156,3,0,0
1157,3,0,0
1158,2,0,0
1159,2,0,0
1160,2,0,0
1161,2,0,0
1162,2,0,0
1163,2,0,0
1164,2,0,0
1165,1,0,0
1166,1,0,0
1167,2,0,0
1168,2,0,0
1169,2,0,0
1170,2,0,0
1171,2,0,0
1172,2,0,0
1173,1,0,0
1174,2,0,0
1175,2,0,0
1176,1,0,0
1177,1,0,0
1178,1,0,0
1179,1,0,0
1180,1,0,0
1181,1,0,0
1182,1,0,0
1183,1,0,0
1184,1,0,0
1185,1,0,0
1186,1,0,0
1187,1,0,0
1188,1,0,0
1189,1,0,0
1190,1,0,0
1191,1,0,0
1192,1,0,0
1193,1,0,0
1194,1,0,0
1195,1,0,0
1196,1,0,0
1197,1,0,0
1198,2,0,0
1199,2,0,0
1200,1,0,0
1201,1,0,0
1202,1,0,0
1203,1,0,0
1204,1,0,0
1205,1,0,0
1206,1,0,0
1207,1,0,0
1208,1,0,0
1209,1,0,0
1210,1,0,0
1211,1,0,0
1212,1,0,0
1213,2,0,0
1214,2,0,0
1215,2,0,0
1216,2,0,0
1217,2,0,0
1218,2,0,0
1219,2,0,0
1220,2,0,0
1221,2,0,0
1222,1,0,0
1223,2,0,0
1224,2,0,0
1225,1,0,0
1226,1,0,0
1227,2,0,0
1228,1,0,0
1229,1,0,0
1230,1,0,0
1231,1,0,0
1232,1,0,0
1233,2,0,0
1234,2,0,0
1235,2,0,0
1236,2,0,0
1237,2,0,0
1238,2,0,0
1239,2,0,0
1240,2,0,0
1241,2,0,0
1242,3,0,0
1243,2,0,0
1244,2,0,0
1245,1,0,0
1246,1,0,0
1247,1,0,0
1248,1,0,0
1249,1,0,0
1250,2,0,0
1251,3,0,0
1252,1,0,0
1253,1,0,0
1254,2,0,0
1255,2,0,0
1256,2,0,0
1257,2,0,0
1258,2,0,0
1259,2,0,0
1260,2,0,0
1261,2,0,0
1262,2,0,0
1263,2,0,0
1264,2,0,0
1265,1,0,0
1266,2,0,0
1267,2,0,0
1268,2,0,0
1269,2,0,0
1270,2,0,0
1271,2,0,0
1272,1,0,0
1273,0,0,0
1274,0,0,0
1275,1,0,0
1276,1,0,0
1277,1,0,0
1278,2,0,0
1279,3,0,0
1280,2,0,0
1281,2,0,0
1282,2,0,0
1283,2,0,0
1284,2,0,0
1285,2,0,0
1286,2,0,0
1287,2,0,0
1288,2,2,1
1289,2,2,1
1290,2,2,1
1291,2,0,0
1292,2,2,1
1293,2,0,0
1294,2,0,0
1295,3,0,0
1296,3,0,0
1297,3,0,0
1298,2,0,0
1299,3,0,0
1300,3,0,0
1301,2,0,0
1302,2,0,0
1303,3,0,0
1304,1,0,0
1305,1,0,0
1306,2,0,0
1307,1,0,0
1308,2,0,0
1309,2,0,0
1310,2,0,0
1311,2,0,0
1312,3,0,0
1313,3,0,0
1314,3,0,0
1315,3,0,0
1316,3,0,0
1317,2,0,0
1318,1,0,0
1319,1,0,0
1320,1,0,0
1321,1,0,0
1322,1,0,0
1323,1,0,0
1324,2,0,0
1325,3,0,0
1326,1,0,0
1327,2,0,0
1328,1,0,0
1329,1,0,0
1330,2,0,0
1331,1,0,0
1332,2,0,0
1333,2,0,0
1334,2,0,0
1335,2,2,1
1336,2,0,0
1337,2,0,0
1338,2,0,0
1339,2,0,0
1340,2,0,0
1341,2,0,0
1342,1,0,0
1343,1,0,0
1344,2,0,0
1345,2,0,0
1346,3,0,0
1347,3,2,1
1348,3,0,0
1349,3,0,0
1350,3,0,0
1351,3,0,0
1352,3,0,0
1353,3,0,0
1354,3,0,0
1355,3,0,0
1356,3,0,0
1357,3,0,0
1358,3,2,1
1359,3,2,1
1360,3,0,0
1361,3,0,0
1362,3,3,2
1363,3,3,2
1364,3,2,1
1365,3,2,1
1366,3,2,1
1367,3,2,1
1368,3,2,1
1369,3,2,1
1370,3,2,1
1371,3,2,1
1372,3,2,1
1373,3,2,1
1374,3,2,1
1375,3,2,1
1376,3,2,1
1377,3,0,0
1378,2,0,0
1379,3,0,0
1380,3,2,1
1381,3,0,0
1382,2,0,0
1383,2,0,0
1384,2,0,0
1385,2,0,0
1386,2,0,0
1387,2,0,0
1388,4,0,0
1389,4,0,0
1390,3,0,0
1391,3,0,0
1392,4,2,1
1393,4,0,0
1394,4,2,1
1395,3,0,0
1396,3,0,0
1397,3,0,0
1398,4,2,1
1399,2,0,0
1400,2,0,0
1401,2,0,0
1402,2,0,0
1403,2,0,0
1404,2,0,0
1405,2,0,0
1406,2,0,0
1407,2,0,0
1408,3,0,0
1409,3,2,1
1410,3,0,0
1411,2,2,1
1412,2,2,1
1413,2,2,1
1414,2,2,1
1415,2,0,0
1416,3,0,0
1417,3,2,1
1418,3,0,0
1419,3,0,0
1420,3,2,1
1421,3,0,0
1422,3,0,0
1423,3,0,0
1424,5,0,0
1425,3,0,0
1426,3,0,0
1427,3,0,0
1428,2,0,0
1429,2,0,0
1430,1,0,0
1431,1,0,0
1432,1,0,0
1433,2,0,0
1434,2,0,0
1435,2,0,0
1436,3,0,0
1437,1,0,0
1438,1,0,0
1439,1,0,0
1440,1,0,0
1441,1,0,0
1442,1,0,0
1443,2,0,0
1444,1,0,0
1445,2,0,0
1446,2,0,0
1447,3,0,0
1448,1,0,0
1449,1,0,0
1450,1,0,0
1451,1,0,0
1452,1,0,0
1453,1,0,0
1454,0,0,0
1455,1,0,0
1456,1,0,0
1457,1,0,0
1458,1,0,0
1459,1,0,0
1460,1,0,0
1461,1,0,0
1462,1,0,0
1463,1,0,0
1464,2,0,0
1465,3,0,0
1466,1,0,0
1467,2,0,0
1468,1,0,0
1469,2,0,0
1470,1,0,0
1471,2,0,0
1472,2,0,0
1473,2,0,0
1474,2,0,0
1475,1,0,0
1476,2,0,0
1477,2,0,0
1478,1,0,0
1479,1,0,0
1480,1,0,0
1481,3,0,0
1482,2,0,0
1483,2,0,0
1484,2,0,0
1485,2,0,0
1486,3,0,0
1487,3,0,0
1488,2,0,0
1489,2,0,0
1490,2,0,0
1491,2,0,0
1492,2,0,0
1493,2,0,0
1494,2,0,0
1495,2,0,0
1496,2,0,0
1497,2,0,0
1498,2,0,0
1499,2,0,0
1500,2,0,0
1501,2,0,0
1502,2,0,0
1503,2,0,0
1504,2,0,0
1505,2,0,0
1506,2,0,0
1507,2,0,0
1508,2,0,0
1509,1,0,0
1510,1,0,0
1511,1,0,0
1512,1,0,0
1513,1,0,0
1514,1,0,0
1515,1,0,0
1516,2,0,0
1517,2,0,0
1518,2,0,0
1519,2,0,0
1520,2,0,0
1521,2,0,0
1522,3,0,0
1523,2,0,0
1524,2,0,0
1525,2,0,0
1526,2,0,0
1527,2,0,0
1528,2,0,0
1529,2,0,0
1530,2,0,0
1531,2,0,0
1532,2,0,0
1533,3,0,0
1534,3,0,0
1535,3,0,0
1536,2,0,0
1537,3,2,1
1538,3,0,0
1539,2,0,0
1540,2,0,0
1541,2,0,0
1542,2,0,0
1543,2,0,0
1544,2,0,0
1545,2,2,1
1546,2,0,0
1547,2,0,0
1548,2,0,0
1549,2,0,0
1550,2,0,0
1551,2,0,0
1552,2,0,0
1553,2,0,0
1554,3,0,0
1555,2,0,0
1556,2,0,0
1557,2,0,0
1558,2,0,0
1559,2,0,0
1560,3,0,0
1561,2,0,0
1562,2,0,0
1563,3,0,0
1564,3,0,0
1565,3,0,0
1566,3,0,0
1567,3,0,0
1568,3,0,0
1569,2,0,0
1570,2,0,0
1571,3,0,0
1572,3,0,0
1573,3,0,0
1574,2,0,0
1575,2,0,0
1576,3,0,0
1577,4,0,0
1578,3,0,0
1579,4,0,0
1580,4,0,0
1581,4,0,0
1582,4,0,0
1583,4,0,0
1584,3,0,0
1585,3,0,0
1586,3,0,0
1587,3,0,0
1588,3,0,0
1589,2,0,0
1590,2,0,0
1591,2,0,0
1592,2,0,0
1593,1,0,0
1594,1,0,0
1595,1,0,0
1596,2,0,0
1597,2,0,0
1598,2,0,0
1599,2,0,0
1600,2,0,0
1601,1,0,0
1602,1,0,0
1603,1,0,0
1604,1,0,0
1605,1,0,0
1606,2,0,0
1607,2,0,0
1608,2,0,0
1609,2,0,0
1610,2,0,0
1611,2,2,1
1612,2,0,0
1613,2,0,0
1614,2,0,0
1615,2,0,0
1616,4,0,0
1617,3,0,0
1618,3,0,0
1619,3,0,0
1620,3,0,0
1621,3,0,0
1622,3,0,0
1623,2,0,0
1624,2,0,0
1625,2,0,0
1626,2,0,0
1627,2,0,0
1628,2,0,0
1629,2,0,0
1630,2,0,0
1631,2,0,0
1632,2,2,1
1633,2,0,0
1634,2,0,0
1635,2,0,0
1636,1,0,0
1637,1,0,0
1638,2,0,0
1639,2,0,0
1640,2,0,0
1641,1,0,0
1642,1,0,0
1643,1,0,0
1644,2,0,0
1645,3,0,0
1646,3,0,0
1647,3,0,0
1648,3,0,0
1649,2,0,0
1650,3,0,0
1651,3,0,0
1652,3,0,0
1653,3,0,0
1654,3,3,2
1655,3,3,2
1656,3,3,2
1657,3,3,3
1658,3,3,2
1659,3,3,2
1660,3,3,2
1661,3,3,2
1662,3,3,2
1663,3,3,3
1664,4,3,2
1665,4,4,4
1666,4,4,3
1667,5,3,3
1668,5,3,2
1669,5,3,3
1670,4,3,3
1671,4,3,3
1672,4,3,3
1673,4,2,1
1674,4,0,0
1675,5,0,0
1676,5,0,0
1677,4,2,1
1678,4,2,1
1679,3,0,0
1680,3,0,0
1681,3,0,0
1682,3,2,1
1683,3,0,0
1684,3,0,0
1685,3,0,0
1686,3,0,0
1687,3,0,0
1688,3,0,0
1689,3,0,0
1690,3,0,0
1691,3,0,0
1692,3,0,0
1693,2,0,0
1694,3,2,1
1695,3,0,0
1696,4,0,0
1697,4,0,0
1698,4,2,1
1699,4,2,1
1700,4,0,0
1701,4,0,0
1702,4,0,0
1703,4,2,1
1704,4,0,0
1705,4,0,0
1706,4,0,0
1707,4,0,0
1708,4,0,0
1709,3,0,0
1710,3,0,0
1711,3,2,1
1712,3,2,1
1713,3,2,1
1714,3,2,1
1715,3,0,0
1716,3,0,0
1717,3,0,0
1718,3,0,0
1719,3,0,0
1720,3,0,0
1721,3,0,0
1722,3,0,0
1723,3,0,0
1724,3,0,0
1725,3,0,0
1726,3,0,0
1727,2,0,0
1728,2,0,0
1729,2,0,0
1730,3,0,0
1731,2,0,0
1732,2,0,0
1733,2,0,0
1734,2,0,0
1735,2,0,0
1736,2,2,1
1737,3,2,1
1738,3,0,0
1739,2,0,0
1740,2,0,0
1741,2,0,0
1742,2,0,0
1743,2,0,0
1744,2,0,0
1745,2,0,0
1746,2,0,0
1747,2,0,0
1748,2,0,0
1749,2,0,0
1750,3,0,0
1751,2,0,0
1752,2,0,0
1753,2,0,0
1754,2,0,0
1755,2,0,0
1756,2,0,0
1757,2,0,0
1758,1,0,0
1759,1,0,0
1760,1,0,0
1761,2,0,0
1762,2,0,0
1763,2,0,0
1764,1,0,0
1765,1,0,0
1766,2,0,0
1767,2,0,0
1768,2,0,0
1769,3,0,0
1770,4,0,0
1771,3,0,0
1772,3,0,0
1773,3,0,0
1774,3,0,0
1775,3,0,0
1776,3,0,0
1777,3,0,0
1778,3,0,0
1779,3,0,0
1780,3,0,0
1781,3,0,0
1782,3,0,0
1783,3,0,0
1784,3,0,0
1785,3,0,0
1786,3,0,0
1787,3,0,0
1788,3,0,0
1789,3,0,0
1790,2,0,0
1791,2,0,0
1792,2,0,0
1793,2,0,0
1794,2,0,0
1795,2,0,0
1796,2,0,0
1797,2,0,0
1798,2,0,0
1799,2,0,0
1800,2,0,0
1801,3,0,0
1802,2,0,0
1803,2,0,0
1804,2,0,0
1805,2,0,0
1806,3,0,0
1807,2,0,0
1808,2,0,0
1809,2,0,0
1810,3,0,0
1811,2,2,1
1812,2,0,0
1813,2,0,0
1814,2,0,0
1815,2,0,0
1816,2,0,0
1817,2,0,0
1818,2,0,0
1819,3,0,0
1820,3,0,0
1821,2,0,0
1822,2,0,0
1823,1,0,0
1824,1,0,0
1825,1,0,0
1826,1,0,0
1827,1,0,0
1828,1,0,0
1829,1,0,0
1830,2,0,0
1831,2,0,0
1832,2,0,0
1833,2,0,0
1834,3,0,0
1835,2,0,0
1836,2,0,0
1837,2,0,0
1838,2,0,0
1839,2,0,0
1840,2,0,0
1841,2,2,1
1842,2,2,1
1843,3,2,1
1844,3,2,1
1845,3,2,1
1846,3,0,0
1847,3,0,0
1848,3,0,0
1849,3,0,0
1850,3,0,0
1851,3,0,0
1852,2,0,0
1853,2,0,0
1854,2,0,0
1855,2,0,0
1856,2,0,0
1857,2,0,0
1858,2,0,0
1859,2,2,1
1860,2,0,0
1861,2,0,0
1862,2,0,0
1863,2,2,1
1864,3,0,0
1865,3,0,0
1866,3,0,0
1867,3,0,0
1868,3,0,0
1869,3,0,0
1870,3,0,0
1871,2,0,0
1872,2,0,0
1873,2,0,0
1874,2,0,0
1875,3,0,0
1876,3,0,0
1877,2,0,0
1878,2,0,0
1879,1,0,0
1880,1,0,0
1881,1,0,0
1882,1,0,0
1883,2,0,0
1884,2,0,0
1885,2,0,0
1886,1,0,0
1887,3,0,0
1888,2,0,0
1889,2,0,0
1890,2,0,0
1891,2,0,0
1892,2,0,0
1893,1,0,0
1894,1,0,0
1895,2,0,0
1896,2,0,0
1897,1,0,0
1898,1,0,0
1899,1,0,0
1900,2,0,0
1901,1,0,0
1902,1,0,0
1903,2,0,0
1904,2,0,0
1905,1,0,0
1906,1,0,0
1907,1,0,0
1908,2,0,0
1909,2,0,0
1910,2,0,0
1911,1,0,0
1912,2,0,0
1913,2,0,0
1914,2,0,0
1915,1,0,0
1916,1,0,0
1917,2,0,0
1918,1,0,0
1919,1,0,0
1920,2,0,0
1921,1,0,0
1922,1,0,0
1923,2,0,0
1924,2,0,0
1925,1,0,0
1926,1,0,0
1927,1,0,0
1928,1,0,0
1929,2,0,0
1930,2,0,0
1931,1,0,0
1932,1,0,0
1933,1,0,0
1934,1,0,0
1935,1,0,0
1936,2,2,1
1937,2,0,0
1938,2,0,0
1939,2,0,0
1940,2,0,0
1941,1,0,0
1942,1,0,0
1943,2,0,0
1944,2,0,0
1945,3,0,0
1946,2,0,0
1947,2,0,0
1948,2,0,0
1949,3,0,0
1950,3,0,0
1951,3,0,0
1952,3,0,0
1953,2,0,0
1954,2,0,0
1955,2,0,0
1956,2,0,0
1957,2,0,0
1958,2,0,0
1959,2,0,0
1960,2,0,0
1961,2,0,0
1962,2,0,0
1963,1,0,0
1964,2,0,0
1965,3,0,0
1966,3,0,0
1967,2,0,0
1968,2,0,0
1969,2,0,0
1970,2,0,0
1971,2,0,0
1972,4,0,0
1973,4,0,0
1974,3,0,0
1975,3,0,0
1976,4,0,0
1977,3,0,0
1978,3,2,1
1979,3,0,0
1980,3,2,1
1981,3,0,0
1982,2,2,1
1983,2,0,0
1984,2,0,0
1985,2,0,0
1986,2,0,0
1987,2,0,0
1988,2,0,0
1989,2,0,0
1990,2,0,0
1991,1,0,0
1992,1,0,0
1993,1,0,0
1994,1,0,0
1995,1,0,0
1996,2,0,0
1997,2,0,0
1998,2,0,0
1999,3,0,0
