0,0,0,0
1,1,0,0
2,1,0,0
3,1,0,0
4,1,0,0
5,2,0,0
6,2,0,0
7,2,0,0
8,2,0,0
9,2,0,0
10,3,2,1
11,3,0,0
12,3,0,0
13,3,0,0
14,2,0,0
15,2,0,0
16,2,0,0
17,2,0,0
18,3,0,0
19,2,0,0
20,2,0,0
21,3,0,0
22,2,0,0
23,2,0,0
24,2,0,0
25,2,0,0
26,2,0,0
27,2,0,0
28,2,0,0
29,2,0,0
30,2,0,0
31,2,0,0
32,2,0,0
33,2,2,1
34,2,0,0
35,2,0,0
36,2,2,1
37,2,0,0
38,2,0,0
39,2,0,0
40,2,0,0
41,2,0,0
42,2,0,0
43,2,0,0
44,2,0,0
45,2,0,0
46,2,0,0
47,2,0,0
48,2,2,1
49,2,0,0
50,2,0,0
51,1,0,0
52,1,0,0
53,1,0,0
54,1,0,0
55,1,0,0
56,1,0,0
57,1,0,0
58,1,0,0
59,2,0,0
60,2,0,0
61,2,0,0
62,2,0,0
63,2,0,0
64,2,0,0
65,2,0,0
66,1,0,0
67,1,0,0
68,2,0,0
69,2,0,0
70,2,0,0
71,2,0,0
72,2,0,0
73,2,0,0
74,2,0,0
75,2,0,0
76,2,0,0
77,2,0,0
78,2,0,0
79,3,0,0
80,3,0,0
81,3,0,0
82,2,0,0
83,3,0,0
84,3,0,0
85,3,0,0
86,2,2,1
87,3,2,1
88,3,0,0
89,4,0,0
90,3,0,0
91,2,0,0
92,3,0,0
93,3,0,0
94,3,2,1
95,3,0,0
96,3,0,0
97,2,0,0
98,2,0,0
99,2,0,0
100,1,0,0
101,1,0,0
102,1,0,0
103,1,0,0
104,2,0,0
105,1,0,0
106,1,0,0
107,1,0,0
108,2,0,0
109,2,0,0
110,3,0,0
111,2,0,0
112,2,0,0
113,2,0,0
114,2,0,0
115,2,0,0
116,2,0,0
117,2,0,0
118,2,0,0
119,2,0,0
120,1,0,0
121,1,0,0
122,1,0,0
123,1,0,0
124,2,0,0
125,1,0,0
126,1,0,0
127,1,0,0
128,1,0,0
129,1,0,0
130,1,0,0
131,1,0,0
132,1,0,0
133,1,0,0
134,1,0,0
135,1,0,0
136,1,0,0
137,1,0,0
138,2,2,1
139,1,0,0
140,1,0,0
141,2,0,0
142,1,0,0
143,2,0,0
144,2,0,0
145,2,0,0
146,1,0,0
147,2,0,0
148,2,0,0
149,1,0,0
150,3,0,0
151,2,0,0
152,2,0,0
153,2,0,0
154,2,0,0
155,2,0,0
156,3,0,0
157,2,0,0
158,2,0,0
159,3,0,0
160,3,0,0
161,2,0,0
162,2,0,0
163,2,0,0
164,2,0,0
165,2,0,0
166,2,0,0
167,2,0,0
168,2,0,0
169,4,2,1
170,3,0,0
171,2,0,0
172,2,0,0
173,2,0,0
174,2,0,0
175,2,0,0
176,2,0,0
177,2,0,0
178,2,0,0
179,1,0,0
180,1,0,0
181,1,0,0
182,2,0,0
183,1,0,0
184,2,0,0
185,3,0,0
186,2,0,0
187,2,0,0
188,2,0,0
189,1,0,0
190,1,0,0
191,2,0,0
192,1,0,0
193,1,0,0
194,1,0,0
195,1,0,0
196,1,0,0
197,1,0,0
198,1,0,0
199,1,0,0
200,1,0,0
201,1,0,0
202,1,0,0
203,1,0,0
204,2,0,0
205,2,0,0
206,2,0,0
207,1,0,0
208,1,0,0
209,2,0,0
210,2,0,0
211,3,0,0
212,2,0,0
213,2,0,0
214,2,0,0
215,2,2,1
216,2,0,0
217,2,0,0
218,3,2,1
219,3,2,1
220,3,2,1
221,3,2,1
222,3,3,2
223,4,3,3
224,4,4,3
225,4,4,4
226,4,4,5
227,4,4,4
228,4,3,3
229,4,4,4
230,4,4,5
231,4,4,3
232,4,4,5
233,4,4,5
234,4,4,5
235,4,4,5
236,4,4,5
237,4,4,5
238,4,4,5
239,4,4,4
240,6,5,5
241,6,5,7
242,6,5,7
243,6,5,6
244,6,5,7
245,6,5,7
246,6,5,6
247,6,5,7
248,6,5,7
249,6,5,7
250,6,5,6
251,6,5,7
252,6,5,6
253,6,5,5
254,6,4,4
255,6,3,3
256,6,4,4
257,6,3,3
258,5,4,4
259,5,4,4
260,5,3,2
261,5,4,4
262,5,5,5
263,5,4,5
264,5,4,5
265,5,4,5
266,5,4,5
267,4,4,4
268,5,3,3
269,4,3,2
270,5,3,3
271,5,3,3
272,5,3,3
273,5,3,2
274,5,2,1
275,4,2,1
276,5,3,3
277,5,3,3
278,4,3,2
279,4,3,3
280,4,3,2
281,4,4,3
282,4,4,4
283,4,4,5
284,4,4,5
285,4,4,4
286,3,3,2
287,4,4,4
288,5,4,5
289,5,4,4
290,5,4,4
291,5,4,4
292,5,4,4
293,6,4,4
294,5,4,4
295,4,4,3
296,4,4,3
297,4,4,4
298,4,4,4
299,4,4,3
300,4,3,2
301,5,4,5
302,5,3,3
303,4,2,1
304,4,3,2
305,4,3,3
306,4,3,3
307,4,3,2
308,4,3,2
309,4,4,4
310,4,2,1
311,3,2,1
312,3,3,2
313,3,3,3
314,3,3,2
315,3,3,3
316,3,3,2
317,3,3,2
318,3,2,1
319,3,0,0
320,3,3,2
321,3,3,3
322,3,2,1
323,3,2,1
324,3,3,3
325,4,2,1
326,3,2,1
327,2,0,0
328,3,0,0
329,3,0,0
330,3,0,0
331,3,0,0
332,3,2,1
333,3,0,0
334,3,0,0
335,3,0,0
336,3,0,0
337,3,0,0
338,3,0,0
339,3,0,0
340,3,0,0
341,1,0,0
342,2,0,0
343,2,0,0
344,3,0,0
345,1,0,0
346,1,0,0
347,1,0,0
348,1,0,0
349,1,0,0
350,2,0,0
351,1,0,0
352,1,0,0
353,0,0,0
354,2,0,0
355,1,0,0
356,2,0,0
357,1,0,0
358,1,0,0
359,1,0,0
360,1,0,0
361,3,0,0
362,2,0,0
363,3,0,0
364,3,0,0
365,3,0,0
366,3,0,0
367,3,0,0
368,3,0,0
369,3,2,1
370,3,0,0
371,3,0,0
372,3,0,0
373,4,2,1
374,4,0,0
375,4,0,0
376,4,2,1
377,3,2,1
378,3,2,1
379,3,2,1
380,3,2,1
381,3,0,0
382,3,0,0
383,2,0,0
384,2,0,0
385,2,0,0
386,3,0,0
387,2,0,0
388,2,0,0
389,2,0,0
390,2,0,0
391,2,0,0
392,3,0,0
393,2,2,1
394,3,0,0
395,3,0,0
396,4,0,0
397,2,0,0
398,3,2,1
399,4,0,0
400,3,0,0
401,3,0,0
402,3,0,0
403,3,0,0
404,3,0,0
405,3,0,0
406,3,0,0
407,2,0,0
408,3,0,0
409,3,0,0
410,4,0,0
411,3,0,0
412,3,0,0
413,3,0,0
414,3,0,0
415,3,2,1
416,3,2,1
417,3,0,0
418,3,0,0
419,3,0,0
420,3,0,0
421,3,0,0
422,3,0,0
423,3,0,0
424,3,0,0
425,2,0,0
426,2,0,0
427,2,0,0
428,2,0,0
429,2,0,0
430,2,0,0
431,2,0,0
432,4,2,1
433,3,2,1
434,3,0,0
435,4,0,0
436,3,0,0
437,4,0,0
438,4,0,0
439,4,0,0
440,4,0,0
441,4,0,0
442,4,0,0
443,4,0,0
444,4,0,0
445,4,0,0
446,4,0,0
447,4,0,0
448,4,0,0
449,4,0,0
450,3,0,0
451,3,2,1
452,3,0,0
453,3,0,0
454,3,0,0
455,3,0,0
456,3,0,0
457,3,0,0
458,4,0,0
459,4,0,0
460,4,0,0
461,3,0,0
462,2,0,0
463,2,0,0
464,2,0,0
465,2,0,0
466,2,2,1
467,2,0,0
468,2,0,0
469,2,0,0
470,2,0,0
471,2,0,0
472,2,0,0
473,2,0,0
474,2,0,0
475,2,0,0
476,1,0,0
477,1,0,0
478,1,0,0
479,2,0,0
480,1,0,0
481,1,0,0
482,2,0,0
483,2,0,0
484,1,0,0
485,1,0,0
486,2,0,0
487,1,0,0
488,2,0,0
489,2,0,0
490,1,0,0
491,1,0,0
492,2,0,0
493,2,0,0
494,2,0,0
495,2,0,0
496,2,0,0
497,2,0,0
498,2,0,0
499,2,2,1
500,2,0,0
501,3,2,1
502,2,0,0
503,2,0,0
504,2,0,0
505,2,0,0
506,3,0,0
507,4,0,0
508,4,0,0
509,3,0,0
510,3,0,0
511,2,0,0
512,3,0,0
513,3,0,0
514,2,0,0
515,2,0,0
516,2,0,0
517,2,0,0
518,2,0,0
519,2,0,0
520,2,0,0
521,2,0,0
522,2,0,0
523,2,0,0
524,2,0,0
525,2,0,0
526,2,0,0
527,1,0,0
528,1,0,0
529,2,0,0
530,2,0,0
531,2,0,0
532,2,0,0
533,2,2,1
534,2,0,0
535,2,2,1
536,3,0,0
537,3,2,1
538,2,2,1
539,2,2,1
540,2,0,0
541,2,0,0
542,2,0,0
543,2,0,0
544,2,0,0
545,2,0,0
546,2,0,0
547,2,0,0
548,2,0,0
549,3,0,0
550,2,0,0
551,2,0,0
552,2,0,0
553,2,0,0
554,3,2,1
555,3,0,0
556,3,0,0
557,2,0,0
558,3,0,0
559,3,0,0
560,3,0,0
561,4,0,0
562,4,0,0
563,3,0,0
564,2,0,0
565,2,0,0
566,2,2,1
567,2,0,0
568,2,0,0
569,2,0,0
570,2,0,0
571,2,0,0
572,3,0,0
573,1,0,0
574,1,0,0
575,1,0,0
576,1,0,0
577,1,0,0
578,1,0,0
579,1,0,0
580,0,0,0
581,0,0,0
582,0,0,0
583,0,0,0
584,0,0,0
585,0,0,0
586,0,0,0
587,0,0,0
588,0,0,0
589,0,0,0
590,0,0,0
591,0,0,0
592,0,0,0
593,1,0,0
594,1,0,0
595,2,0,0
596,2,0,0
597,3,0,0
598,3,0,0
599,3,0,0
600,3,0,0
601,3,0,0
602,3,0,0
603,3,0,0
604,3,0,0
605,3,0,0
606,2,0,0
607,2,0,0
608,2,0,0
609,2,0,0
610,2,0,0
611,2,2,1
612,2,0,0
613,2,0,0
614,2,0,0
615,2,0,0
616,3,2,1
617,2,2,1
618,3,2,1
619,3,0,0
620,3,2,1
621,3,0,0
622,3,0,0
623,4,0,0
624,3,0,0
625,3,0,0
626,3,2,1
627,2,0,0
628,2,0,0
629,2,0,0
630,3,0,0
631,2,0,0
632,2,0,0
633,2,0,0
634,2,0,0
635,3,0,0
636,3,0,0
637,3,0,0
638,1,0,0
639,1,0,0
640,1,0,0
641,1,0,0
642,1,0,0
643,1,0,0
644,1,0,0
645,1,0,0
646,1,0,0
647,2,0,0
648,2,0,0
649,1,0,0
650,2,0,0
651,2,0,0
652,2,0,0
653,2,0,0
654,2,0,0
655,2,0,0
656,2,0,0
657,2,0,0
658,3,0,0
659,2,0,0
660,2,0,0
661,2,0,0
662,2,0,0
663,2,0,0
664,2,0,0
665,2,0,0
666,2,0,0
667,2,0,0
668,2,0,0
669,2,0,0
670,2,0,0
671,2,0,0
672,1,0,0
673,2,0,0
674,2,0,0
675,2,0,0
676,3,0,0
677,3,0,0
678,3,0,0
679,3,0,0
680,3,2,1
681,3,0,0
682,3,0,0
683,2,0,0
684,2,0,0
685,2,0,0
686,2,0,0
687,2,0,0
688,2,0,0
689,1,0,0
690,1,0,0
691,1,0,0
692,2,0,0
693,2,0,0
694,2,0,0
695,2,0,0
696,2,0,0
697,1,0,0
698,1,0,0
699,1,0,0
700,2,0,0
701,1,0,0
702,1,0,0
703,1,0,0
704,1,0,0
705,1,0,0
706,1,0,0
707,2,0,0
708,2,0,0
709,2,0,0
710,2,0,0
711,2,0,0
712,2,0,0
713,3,0,0
714,2,0,0
715,3,0,0
716,3,0,0
717,3,0,0
718,3,0,0
719,3,0,0
720,2,0,0
721,2,2,1
722,2,0,0
723,3,0,0
724,2,0,0
725,2,0,0
726,2,0,0
727,3,0,0
728,2,0,0
729,2,0,0
730,2,0,0
731,2,0,0
732,2,0,0
733,2,0,0
734,2,0,0
735,4,0,0
736,2,0,0
737,2,0,0
738,2,0,0
739,2,0,0
740,2,0,0
741,3,0,0
742,3,0,0
743,2,0,0
744,1,0,0
745,1,0,0
746,1,0,0
747,1,0,0
748,1,0,0
749,0,0,0
750,0,0,0
751,1,0,0
752,1,0,0
753,1,0,0
754,1,0,0
755,1,0,0
756,1,0,0
757,1,0,0
758,1,0,0
759,1,0,0
760,1,0,0
761,1,0,0
762,3,0,0
763,2,0,0
764,3,2,1
765,3,0,0
766,2,0,0
767,2,0,0
768,2,0,0
769,2,0,0
770,2,0,0
771,2,0,0
772,2,0,0
773,2,0,0
774,2,0,0
775,1,0,0
776,1,0,0
777,2,0,0
778,3,0,0
779,3,0,0
780,4,0,0
781,4,0,0
782,4,0,0
783,3,0,0
784,3,2,1
785,3,2,1
786,3,0,0
787,3,0,0
788,3,0,0
789,2,0,0
790,3,0,0
791,3,0,0
792,1,0,0
793,2,0,0
794,1,0,0
795,1,0,0
796,3,2,1
797,2,0,0
798,2,0,0
799,3,0,0
800,4,0,0
801,4,2,1
802,4,3,2
803,3,2,1
804,3,2,1
805,3,2,1
806,3,2,1
807,3,2,1
808,3,2,1
809,3,0,0
810,3,0,0
811,3,0,0
812,3,2,1
813,4,0,0
814,3,0,0
815,3,0,0
816,3,0,0
817,2,0,0
818,1,0,0
819,2,0,0
820,1,0,0
821,1,0,0
822,2,0,0
823,1,0,0
824,1,0,0
825,1,0,0
826,1,0,0
827,1,0,0
828,1,0,0
829,2,0,0
830,1,0,0
831,1,0,0
832,2,0,0
833,2,0,0
834,2,0,0
835,1,0,0
836,2,0,0
837,2,0,0
838,3,0,0
839,2,0,0
840,2,0,0
841,2,0,0
842,3,0,0
843,3,2,1
844,3,0,0
845,3,0,0
846,3,0,0
847,3,0,0
848,3,0,0
849,3,2,1
850,3,0,0
851,3,0,0
852,3,0,0
853,3,0,0
854,4,0,0
855,3,2,1
856,3,0,0
857,3,0,0
858,2,0,0
859,3,0,0
860,2,0,0
861,2,0,0
862,2,0,0
863,2,0,0
864,2,0,0
865,1,0,0
866,1,0,0
867,2,0,0
868,2,0,0
869,2,0,0
870,2,0,0
871,2,0,0
872,2,0,0
873,2,0,0
874,2,0,0
875,3,0,0
876,3,0,0
877,3,0,0
878,3,0,0
879,3,0,0
880,3,0,0
881,3,0,0
882,3,0,0
883,3,0,0
884,3,0,0
885,3,0,0
886,3,0,0
887,2,0,0
888,2,0,0
889,2,0,0
890,2,0,0
891,3,0,0
892,3,0,0
893,3,0,0
894,3,0,0
895,2,0,0
896,2,0,0
897,2,0,0
898,2,0,0
899,2,0,0
900,2,2,1
901,2,2,1
902,4,2,1
903,4,0,0
904,4,0,0
905,4,0,0
906,4,0,0
907,4,2,1
908,3,0,0
909,3,0,0
910,3,0,0
911,3,0,0
912,3,0,0
913,3,0,0
914,3,0,0
915,2,0,0
916,3,0,0
917,3,0,0
918,3,0,0
919,3,0,0
920,3,0,0
921,2,0,0
922,2,0,0
923,2,0,0
924,2,0,0
925,2,0,0
926,3,0,0
927,3,3,2
928,3,0,0
929,3,0,0
930,3,0,0
931,3,0,0
932,3,0,0
933,3,0,0
934,3,2,1
935,3,0,0
936,3,0,0
937,2,0,0
938,3,0,0
939,2,0,0
940,2,0,0
941,3,0,0
942,2,0,0
943,2,0,0
944,3,0,0
945,2,0,0
946,1,0,0
947,1,0,0
948,2,0,0
949,2,0,0
950,2,0,0
951,2,0,0
952,3,0,0
953,3,2,1
954,3,2,1
955,4,2,1
956,4,3,3
957,3,3,2
958,3,3,2
959,3,3,3
960,4,3,2
961,4,3,3
962,4,3,3
963,4,3,2
964,4,3,3
965,4,3,3
966,5,3,3
967,4,3,3
968,4,3,3
969,4,3,2
970,4,3,3
971,4,4,3
972,5,3,3
973,5,3,3
974,5,2,1
975,4,2,1
976,4,0,0
977,3,0,0
978,4,0,0
979,3,0,0
980,3,0,0
981,2,0,0
982,3,0,0
983,4,0,0
984,4,0,0
985,4,0,0
986,4,2,1
987,4,0,0
988,4,0,0
989,4,0,0
990,4,2,1
991,3,0,0
992,3,0,0
993,2,0,0
994,2,2,1
995,2,0,0
996,2,0,0
997,2,0,0
998,4,0,0
999,3,0,0
1000,3,0,0
1001,3,0,0
1002,3,0,0
1003,3,0,0
1004,3,0,0
1005,3,0,0
1006,3,0,0
1007,3,0,0
1008,3,0,0
1009,3,0,0
1010,4,0,0
1011,4,2,1
1012,4,0,0
1013,4,0,0
1014,4,0,0
1015,3,0,0
1016,3,0,0
1017,3,0,0
1018,3,0,0
1019,3,0,0
1020,3,0,0
1021,3,0,0
1022,2,0,0
1023,2,0,0
1024,2,0,0
1025,2,0,0
1026,3,0,0
1027,3,0,0
1028,2,0,0
1029,2,0,0
1030,2,0,0
1031,2,0,0
1032,2,0,0
1033,2,2,1
1034,2,0,0
1035,2,0,0
1036,2,0,0
1037,2,0,0
1038,2,0,0
1039,2,0,0
1040,2,0,0
1041,3,0,0
1042,3,0,0
1043,3,0,0
1044,3,0,0
1045,3,0,0
1046,3,0,0
1047,3,0,0
1048,3,0,0
1049,3,0,0
1050,3,0,0
1051,5,0,0
1052,5,0,0
1053,5,0,0
1054,5,0,0
1055,6,0,0
1056,6,2,1
1057,5,3,2
1058,5,4,4
1059,5,4,4
1060,5,3,2
1061,5,3,3
1062,5,4,5
1063,5,4,5
1064,5,4,3
1065,5,4,3
1066,5,4,4
1067,5,5,5
1068,5,5,6
1069,5,5,7
1070,5,5,7
1071,6,5,7
1072,6,5,6
1073,5,4,3
1074,6,5,7
1075,6,5,7
1076,6,5,6
1077,6,5,7
1078,6,5,5
1079,6,5,7
1080,6,5,7
1081,6,5,6
1082,6,5,7
1083,5,5,7
1084,5,5,7
1085,5,5,6
1086,5,5,7
1087,6,5,7
1088,6,5,7
1089,5,5,7
1090,5,5,7
1091,5,5,7
1092,5,5,7
1093,6,5,7
1094,6,5,7
1095,6,5,6
1096,6,5,7
1097,6,5,7
1098,6,5,7
1099,6,5,7
1100,6,5,7
1101,6,5,6
1102,6,5,7
1103,6,5,7
1104,6,5,7
1105,6,5,6
1106,6,5,6
1107,6,5,6
1108,6,5,7
1109,6,5,6
1110,7,5,7
1111,7,6,8
1112,7,6,7
1113,7,6,10
1114,7,6,10
1115,7,6,9
1116,7,6,10
1117,7,7,12
1118,7,7,11
1119,6,6,10
1120,6,6,10
1121,6,6,10
1122,6,6,10
1123,6,6,9
1124,6,6,9
1125,6,6,10
1126,6,6,10
1127,6,6,9
1128,6,6,9
1129,6,6,8
1130,6,6,10
1131,6,6,9
1132,6,6,10
1133,6,6,9
1134,6,6,10
1135,6,6,9
1136,6,6,10
1137,6,6,9
1138,6,6,10
1139,6,6,10
1140,6,6,10
1141,6,6,9
1142,6,6,10
1143,6,6,10
1144,6,6,7
1145,6,6,9
1146,6,6,9
1147,6,6,10
1148,6,6,9
1149,6,6,10
1150,6,6,10
1151,6,6,9
1152,6,6,8
1153,6,6,9
1154,6,6,10
1155,6,6,10
1156,6,6,10
1157,6,6,9
1158,6,6,10
1159,6,6,10
1160,6,6,10
1161,6,6,10
1162,6,6,10
1163,6,6,10
1164,7,6,10
1165,7,6,10
1166,7,6,10
1167,7,6,10
1168,7,6,10
1169,7,6,10
1170,7,6,10
1171,7,6,9
1172,7,7,11
1173,7,6,10
1174,6,6,10
1175,7,7,12
1176,7,7,12
1177,7,7,12
1178,7,7,12
1179,7,7,11
1180,7,7,12
1181,7,7,11
1182,6,6,10
1183,7,7,12
1184,7,7,10
1185,7,7,11
1186,7,7,11
1187,7,7,12
1188,7,7,12
1189,7,7,11
1190,7,7,12
1191,7,7,12
1192,7,7,12
1193,7,7,12
1194,7,7,12
1195,7,7,12
1196,7,7,12
1197,7,7,12
1198,7,7,12
1199,7,7,12
1200,7,7,12
1201,7,7,12
1202,7,7,12
1203,7,7,12
1204,7,7,12
1205,7,7,11
1206,7,7,12
1207,7,7,12
1208,7,7,12
1209,7,7,12
1210,7,7,12
1211,7,7,12
1212,7,7,12
1213,6,6,9
1214,7,7,12
1215,7,7,11
1216,7,7,12
1217,7,7,11
1218,7,7,12
1219,7,7,12
1220,7,7,11
1221,7,7,12
1222,8,8,13
1223,8,7,12
1224,8,7,12
1225,8,7,12
1226,8,7,12
1227,8,7,11
1228,8,8,14
1229,8,8,14
1230,8,8,15
1231,8,8,15
1232,8,8,15
1233,8,8,15
1234,8,8,14
1235,8,8,14
1236,8,8,15
1237,8,8,14
1238,9,8,15
1239,9,8,15
1240,9,8,15
1241,9,8,15
1242,9,8,15
1243,9,8,15
1244,9,8,13
1245,9,8,15
1246,7,7,12
1247,8,8,13
1248,8,8,15
1249,9,8,14
1250,8,8,15
1251,8,8,15
1252,8,8,15
1253,8,8,15
1254,8,8,13
1255,8,8,14
1256,8,8,15
1257,8,8,14
1258,8,8,15
1259,8,8,13
1260,8,8,15
1261,8,8,15
1262,8,8,14
1263,8,8,15
1264,8,8,14
1265,8,8,14
1266,8,8,15
1267,8,8,15
1268,8,8,15
1269,9,9,17
1270,9,9,17
1271,9,9,17
1272,9,9,17
1273,9,9,17
1274,9,9,17
1275,9,9,17
1276,9,9,17
1277,9,9,17
1278,9,9,17
1279,9,9,17
1280,9,9,17
1281,9,9,17
1282,9,9,17
1283,9,9,17
1284,9,9,17
1285,9,9,17
1286,9,9,17
1287,9,9,17
1288,9,9,16
1289,9,9,17
1290,9,9,16
1291,9,9,16
1292,9,9,17
1293,9,9,17
1294,9,9,17
1295,9,9,17
1296,9,9,15
1297,9,9,17
1298,9,9,17
1299,9,9,16
1300,9,9,17
1301,9,9,17
1302,9,9,17
1303,9,9,17
1304,9,9,17
1305,9,9,17
1306,9,9,17
1307,9,9,17
1308,9,9,17
1309,9,9,17
1310,9,9,17
1311,9,9,17
1312,9,9,17
1313,9,9,17
1314,9,9,17
1315,9,9,17
1316,9,9,17
1317,9,9,17
1318,9,9,16
1319,9,9,17
1320,9,9,17
1321,9,9,17
1322,9,9,17
1323,9,9,17
1324,9,9,17
1325,9,9,17
1326,9,9,17
1327,9,9,17
1328,9,9,17
1329,9,9,17
1330,9,9,17
1331,9,9,16
1332,9,9,17
1333,9,9,16
1334,9,9,17
1335,9,9,17
1336,9,9,17
1337,9,9,17
1338,9,9,17
1339,9,9,17
1340,9,9,17
1341,9,9,17
1342,9,9,17
1343,9,9,17
1344,9,9,17
1345,9,9,17
1346,9,9,17
1347,9,9,17
1348,9,9,17
1349,9,9,17
1350,9,9,17
1351,9,9,17
1352,9,9,16
1353,9,9,17
1354,9,9,17
1355,9,9,17
1356,9,9,17
1357,9,9,17
1358,9,9,17
1359,9,9,17
1360,9,9,17
1361,9,9,17
1362,9,9,17
1363,9,9,17
1364,9,9,16
1365,9,9,17
1366,9,9,15
1367,9,9,17
1368,9,9,17
1369,8,8,15
1370,9,9,17
1371,10,9,17
1372,9,9,17
1373,9,9,17
1374,9,9,17
1375,9,9,17
1376,9,9,17
1377,9,9,17
1378,9,9,17
1379,9,9,17
1380,9,9,17
1381,9,9,17
1382,9,9,17
1383,9,9,17
1384,9,9,17
1385,9,9,17
1386,9,9,17
1387,9,9,17
1388,9,9,17
1389,9,9,15
1390,8,8,15
1391,9,9,17
1392,9,9,16
1393,9,9,17
1394,9,9,17
1395,9,9,17
1396,9,9,17
1397,9,9,17
1398,9,9,17
1399,9,9,17
1400,9,9,16
1401,9,9,17
1402,9,9,17
1403,9,9,17
1404,9,9,17
1405,9,9,17
1406,9,9,17
1407,9,9,17
1408,9,9,16
1409,9,9,14
1410,9,9,17
1411,9,9,16
1412,9,9,16
1413,9,9,15
1414,9,8,15
1415,8,8,15
1416,8,8,15
1417,8,8,14
1418,8,8,15
1419,8,8,15
1420,8,8,15
1421,8,8,15
1422,8,8,15
1423,8,8,15
1424,8,8,15
1425,8,8,15
1426,8,8,15
1427,8,8,15
1428,8,8,15
1429,8,8,15
1430,8,8,14
1431,8,8,15
1432,8,8,15
1433,8,8,15
1434,8,8,15
1435,8,8,15
1436,8,8,15
1437,8,8,15
1438,8,8,15
1439,8,8,15
1440,8,8,15
1441,8,8,15
1442,8,8,15
1443,8,8,15
1444,8,8,15
1445,8,8,15
1446,8,8,15
1447,9,8,15
1448,9,8,15
1449,9,9,15
1450,8,8,15
1451,9,9,17
1452,9,9,16
1453,9,9,17
1454,9,9,17
1455,9,9,15
1456,9,9,16
1457,9,9,17
1458,9,9,16
1459,9,9,17
1460,9,9,16
1461,9,9,17
1462,8,8,15
1463,9,9,17
1464,9,9,16
1465,9,9,17
1466,9,9,17
1467,9,9,16
1468,9,9,17
1469,9,9,17
1470,9,9,17
1471,9,9,17
1472,9,9,17
1473,9,9,17
1474,9,9,17
1475,9,9,17
1476,9,9,17
1477,9,9,17
1478,9,9,16
1479,9,9,15
1480,9,9,17
1481,9,9,17
1482,9,9,17
1483,9,9,17
1484,9,9,17
1485,9,9,17
1486,9,9,17
1487,9,9,15
1488,9,9,16
1489,9,9,16
1490,9,9,17
1491,9,9,17
1492,9,9,16
1493,9,9,17
1494,9,9,17
1495,10,10,20
1496,10,10,20
1497,10,10,20
1498,10,10,20
1499,10,10,20
1500,10,10,20
1501,10,10,20
1502,10,10,20
1503,10,10,20
1504,10,10,20
1505,10,10,19
1506,10,10,19
1507,10,10,20
1508,10,10,20
1509,10,10,20
1510,10,10,20
1511,10,10,20
1512,10,10,20
1513,10,10,20
1514,10,10,20
1515,10,10,20
1516,10,10,20
1517,10,10,20
1518,10,10,20
1519,10,10,19
1520,10,10,20
1521,10,10,20
1522,10,10,20
1523,10,10,20
1524,10,10,20
1525,10,10,20
1526,10,10,20
1527,10,10,20
1528,10,10,20
1529,10,10,20
1530,10,10,20
1531,10,10,20
1532,10,10,20
1533,10,10,20
1534,10,10,20
1535,10,10,20
1536,10,10,20
1537,10,10,20
1538,10,10,20
1539,10,10,20
1540,10,10,20
1541,10,10,20
1542,10,10,19
1543,10,10,20
1544,10,10,20
1545,10,10,20
1546,10,10,20
1547,10,10,20
1548,10,10,20
1549,10,10,20
1550,10,10,20
1551,10,10,20
1552,10,10,20
1553,10,10,19
1554,10,10,19
1555,10,10,20
1556,10,10,20
1557,10,10,20
1558,10,10,20
1559,10,10,20
1560,10,10,20
1561,10,10,20
1562,10,10,20
1563,10,10,20
1564,10,10,20
1565,10,10,19
1566,10,10,20
1567,10,10,20
1568,10,10,20
1569,10,10,20
1570,10,10,20
1571,10,10,20
1572,10,10,20
1573,10,10,20
1574,10,10,19
1575,10,10,20
1576,10,10,20
1577,10,10,20
1578,10,10,20
1579,10,10,20
1580,10,10,19
1581,10,10,20
1582,10,10,20
1583,10,10,20
1584,10,10,20
1585,10,10,20
1586,10,10,20
1587,10,10,20
1588,10,10,20
1589,10,10,20
1590,10,10,20
1591,10,10,20
1592,10,10,20
1593,10,10,20
1594,10,10,20
1595,10,10,20
1596,10,10,20
1597,10,10,20
1598,10,10,20
1599,10,10,20
1600,10,10,20
1601,10,10,20
1602,10,10,20
1603,10,10,20
1604,10,10,20
1605,11,11,24
1606,11,11,25
1607,11,11,25
1608,11,11,25
1609,11,11,25
1610,11,11,25
1611,11,11,25
1612,11,11,25
1613,11,11,24
1614,11,11,25
1615,11,11,25
1616,11,11,25
1617,11,11,25
1618,11,11,25
1619,11,11,25
1620,11,11,25
1621,11,11,25
1622,11,11,25
1623,11,11,25
1624,11,11,25
1625,11,11,25
1626,11,11,25
1627,11,11,25
1628,11,11,25
1629,11,11,25
1630,11,11,25
1631,11,11,25
1632,11,11,25
1633,11,11,25
1634,11,11,25
1635,11,11,25
1636,11,11,25
1637,11,11,25
1638,11,11,25
1639,11,11,25
1640,11,11,25
1641,11,11,25
1642,11,11,25
1643,11,11,25
1644,11,11,25
1645,11,11,25
1646,11,11,25
1647,11,11,25
1648,11,11,25
1649,11,11,25
1650,11,11,25
1651,11,11,25
1652,11,11,25
1653,11,11,25
1654,11,11,25
1655,11,11,25
1656,11,11,25
1657,11,11,25
1658,11,11,25
1659,11,11,25
1660,11,11,25
1661,11,11,25
1662,11,11,25
1663,11,11,25
1664,11,11,25
1665,11,11,25
1666,11,11,25
1667,11,11,25
1668,11,11,25
1669,11,11,25
1670,11,11,24
1671,11,11,25
1672,11,11,25
1673,11,11,25
1674,11,11,25
1675,11,11,25
1676,11,11,25
1677,11,11,25
1678,11,11,25
1679,11,11,25
1680,11,11,25
1681,11,11,25
1682,11,11,25
1683,11,11,25
1684,11,11,25
1685,11,11,25
1686,11,11,25
1687,11,11,25
1688,11,11,25
1689,11,11,24
1690,11,11,25
1691,11,11,25
1692,11,11,25
1693,11,11,25
1694,11,11,25
1695,11,11,25
1696,11,11,25
1697,11,11,25
1698,11,11,25
1699,11,11,25
1700,11,11,25
1701,11,11,25
1702,11,11,25
1703,11,11,25
1704,11,11,25
1705,11,11,25
1706,11,11,25
1707,11,11,25
1708,11,11,25
1709,11,11,25
1710,11,11,25
1711,11,11,25
1712,11,11,25
1713,11,11,25
1714,11,11,25
1715,11,11,25
1716,11,11,25
1717,11,11,25
1718,11,11,25
1719,11,11,25
1720,11,11,25
1721,11,11,25
1722,11,11,25
1723,11,11,25
1724,12,12,27
1725,12,12,30
1726,12,12,30
1727,12,12,30
1728,12,12,30
1729,12,12,30
1730,12,12,30
1731,12,12,30
1732,12,12,30
1733,12,12,30
1734,12,12,30
1735,12,12,30
1736,12,12,30
1737,12,12,30
1738,12,12,30
1739,12,12,30
1740,12,12,30
1741,12,12,30
1742,12,12,30
1743,12,12,30
1744,12,12,30
1745,12,12,30
1746,12,12,30
1747,12,12,30
1748,12,12,30
1749,12,12,30
1750,12,12,30
1751,12,12,30
1752,12,12,30
1753,12,12,30
1754,12,12,30
1755,12,12,30
1756,12,12,30
1757,12,12,30
1758,12,12,30
1759,12,12,30
1760,12,12,30
1761,12,12,30
1762,12,12,30
1763,12,12,30
1764,12,12,30
1765,12,12,30
1766,12,12,30
1767,12,12,30
1768,12,12,30
1769,12,12,30
1770,12,12,30
1771,12,12,30
1772,12,12,30
1773,12,12,30
1774,12,12,30
1775,12,12,30
1776,12,12,30
1777,12,12,30
1778,12,12,30
1779,12,12,30
1780,12,12,30
1781,12,12,30
1782,12,12,30
1783,12,12,30
1784,12,12,30
1785,12,12,30
1786,12,12,30
1787,12,12,30
1788,12,12,30
1789,12,12,30
1790,12,12,30
1791,12,12,30
1792,12,12,30
1793,12,12,30
1794,12,12,30
1795,12,12,30
1796,12,12,30
1797,12,12,30
1798,12,12,30
1799,12,12,30
1800,12,12,30
1801,12,12,30
1802,12,12,30
1803,12,12,30
1804,12,12,30
1805,12,12,30
1806,12,12,30
1807,12,12,30
1808,12,12,30
1809,12,12,30
1810,12,12,30
1811,12,12,30
1812,12,12,30
1813,12,12,30
1814,12,12,30
1815,12,12,30
1816,12,12,30
1817,12,12,30
1818,12,12,30
1819,12,12,30
1820,12,12,30
1821,12,12,30
1822,12,12,30
1823,12,12,30
1824,12,12,30
1825,12,12,30
1826,12,12,30
1827,12,12,30
1828,12,12,30
1829,12,12,30
1830,12,12,30
1831,12,12,30
1832,12,12,30
1833,12,12,30
1834,12,12,30
1835,12,12,30
1836,12,12,30
1837,12,12,30
1838,12,12,30
1839,12,12,30
1840,12,12,30
1841,12,12,30
1842,12,12,30
1843,12,12,30
1844,12,12,30
1845,12,12,30
1846,12,12,30
1847,12,12,30
1848,12,12,30
1849,12,12,30
1850,12,12,30
1851,12,12,30
1852,12,12,30
1853,12,12,30
1854,12,12,30
1855,12,12,30
1856,12,12,30
1857,12,12,30
1858,12,12,30
1859,12,12,30
1860,12,12,30
1861,12,12,30
1862,12,12,30
1863,12,12,30
1864,12,12,30
1865,12,12,30
1866,12,12,30
1867,12,12,30
1868,12,12,30
1869,12,12,30
1870,12,12,30
1871,12,12,30
1872,12,12,30
1873,12,12,30
1874,12,12,30
1875,12,12,30
1876,12,12,30
1877,12,12,30
1878,12,12,30
1879,12,12,30
1880,12,12,30
1881,12,12,30
1882,12,12,30
1883,12,12,30
1884,12,12,30
1885,12,12,30
1886,12,12,30
1887,12,12,30
1888,12,12,30
1889,12,12,30
1890,12,12,30
1891,12,12,30
1892,12,12,30
1893,12,12,30
1894,12,12,30
1895,12,12,30
1896,12,12,30
1897,12,12,30
1898,12,12,30
1899,12,12,30
1900,12,12,30
1901,12,12,30
1902,12,12,30
1903,12,12,30
1904,12,12,30
1905,12,12,30
1906,12,12,30
1907,12,12,30
1908,12,12,30
1909,12,12,30
1910,12,12,30
1911,12,12,30
1912,12,12,30
1913,12,12,30
1914,12,12,30
1915,12,12,30
1916,12,12,30
1917,12,12,30
1918,12,12,30
1919,12,12,30
1920,12,12,30
1921,12,12,30
1922,12,12,30
1923,12,12,30
1924,12,12,30
1925,12,12,30
1926,12,12,30
1927,12,12,30
1928,12,12,30
1929,12,12,30
1930,12,12,30
1931,12,12,30
1932,12,12,30
1933,12,12,30
1934,12,12,30
1935,12,12,30
1936,12,12,30
1937,12,12,30
1938,12,12,30
1939,12,12,30
1940,12,12,30
1941,12,12,30
1942,12,12,30
1943,12,12,30
1944,12,12,30
1945,12,12,30
1946,12,12,30
1947,12,12,30
1948,12,12,30
1949,12,12,30
1950,12,12,30
1951,12,12,30
1952,12,12,30
1953,12,12,30
1954,12,12,30
1955,12,12,30
1956,12,12,30
1957,12,12,30
1958,12,12,30
1959,12,12,30
1960,12,12,30
1961,12,12,30
1962,12,12,30
1963,12,12,30
1964,12,12,30
1965,12,12,30
1966,12,12,30
1967,12,12,30
1968,12,12,30
1969,12,12,30
1970,12,12,30
1971,12,12,30
1972,12,12,30
1973,12,12,30
1974,12,12,30
1975,12,12,30
1976,12,12,30
1977,12,12,30
1978,12,12,30
1979,12,12,30
1980,12,12,30
1981,12,12,30
1982,12,12,30
1983,12,12,30
1984,12,12,30
1985,12,12,30
1986,12,12,30
1987,12,12,30
1988,12,12,30
1989,12,12,30
1990,12,12,30
1991,12,12,30
1992,12,12,30
1993,12,12,30
1994,12,12,30
1995,12,12,30
1996,12,12,30
1997,12,12,30
1998,12,12,30
1999,12,12,30
