0,0,0,0
1,1,0,0
2,0,0,0
3,0,0,0
4,1,0,0
5,1,0,0
6,2,0,0
7,2,0,0
8,2,0,0
9,2,0,0
10,2,0,0
11,2,0,0
12,2,0,0
13,2,0,0
14,2,0,0
15,2,0,0
16,2,0,0
17,2,0,0
18,2,0,0
19,2,0,0
20,2,0,0
21,2,0,0
22,2,0,0
23,2,0,0
24,2,0,0
25,2,0,0
26,2,0,0
27,2,0,0
28,1,0,0
29,2,0,0
30,1,0,0
31,1,0,0
32,1,0,0
33,1,0,0
34,0,0,0
35,3,0,0
36,1,0,0
37,1,0,0
38,1,0,0
39,1,0,0
40,1,0,0
41,1,0,0
42,1,0,0
43,1,0,0
44,1,0,0
45,1,0,0
46,1,0,0
47,1,0,0
48,1,0,0
49,2,0,0
50,1,0,0
51,1,0,0
52,1,0,0
53,1,0,0
54,2,0,0
55,1,0,0
56,1,0,0
57,1,0,0
58,1,0,0
59,1,0,0
60,1,0,0
61,1,0,0
62,1,0,0
63,1,0,0
64,1,0,0
65,1,0,0
66,1,0,0
67,1,0,0
68,1,0,0
69,2,0,0
70,1,0,0
71,1,0,0
72,2,0,0
73,1,0,0
74,2,0,0
75,2,0,0
76,2,0,0
77,2,0,0
78,2,0,0
79,2,0,0
80,2,0,0
81,1,0,0
82,1,0,0
83,1,0,0
84,1,0,0
85,1,0,0
86,1,0,0
87,1,0,0
88,1,0,0
89,1,0,0
90,1,0,0
91,2,0,0
92,3,0,0
93,3,0,0
94,2,0,0
95,2,0,0
96,2,0,0
97,2,0,0
98,1,0,0
99,1,0,0
100,1,0,0
101,1,0,0
102,1,0,0
103,1,0,0
104,2,0,0
105,2,0,0
106,1,0,0
107,1,0,0
108,1,0,0
109,1,0,0
110,1,0,0
111,1,0,0
112,1,0,0
113,1,0,0
114,1,0,0
115,1,0,0
116,1,0,0
117,1,0,0
118,1,0,0
119,1,0,0
120,2,0,0
121,2,0,0
122,2,0,0
123,1,0,0
124,1,0,0
125,2,0,0
126,2,0,0
127,3,0,0
128,2,0,0
129,2,0,0
130,3,0,0
131,3,0,0
132,2,0,0
133,2,0,0
134,2,0,0
135,2,0,0
136,2,0,0
137,3,0,0
138,2,0,0
139,2,0,0
140,2,2,1
141,2,0,0
142,3,0,0
143,3,0,0
144,3,2,1
145,3,2,1
146,3,2,1
147,4,2,1
148,4,2,1
149,4,2,1
150,3,0,0
151,3,0,0
152,3,0,0
153,4,0,0
154,3,0,0
155,3,0,0
156,3,0,0
157,3,0,0
158,3,0,0
159,3,0,0
160,3,0,0
161,3,2,1
162,3,0,0
163,3,0,0
164,3,0,0
165,2,0,0
166,2,0,0
167,2,0,0
168,2,0,0
169,2,0,0
170,2,0,0
171,2,0,0
172,2,0,0
173,2,0,0
174,2,2,1
175,4,0,0
176,4,0,0
177,3,0,0
178,3,0,0
179,2,0,0
180,2,0,0
181,2,0,0
182,2,0,0
183,2,0,0
184,2,0,0
185,1,0,0
186,1,0,0
187,1,0,0
188,1,0,0
189,1,0,0
190,1,0,0
191,1,0,0
192,1,0,0
193,2,0,0
194,1,0,0
195,1,0,0
196,1,0,0
197,1,0,0
198,1,0,0
199,0,0,0
200,0,0,0
201,0,0,0
202,0,0,0
203,0,0,0
204,0,0,0
205,0,0,0
206,1,0,0
207,0,0,0
208,1,0,0
209,2,0,0
210,2,0,0
211,1,0,0
212,2,0,0
213,1,0,0
214,2,0,0
215,1,0,0
216,2,0,0
217,2,0,0
218,2,0,0
219,2,0,0
220,2,0,0
221,2,0,0
222,2,0,0
223,2,0,0
224,2,0,0
225,3,0,0
226,3,0,0
227,3,0,0
228,4,0,0
229,3,0,0
230,3,0,0
231,3,0,0
232,3,0,0
233,3,0,0
234,2,0,0
235,2,0,0
236,2,0,0
237,2,0,0
238,4,0,0
239,3,0,0
240,3,0,0
241,3,2,1
242,4,2,1
243,3,0,0
244,3,0,0
245,3,0,0
246,3,0,0
247,2,0,0
248,2,0,0
249,2,0,0
250,3,0,0
251,2,0,0
252,2,0,0
253,2,0,0
254,3,0,0
255,5,0,0
256,4,2,1
257,3,0,0
258,2,0,0
259,2,0,0
260,2,0,0
261,3,0,0
262,3,0,0
263,3,0,0
264,3,0,0
265,3,0,0
266,3,0,0
267,1,0,0
268,2,0,0
269,2,0,0
270,2,0,0
271,2,0,0
272,2,0,0
273,3,0,0
274,3,2,1
275,3,0,0
276,2,0,0
277,2,0,0
278,2,0,0
279,2,0,0
280,2,0,0
281,3,0,0
282,2,0,0
283,2,0,0
284,2,0,0
285,2,0,0
286,1,0,0
287,1,0,0
288,1,0,0
289,1,0,0
290,2,0,0
291,3,0,0
292,3,0,0
293,3,0,0
294,3,0,0
295,3,0,0
296,3,0,0
297,3,0,0
298,3,0,0
299,3,0,0
300,3,0,0
301,3,0,0
302,3,0,0
303,2,0,0
304,2,0,0
305,2,0,0
306,1,0,0
307,1,0,0
308,1,0,0
309,1,0,0
310,1,0,0
311,1,0,0
312,1,0,0
313,1,0,0
314,1,0,0
315,1,0,0
316,1,0,0
317,1,0,0
318,1,0,0
319,1,0,0
320,1,0,0
321,1,0,0
322,1,0,0
323,2,0,0
324,2,0,0
325,2,0,0
326,2,0,0
327,2,0,0
328,2,0,0
329,2,0,0
330,2,0,0
331,3,0,0
332,3,0,0
333,3,2,1
334,3,0,0
335,3,0,0
336,2,0,0
337,3,0,0
338,2,0,0
339,3,0,0
340,2,0,0
341,2,0,0
342,2,0,0
343,2,0,0
344,2,0,0
345,2,0,0
346,2,0,0
347,3,0,0
348,3,0,0
349,3,0,0
350,3,0,0
351,3,0,0
352,3,2,1
353,3,0,0
354,4,2,1
355,3,2,1
356,2,2,1
357,2,2,1
358,3,2,1
359,2,2,1
360,2,2,1
361,2,0,0
362,2,0,0
363,2,0,0
364,2,2,1
365,2,0,0
366,2,0,0
367,2,0,0
368,2,0,0
369,2,0,0
370,2,2,1
371,2,2,1
372,2,0,0
373,2,0,0
374,2,0,0
375,3,0,0
376,2,0,0
377,1,0,0
378,1,0,0
379,1,0,0
380,1,0,0
381,1,0,0
382,1,0,0
383,1,0,0
384,1,0,0
385,1,0,0
386,1,0,0
387,1,0,0
388,1,0,0
389,1,0,0
390,0,0,0
391,0,0,0
392,0,0,0
393,1,0,0
394,1,0,0
395,1,0,0
396,1,0,0
397,1,0,0
398,1,0,0
399,0,0,0
400,0,0,0
401,1,0,0
402,2,0,0
403,1,0,0
404,1,0,0
405,1,0,0
406,1,0,0
407,2,0,0
408,3,0,0
409,3,0,0
410,3,0,0
411,2,0,0
412,2,0,0
413,2,0,0
414,2,0,0
415,1,0,0
416,1,0,0
417,2,0,0
418,2,0,0
419,1,0,0
420,1,0,0
421,1,0,0
422,1,0,0
423,1,0,0
424,1,0,0
425,1,0,0
426,1,0,0
427,3,0,0
428,2,0,0
429,1,0,0
430,1,0,0
431,1,0,0
432,1,0,0
433,1,0,0
434,1,0,0
435,1,0,0
436,1,0,0
437,1,0,0
438,2,0,0
439,2,0,0
440,2,0,0
441,2,0,0
442,2,0,0
443,3,0,0
444,3,0,0
445,3,0,0
446,3,0,0
447,2,0,0
448,2,0,0
449,2,0,0
450,2,0,0
451,2,0,0
452,2,0,0
453,2,0,0
454,2,0,0
455,2,0,0
456,2,0,0
457,2,0,0
458,2,0,0
459,2,0,0
460,3,0,0
461,2,0,0
462,2,0,0
463,2,2,1
464,2,2,1
465,2,0,0
466,3,0,0
467,3,0,0
468,3,0,0
469,3,0,0
470,3,0,0
471,3,0,0
472,3,0,0
473,3,0,0
474,3,0,0
475,3,0,0
476,3,0,0
477,3,0,0
478,3,0,0
479,3,0,0
480,3,0,0
481,4,0,0
482,4,0,0
483,4,0,0
484,4,0,0
485,4,2,1
486,3,0,0
487,3,0,0
488,2,0,0
489,3,0,0
490,3,0,0
491,3,2,1
492,3,0,0
493,3,0,0
494,3,0,0
495,3,0,0
496,2,0,0
497,2,0,0
498,2,0,0
499,2,0,0
500,2,0,0
501,3,2,1
502,2,0,0
503,2,0,0
504,2,0,0
505,2,0,0
506,2,0,0
507,2,0,0
508,2,0,0
509,3,0,0
510,2,0,0
511,3,0,0
512,3,0,0
513,3,0,0
514,3,0,0
515,3,0,0
516,3,0,0
517,2,0,0
518,2,0,0
519,2,0,0
520,2,0,0
521,2,0,0
522,2,0,0
523,2,0,0
524,2,0,0
525,2,0,0
526,2,0,0
527,2,0,0
528,2,0,0
529,3,0,0
530,3,0,0
531,3,0,0
532,3,0,0
533,3,0,0
534,3,0,0
535,3,0,0
536,3,0,0
537,4,0,0
538,3,0,0
539,2,0,0
540,1,0,0
541,1,0,0
542,1,0,0
543,1,0,0
544,1,0,0
545,1,0,0
546,3,0,0
547,1,0,0
548,1,0,0
549,2,0,0
550,2,0,0
551,1,0,0
552,1,0,0
553,2,0,0
554,2,0,0
555,2,0,0
556,2,2,1
557,2,0,0
558,2,0,0
559,2,0,0
560,2,0,0
561,2,0,0
562,2,0,0
563,2,0,0
564,2,0,0
565,2,0,0
566,2,0,0
567,2,2,1
568,2,0,0
569,2,0,0
570,2,0,0
571,2,0,0
572,2,0,0
573,2,0,0
574,2,0,0
575,2,0,0
576,2,0,0
577,2,0,0
578,2,0,0
579,2,0,0
580,2,0,0
581,2,0,0
582,2,0,0
583,2,0,0
584,2,0,0
585,2,0,0
586,4,0,0
587,4,0,0
588,3,0,0
589,3,0,0
590,3,0,0
591,3,0,0
592,3,0,0
593,3,0,0
594,3,0,0
595,3,0,0
596,3,0,0
597,3,2,1
598,2,0,0
599,3,0,0
600,3,0,0
601,3,0,0
602,4,0,0
603,2,0,0
604,2,0,0
605,2,0,0
606,2,0,0
607,2,0,0
608,1,0,0
609,1,0,0
610,1,0,0
611,1,0,0
612,1,0,0
613,1,0,0
614,1,0,0
615,1,0,0
616,1,0,0
617,1,0,0
618,1,0,0
619,1,0,0
620,0,0,0
621,0,0,0
622,0,0,0
623,0,0,0
624,0,0,0
625,1,0,0
626,1,0,0
627,2,0,0
628,1,0,0
629,1,0,0
630,1,0,0
631,1,0,0
632,1,0,0
633,1,0,0
634,2,0,0
635,1,0,0
636,0,0,0
637,1,0,0
638,1,0,0
639,0,0,0
640,1,0,0
641,1,0,0
642,2,0,0
643,2,0,0
644,2,0,0
645,2,0,0
646,2,0,0
647,2,0,0
648,2,0,0
649,2,0,0
650,2,0,0
651,2,0,0
652,2,0,0
653,2,0,0
654,2,0,0
655,2,0,0
656,2,0,0
657,2,0,0
658,2,0,0
659,2,0,0
660,2,0,0
661,3,0,0
662,2,0,0
663,2,2,1
664,2,0,0
665,2,0,0
666,2,0,0
667,2,0,0
668,2,0,0
669,2,0,0
670,2,0,0
671,3,0,0
672,3,0,0
673,3,0,0
674,2,0,0
675,3,0,0
676,3,0,0
677,3,0,0
678,3,0,0
679,3,0,0
680,3,0,0
681,3,0,0
682,3,0,0
683,3,0,0
684,3,0,0
685,3,0,0
686,3,0,0
687,3,0,0
688,3,0,0
689,3,2,1
690,3,0,0
691,3,0,0
692,3,0,0
693,3,0,0
694,3,0,0
695,3,0,0
696,2,0,0
697,2,0,0
698,2,2,1
699,2,0,0
700,2,0,0
701,2,0,0
702,2,0,0
703,2,0,0
704,2,0,0
705,2,2,1
706,2,2,1
707,2,2,1
708,2,2,1
709,2,2,1
710,2,0,0
711,3,0,0
712,4,0,0
713,4,0,0
714,4,2,1
715,4,2,1
716,4,2,1
717,5,2,1
718,4,0,0
719,5,2,1
720,4,0,0
721,2,0,0
722,1,0,0
723,2,0,0
724,1,0,0
725,2,0,0
726,1,0,0
727,1,0,0
728,1,0,0
729,1,0,0
730,1,0,0
731,2,0,0
732,1,0,0
733,2,0,0
734,2,0,0
735,2,0,0
736,2,0,0
737,2,0,0
738,3,0,0
739,1,0,0
740,1,0,0
741,2,0,0
742,1,0,0
743,2,0,0
744,2,0,0
745,3,0,0
746,3,2,1
747,3,0,0
748,4,0,0
749,4,0,0
750,2,0,0
751,2,0,0
752,2,0,0
753,1,0,0
754,1,0,0
755,1,0,0
756,1,0,0
757,1,0,0
758,1,0,0
759,1,0,0
760,2,0,0
761,2,0,0
762,2,0,0
763,2,0,0
764,1,0,0
765,1,0,0
766,1,0,0
767,1,0,0
768,2,0,0
769,1,0,0
770,1,0,0
771,1,0,0
772,1,0,0
773,1,0,0
774,2,0,0
775,3,0,0
776,3,0,0
777,3,0,0
778,3,0,0
779,3,0,0
780,2,0,0
781,2,0,0
782,2,0,0
783,2,0,0
784,1,0,0
785,1,0,0
786,1,0,0
787,1,0,0
788,1,0,0
789,2,0,0
790,2,2,1
791,2,2,1
792,2,2,1
793,2,2,1
794,2,0,0
795,2,0,0
796,2,0,0
797,2,0,0
798,2,0,0
799,3,0,0
800,3,0,0
801,3,0,0
802,3,0,0
803,3,0,0
804,3,0,0
805,3,0,0
806,3,0,0
807,3,0,0
808,3,0,0
809,3,0,0
810,3,2,1
811,2,0,0
812,4,0,0
813,3,0,0
814,3,0,0
815,2,0,0
816,2,0,0
817,2,0,0
818,2,0,0
819,2,0,0
820,2,0,0
821,2,0,0
822,2,0,0
823,2,0,0
824,2,0,0
825,2,0,0
826,2,0,0
827,3,0,0
828,2,0,0
829,2,0,0
830,2,0,0
831,2,0,0
832,2,0,0
833,2,0,0
834,2,0,0
835,2,0,0
836,2,0,0
837,2,0,0
838,2,0,0
839,2,0,0
840,2,0,0
841,2,0,0
842,2,0,0
843,2,0,0
844,2,0,0
845,3,0,0
846,2,0,0
847,3,0,0
848,2,0,0
849,2,0,0
850,2,0,0
851,2,0,0
852,2,0,0
853,2,0,0
854,2,0,0
855,2,0,0
856,2,0,0
857,2,0,0
858,2,0,0
859,2,0,0
860,2,0,0
861,2,0,0
862,2,0,0
863,4,0,0
864,4,0,0
865,3,0,0
866,3,0,0
867,3,2,1
868,3,0,0
869,3,0,0
870,4,0,0
871,3,0,0
872,3,0,0
873,3,0,0
874,3,0,0
875,3,0,0
876,3,0,0
877,3,0,0
878,3,0,0
879,3,0,0
880,3,0,0
881,3,0,0
882,3,0,0
883,3,0,0
884,2,2,1
885,2,0,0
886,4,0,0
887,3,0,0
888,3,0,0
889,3,0,0
890,3,0,0
891,3,0,0
892,2,0,0
893,2,0,0
894,2,0,0
895,2,0,0
896,2,0,0
897,3,0,0
898,3,0,0
899,3,0,0
900,2,0,0
901,2,0,0
902,1,0,0
903,2,0,0
904,2,0,0
905,2,0,0
906,2,0,0
907,2,0,0
908,2,0,0
909,2,0,0
910,2,0,0
911,2,0,0
912,2,0,0
913,2,0,0
914,2,0,0
915,2,0,0
916,4,0,0
917,2,0,0
918,2,0,0
919,1,0,0
920,1,0,0
921,1,0,0
922,1,0,0
923,1,0,0
924,1,0,0
925,1,0,0
926,1,0,0
927,1,0,0
928,2,0,0
929,2,0,0
930,2,0,0
931,2,0,0
932,2,2,1
933,2,2,1
934,3,2,1
935,3,2,1
936,3,2,1
937,3,0,0
938,3,0,0
939,3,0,0
940,2,0,0
941,2,0,0
942,2,0,0
943,1,0,0
944,1,0,0
945,1,0,0
946,1,0,0
947,1,0,0
948,1,0,0
949,1,0,0
950,1,0,0
951,1,0,0
952,1,0,0
953,1,0,0
954,1,0,0
955,1,0,0
956,1,0,0
957,1,0,0
958,1,0,0
959,1,0,0
960,1,0,0
961,2,0,0
962,2,0,0
963,2,0,0
964,3,0,0
965,3,0,0
966,3,0,0
967,3,0,0
968,3,0,0
969,4,0,0
970,3,0,0
971,3,0,0
972,3,0,0
973,3,0,0
974,3,0,0
975,3,0,0
976,3,0,0
977,2,0,0
978,2,0,0
979,2,0,0
980,1,0,0
981,1,0,0
982,1,0,0
983,2,0,0
984,2,0,0
985,1,0,0
986,1,0,0
987,1,0,0
988,2,0,0
989,2,0,0
990,1,0,0
991,1,0,0
992,1,0,0
993,1,0,0
994,1,0,0
995,1,0,0
996,1,0,0
997,2,0,0
998,2,0,0
999,2,0,0
1000,2,0,0
1001,2,0,0
1002,2,0,0
1003,2,2,1
1004,2,0,0
1005,2,0,0
1006,2,0,0
1007,2,0,0
1008,2,0,0
1009,2,0,0
1010,2,0,0
1011,2,0,0
1012,2,0,0
1013,2,2,1
1014,2,0,0
1015,2,0,0
1016,2,0,0
1017,2,0,0
1018,2,0,0
1019,2,0,0
1020,1,0,0
1021,1,0,0
1022,1,0,0
1023,1,0,0
1024,2,0,0
1025,2,0,0
1026,2,0,0
1027,2,0,0
1028,2,0,0
1029,2,0,0
1030,2,0,0
1031,2,0,0
1032,2,0,0
1033,3,0,0
1034,3,0,0
1035,4,0,0
1036,3,0,0
1037,3,0,0
1038,4,0,0
1039,4,0,0
1040,4,0,0
1041,5,0,0
1042,4,0,0
1043,4,0,0
1044,4,0,0
1045,4,0,0
1046,4,0,0
1047,4,0,0
1048,4,2,1
1049,4,2,1
1050,4,3,2
1051,4,2,1
1052,4,2,1
1053,4,2,1
1054,4,0,0
1055,4,0,0
1056,4,2,1
1057,4,0,0
1058,4,0,0
1059,4,0,0
1060,3,0,0
1061,4,2,1
1062,5,0,0
1063,5,0,0
1064,4,0,0
1065,4,0,0
1066,4,0,0
1067,4,0,0
1068,3,3,2
1069,3,3,2
1070,3,2,1
1071,3,0,0
1072,3,0,0
1073,3,0,0
1074,3,0,0
1075,3,0,0
1076,3,2,1
1077,3,2,1
1078,3,2,1
1079,3,2,1
1080,3,2,1
1081,3,2,1
1082,4,0,0
1083,2,0,0
1084,2,0,0
1085,2,0,0
1086,2,0,0
1087,2,0,0
1088,3,2,1
1089,3,0,0
1090,3,2,1
1091,3,2,1
1092,4,2,1
1093,4,2,1
1094,3,2,1
1095,3,2,1
1096,3,0,0
1097,3,0,0
1098,3,0,0
1099,3,0,0
1100,3,2,1
1101,3,3,2
1102,3,2,1
1103,3,0,0
1104,3,0,0
1105,4,0,0
1106,3,0,0
1107,3,0,0
1108,3,2,1
1109,2,2,1
1110,2,2,1
1111,2,2,1
1112,2,2,1
1113,2,0,0
1114,2,0,0
1115,2,0,0
1116,2,0,0
1117,2,0,0
1118,2,0,0
1119,2,0,0
1120,2,0,0
1121,2,0,0
1122,2,0,0
1123,2,0,0
1124,1,0,0
1125,1,0,0
1126,2,0,0
1127,2,0,0
1128,2,0,0
1129,2,0,0
1130,2,0,0
1131,1,0,0
1132,1,0,0
1133,1,0,0
1134,1,0,0
1135,1,0,0
1136,1,0,0
1137,1,0,0
1138,2,0,0
1139,2,0,0
1140,2,0,0
1141,2,0,0
1142,2,0,0
1143,2,0,0
1144,2,0,0
1145,2,0,0
1146,2,0,0
1147,2,0,0
1148,2,0,0
1149,2,0,0
1150,2,0,0
1151,2,0,0
1152,2,0,0
1153,1,0,0
1154,1,0,0
1155,1,0,0
1156,1,0,0
1157,1,0,0
1158,2,0,0
1159,2,0,0
1160,3,0,0
1161,1,0,0
1162,1,0,0
1163,1,0,0
1164,1,0,0
1165,1,0,0
1166,1,0,0
1167,1,0,0
1168,1,0,0
1169,1,0,0
1170,1,0,0
1171,1,0,0
1172,1,0,0
1173,1,0,0
1174,1,0,0
1175,1,0,0
1176,1,0,0
1177,1,0,0
1178,1,0,0
1179,1,0,0
1180,1,0,0
1181,1,0,0
1182,1,0,0
1183,1,0,0
1184,1,0,0
1185,1,0,0
1186,1,0,0
1187,1,0,0
1188,1,0,0
1189,1,0,0
1190,1,0,0
1191,1,0,0
1192,2,0,0
1193,2,0,0
1194,2,0,0
1195,2,0,0
1196,2,0,0
1197,2,0,0
1198,2,0,0
1199,1,0,0
1200,3,0,0
1201,3,0,0
1202,3,0,0
1203,2,0,0
1204,2,0,0
1205,2,0,0
1206,1,0,0
1207,1,0,0
1208,1,0,0
1209,1,0,0
1210,2,0,0
1211,2,0,0
1212,2,0,0
1213,2,0,0
1214,3,0,0
1215,2,0,0
1216,2,0,0
1217,2,0,0
1218,2,0,0
1219,2,0,0
1220,3,0,0
1221,3,2,1
1222,3,2,1
1223,3,2,1
1224,4,0,0
1225,3,2,1
1226,3,2,1
1227,3,0,0
1228,2,0,0
1229,2,0,0
1230,2,0,0
1231,2,0,0
1232,2,0,0
1233,3,0,0
1234,3,0,0
1235,3,2,1
1236,4,0,0
1237,5,0,0
1238,4,2,1
1239,3,0,0
1240,3,0,0
1241,3,2,1
1242,4,0,0
1243,3,0,0
1244,4,0,0
1245,3,0,0
1246,3,0,0
1247,3,0,0
1248,3,0,0
1249,3,0,0
1250,3,0,0
1251,3,0,0
1252,3,0,0
1253,2,0,0
1254,2,0,0
1255,2,0,0
1256,1,0,0
1257,1,0,0
1258,1,0,0
1259,1,0,0
1260,1,0,0
1261,2,0,0
1262,2,0,0
1263,2,2,1
1264,2,0,0
1265,2,0,0
1266,1,0,0
1267,1,0,0
1268,1,0,0
1269,1,0,0
1270,3,0,0
1271,2,0,0
1272,2,0,0
1273,2,0,0
1274,2,0,0
1275,2,0,0
1276,1,0,0
1277,1,0,0
1278,1,0,0
1279,1,0,0
1280,1,0,0
1281,1,0,0
1282,1,0,0
1283,2,0,0
1284,2,0,0
1285,2,0,0
1286,2,0,0
1287,2,0,0
1288,2,0,0
1289,2,0,0
1290,3,0,0
1291,3,2,1
1292,3,0,0
1293,3,0,0
1294,3,0,0
1295,3,0,0
1296,3,0,0
1297,3,0,0
1298,3,0,0
1299,3,0,0
1300,3,0,0
1301,3,0,0
1302,2,0,0
1303,2,0,0
1304,3,0,0
1305,2,0,0
1306,2,0,0
1307,2,0,0
1308,2,0,0
1309,2,0,0
1310,2,0,0
1311,2,0,0
1312,2,0,0
1313,2,0,0
1314,2,0,0
1315,2,0,0
1316,3,2,1
1317,3,3,2
1318,2,2,1
1319,3,3,2
1320,3,3,2
1321,3,3,2
1322,3,2,1
1323,3,2,1
1324,3,2,1
1325,3,2,1
1326,3,2,1
1327,3,2,1
1328,3,0,0
1329,3,0,0
1330,3,0,0
1331,3,2,1
1332,3,0,0
1333,3,0,0
1334,3,0,0
1335,3,0,0
1336,3,0,0
1337,3,0,0
1338,3,0,0
1339,3,0,0
1340,3,0,0
1341,3,2,1
1342,3,0,0
1343,2,0,0
1344,2,0,0
1345,2,0,0
1346,2,0,0
1347,2,0,0
1348,2,0,0
1349,1,0,0
1350,2,0,0
1351,2,0,0
1352,1,0,0
1353,1,0,0
1354,1,0,0
1355,1,0,0
1356,1,0,0
1357,1,0,0
1358,1,0,0
1359,2,0,0
1360,2,0,0
1361,2,0,0
1362,2,0,0
1363,2,0,0
1364,2,0,0
1365,2,0,0
1366,1,0,0
1367,2,0,0
1368,2,0,0
1369,2,0,0
1370,2,0,0
1371,2,0,0
1372,2,0,0
1373,2,0,0
1374,1,0,0
1375,1,0,0
1376,1,0,0
1377,1,0,0
1378,1,0,0
1379,1,0,0
1380,0,0,0
1381,0,0,0
1382,1,0,0
1383,1,0,0
1384,1,0,0
1385,1,0,0
1386,2,0,0
1387,2,0,0
1388,2,0,0
1389,2,0,0
1390,2,0,0
1391,2,0,0
1392,2,0,0
1393,2,0,0
1394,2,0,0
1395,3,0,0
1396,1,0,0
1397,2,0,0
1398,1,0,0
1399,1,0,0
1400,1,0,0
1401,1,0,0
1402,2,0,0
1403,2,0,0
1404,2,0,0
1405,2,0,0
1406,2,0,0
1407,2,0,0
1408,2,0,0
1409,2,0,0
1410,1,0,0
1411,3,0,0
1412,2,0,0
1413,1,0,0
1414,1,0,0
1415,2,0,0
1416,2,0,0
1417,2,0,0
1418,2,0,0
1419,2,0,0
1420,2,0,0
1421,2,0,0
1422,2,0,0
1423,1,0,0
1424,1,0,0
1425,2,0,0
1426,1,0,0
1427,1,0,0
1428,1,0,0
1429,1,0,0
1430,1,0,0
1431,1,0,0
1432,1,0,0
1433,1,0,0
1434,1,0,0
1435,1,0,0
1436,1,0,0
1437,1,0,0
1438,2,0,0
1439,1,0,0
1440,1,0,0
1441,1,0,0
1442,1,0,0
1443,1,0,0
1444,1,0,0
1445,1,0,0
1446,1,0,0
1447,2,0,0
1448,3,0,0
1449,2,0,0
1450,1,0,0
1451,1,0,0
1452,1,0,0
1453,1,0,0
1454,1,0,0
1455,1,0,0
1456,1,0,0
1457,0,0,0
1458,3,0,0
1459,3,0,0
1460,3,0,0
1461,3,2,1
1462,4,0,0
1463,4,0,0
1464,4,0,0
1465,4,0,0
1466,5,2,1
1467,5,3,2
1468,5,0,0
1469,5,0,0
1470,4,0,0
1471,4,3,2
1472,4,3,2
1473,4,3,3
1474,4,3,2
1475,4,3,3
1476,4,3,2
1477,3,2,1
1478,3,3,3
1479,3,3,3
1480,3,3,3
1481,3,3,3
1482,3,3,2
1483,3,3,3
1484,4,3,3
1485,3,3,3
1486,3,3,2
1487,4,3,2
1488,4,3,2
1489,4,3,2
1490,4,3,3
1491,4,3,3
1492,4,3,2
1493,4,3,3
1494,4,3,3
1495,4,3,3
1496,4,3,3
1497,4,3,3
1498,4,3,2
1499,5,3,3
1500,5,3,3
1501,5,3,3
1502,5,3,3
1503,4,3,3
1504,4,3,3
1505,4,3,3
1506,4,3,3
1507,4,3,2
1508,4,3,3
1509,4,3,2
1510,3,2,1
1511,3,2,1
1512,5,3,3
1513,4,3,2
1514,4,3,3
1515,3,3,3
1516,3,3,2
1517,3,3,2
1518,3,3,3
1519,4,3,3
1520,4,3,2
1521,4,3,2
1522,5,3,3
1523,5,4,4
1524,5,4,5
1525,5,4,3
1526,5,4,4
1527,5,4,4
1528,4,3,3
1529,4,4,3
1530,4,3,3
1531,3,3,2
1532,3,3,2
1533,3,3,2
1534,3,3,3
1535,3,3,2
1536,3,3,3
1537,3,3,2
1538,3,3,2
1539,3,3,2
1540,3,3,2
1541,3,3,3
1542,3,3,3
1543,3,3,2
1544,3,3,3
1545,3,3,3
1546,3,3,3
1547,3,2,1
1548,3,3,2
1549,3,3,2
1550,4,3,2
1551,4,3,3
1552,5,2,1
1553,4,3,2
1554,3,3,2
1555,3,3,3
1556,4,3,3
1557,4,3,2
1558,4,3,2
1559,4,3,2
1560,4,3,2
1561,4,3,2
1562,4,3,3
1563,4,3,3
1564,4,3,3
1565,4,3,3
1566,4,3,2
1567,4,3,3
1568,4,3,2
1569,4,3,3
1570,4,3,2
1571,4,3,2
1572,4,3,3
1573,4,3,3
1574,4,3,2
1575,4,3,3
1576,4,3,2
1577,4,3,2
1578,4,3,2
1579,4,3,2
1580,3,3,3
1581,3,3,3
1582,3,3,2
1583,2,2,1
1584,2,2,1
1585,2,2,1
1586,2,0,0
1587,2,0,0
1588,2,0,0
1589,3,0,0
1590,3,0,0
1591,2,0,0
1592,3,0,0
1593,2,0,0
1594,2,0,0
1595,2,0,0
1596,2,0,0
1597,2,0,0
1598,2,0,0
1599,2,0,0
1600,2,0,0
1601,2,0,0
1602,2,0,0
1603,2,0,0
1604,2,0,0
1605,2,0,0
1606,3,0,0
1607,3,0,0
1608,3,0,0
1609,3,0,0
1610,3,0,0
1611,3,0,0
1612,3,0,0
1613,3,0,0
1614,3,0,0
1615,3,0,0
1616,3,0,0
1617,3,0,0
1618,3,0,0
1619,3,0,0
1620,3,0,0
1621,3,0,0
1622,2,0,0
1623,2,0,0
1624,2,0,0
1625,2,0,0
1626,2,0,0
1627,2,0,0
1628,2,0,0
1629,2,0,0
1630,2,0,0
1631,2,0,0
1632,2,2,1
1633,2,0,0
1634,2,0,0
1635,2,0,0
1636,2,0,0
1637,2,2,1
1638,2,0,0
1639,2,0,0
1640,2,0,0
1641,3,0,0
1642,3,0,0
1643,2,0,0
1644,3,0,0
1645,4,0,0
1646,2,0,0
1647,2,0,0
1648,2,0,0
1649,2,0,0
1650,2,0,0
1651,2,0,0
1652,3,0,0
1653,3,0,0
1654,3,0,0
1655,2,0,0
1656,2,0,0
1657,2,0,0
1658,1,0,0
1659,1,0,0
1660,1,0,0
1661,1,0,0
1662,1,0,0
1663,2,0,0
1664,1,0,0
1665,1,0,0
1666,1,0,0
1667,1,0,0
1668,2,0,0
1669,2,0,0
1670,2,0,0
1671,2,0,0
1672,2,0,0
1673,2,0,0
1674,2,0,0
1675,2,0,0
1676,2,0,0
1677,2,0,0
1678,1,0,0
1679,1,0,0
1680,1,0,0
1681,2,0,0
1682,2,0,0
1683,1,0,0
1684,2,0,0
1685,1,0,0
1686,1,0,0
1687,1,0,0
1688,1,0,0
1689,1,0,0
1690,1,0,0
1691,1,0,0
1692,2,0,0
1693,3,0,0
1694,1,0,0
1695,1,0,0
1696,1,0,0
1697,1,0,0
1698,1,0,0
1699,1,0,0
1700,1,0,0
1701,1,0,0
1702,1,0,0
1703,1,0,0
1704,1,0,0
1705,1,0,0
1706,1,0,0
1707,1,0,0
1708,1,0,0
1709,1,0,0
1710,1,0,0
1711,1,0,0
1712,1,0,0
1713,1,0,0
1714,1,0,0
1715,0,0,0
1716,1,0,0
1717,1,0,0
1718,2,0,0
1719,2,0,0
1720,4,0,0
1721,1,0,0
1722,1,0,0
1723,1,0,0
1724,1,0,0
1725,1,0,0
1726,1,0,0
1727,1,0,0
1728,0,0,0
1729,0,0,0
1730,0,0,0
1731,0,0,0
1732,0,0,0
1733,1,0,0
1734,1,0,0
1735,3,0,0
1736,2,0,0
1737,2,0,0
1738,2,0,0
1739,2,0,0
1740,2,0,0
1741,2,0,0
1742,2,0,0
1743,2,0,0
1744,2,0,0
1745,2,0,0
1746,2,0,0
1747,3,0,0
1748,3,0,0
1749,3,0,0
1750,3,0,0
1751,3,0,0
1752,3,0,0
1753,3,2,1
1754,3,2,1
1755,2,0,0
1756,2,0,0
1757,3,0,0
1758,3,0,0
1759,4,0,0
1760,2,0,0
1761,2,0,0
1762,2,0,0
1763,2,0,0
1764,2,0,0
1765,1,0,0
1766,1,0,0
1767,1,0,0
1768,2,0,0
1769,2,0,0
1770,2,0,0
1771,2,0,0
1772,2,0,0
1773,3,0,0
1774,1,0,0
1775,3,0,0
1776,2,0,0
1777,2,0,0
1778,1,0,0
1779,2,0,0
1780,1,0,0
1781,1,0,0
1782,1,0,0
1783,1,0,0
1784,1,0,0
1785,1,0,0
1786,1,0,0
1787,1,0,0
1788,1,0,0
1789,2,0,0
1790,3,0,0
1791,2,0,0
1792,3,0,0
1793,3,0,0
1794,3,0,0
1795,2,0,0
1796,2,0,0
1797,2,0,0
1798,2,0,0
1799,2,0,0
1800,2,0,0
1801,2,0,0
1802,2,0,0
1803,2,0,0
1804,2,0,0
1805,2,0,0
1806,2,0,0
1807,2,0,0
1808,2,0,0
1809,2,0,0
1810,2,0,0
1811,2,0,0
1812,2,0,0
1813,2,0,0
1814,2,0,0
1815,2,0,0
1816,2,2,1
1817,2,0,0
1818,2,0,0
1819,2,0,0
1820,2,0,0
1821,2,0,0
1822,2,0,0
1823,1,0,0
1824,2,0,0
1825,2,0,0
1826,2,0,0
1827,2,0,0
1828,2,0,0
1829,2,0,0
1830,2,0,0
1831,3,0,0
1832,3,0,0
1833,3,0,0
1834,3,0,0
1835,3,0,0
1836,3,2,1
1837,3,2,1
1838,3,2,1
1839,4,2,1
1840,4,2,1
1841,4,0,0
1842,4,0,0
1843,4,0,0
1844,4,0,0
1845,5,2,1
1846,4,0,0
1847,5,0,0
1848,4,0,0
1849,4,0,0
1850,4,0,0
1851,4,0,0
1852,4,0,0
1853,4,0,0
1854,3,2,1
1855,3,0,0
1856,3,0,0
1857,3,0,0
1858,3,0,0
1859,3,0,0
1860,3,0,0
1861,3,2,1
1862,3,0,0
1863,4,2,1
1864,4,0,0
1865,4,0,0
1866,2,0,0
1867,2,0,0
1868,2,0,0
1869,2,0,0
1870,2,0,0
1871,2,0,0
1872,2,0,0
1873,2,0,0
1874,2,0,0
1875,2,0,0
1876,3,0,0
1877,2,0,0
1878,3,0,0
1879,3,2,1
1880,3,0,0
1881,4,0,0
1882,4,0,0
1883,4,0,0
1884,4,0,0
1885,4,0,0
1886,4,2,1
1887,4,0,0
1888,4,3,2
1889,4,2,1
1890,4,2,1
1891,4,2,1
1892,4,0,0
1893,4,0,0
1894,4,0,0
1895,3,0,0
1896,3,0,0
1897,3,0,0
1898,3,0,0
1899,3,0,0
1900,3,0,0
1901,2,0,0
1902,2,0,0
1903,3,0,0
1904,2,0,0
1905,2,0,0
1906,2,0,0
1907,2,0,0
1908,2,0,0
1909,2,0,0
1910,2,0,0
1911,2,0,0
1912,2,0,0
1913,2,0,0
1914,3,0,0
1915,2,0,0
1916,3,0,0
1917,2,0,0
1918,2,0,0
1919,2,0,0
1920,2,0,0
1921,3,0,0
1922,3,0,0
1923,3,0,0
1924,3,0,0
1925,4,0,0
1926,4,2,1
1927,3,2,1
1928,2,0,0
1929,2,0,0
1930,2,0,0
1931,2,0,0
1932,2,0,0
1933,2,0,0
1934,2,0,0
1935,2,0,0
1936,2,0,0
1937,2,0,0
1938,2,0,0
1939,1,0,0
1940,1,0,0
1941,2,0,0
1942,2,0,0
1943,2,0,0
1944,2,0,0
1945,2,0,0
1946,2,0,0
1947,3,0,0
1948,3,0,0
1949,3,0,0
1950,3,0,0
1951,3,0,0
1952,3,0,0
1953,2,2,1
1954,2,0,0
1955,2,0,0
1956,2,0,0
1957,2,0,0
1958,2,0,0
1959,2,0,0
1960,2,0,0
1961,2,0,0
1962,2,0,0
1963,2,0,0
1964,2,0,0
1965,2,0,0
1966,2,0,0
1967,2,0,0
1968,2,0,0
1969,2,0,0
1970,2,0,0
1971,2,0,0
1972,2,0,0
1973,2,0,0
1974,2,0,0
1975,2,0,0
1976,1,0,0
1977,1,0,0
1978,1,0,0
1979,1,0,0
1980,1,0,0
1981,1,0,0
1982,1,0,0
1983,1,0,0
1984,1,0,0
1985,1,0,0
1986,2,0,0
1987,2,0,0
1988,2,0,0
1989,2,0,0
1990,3,0,0
1991,2,2,1
1992,3,0,0
1993,3,0,0
1994,2,0,0
1995,2,0,0
1996,2,0,0
1997,2,0,0
1998,2,0,0
1999,2,0,0
