0,1,0,0
1,0,0,0
2,0,0,0
3,0,0,0
4,0,0,0
5,0,0,0
6,0,0,0
7,0,0,0
8,1,0,0
9,1,0,0
10,1,0,0
11,3,0,0
12,3,0,0
13,2,2,1
14,1,0,0
15,1,0,0
16,1,0,0
17,3,0,0
18,2,0,0
19,2,0,0
20,2,0,0
21,2,0,0
22,2,0,0
23,2,0,0
24,2,0,0
25,2,0,0
26,1,0,0
27,2,0,0
28,1,0,0
29,1,0,0
30,1,0,0
31,1,0,0
32,1,0,0
33,1,0,0
34,1,0,0
35,1,0,0
36,1,0,0
37,1,0,0
38,1,0,0
39,1,0,0
40,1,0,0
41,1,0,0
42,1,0,0
43,1,0,0
44,1,0,0
45,1,0,0
46,1,0,0
47,2,0,0
48,2,0,0
49,3,0,0
50,3,0,0
51,3,0,0
52,3,2,1
53,3,0,0
54,3,0,0
55,3,0,0
56,3,0,0
57,3,2,1
58,4,0,0
59,2,0,0
60,2,0,0
61,2,0,0
62,2,0,0
63,2,0,0
64,2,0,0
65,2,0,0
66,2,0,0
67,2,0,0
68,2,2,1
69,2,2,1
70,2,0,0
71,2,0,0
72,2,0,0
73,2,0,0
74,2,0,0
75,2,0,0
76,2,0,0
77,2,2,1
78,2,2,1
79,2,0,0
80,1,0,0
81,2,0,0
82,3,0,0
83,3,2,1
84,3,0,0
85,3,0,0
86,3,0,0
87,3,0,0
88,4,0,0
89,3,0,0
90,4,2,1
91,4,2,1
92,3,2,1
93,3,3,2
94,3,3,3
95,3,3,2
96,3,3,2
97,3,3,3
98,3,3,3
99,3,3,2
100,4,3,3
101,4,3,2
102,4,3,2
103,3,2,1
104,4,2,1
105,4,2,1
106,4,2,1
107,4,2,1
108,4,2,1
109,4,0,0
110,4,0,0
111,4,2,1
112,4,2,1
113,4,2,1
114,4,2,1
115,3,0,0
116,3,0,0
117,3,0,0
118,3,0,0
119,3,0,0
120,3,0,0
121,4,0,0
122,3,0,0
123,1,0,0
124,1,0,0
125,1,0,0
126,1,0,0
127,0,0,0
128,0,0,0
129,0,0,0
130,0,0,0
131,1,0,0
132,1,0,0
133,1,0,0
134,1,0,0
135,1,0,0
136,1,0,0
137,1,0,0
138,3,2,1
139,3,0,0
140,2,0,0
141,2,0,0
142,2,0,0
143,3,0,0
144,3,0,0
145,3,0,0
146,3,0,0
147,3,0,0
148,3,0,0
149,3,0,0
150,3,0,0
151,3,0,0
152,3,0,0
153,2,0,0
154,2,0,0
155,3,0,0
156,3,0,0
157,3,0,0
158,2,0,0
159,1,0,0
160,2,0,0
161,3,0,0
162,3,0,0
163,3,0,0
164,3,0,0
165,3,2,1
166,3,2,1
167,3,0,0
168,4,0,0
169,4,0,0
170,4,0,0
171,4,0,0
172,4,0,0
173,4,0,0
174,4,0,0
175,4,0,0
176,4,0,0
177,4,0,0
178,4,0,0
179,4,0,0
180,4,0,0
181,4,0,0
182,4,0,0
183,4,2,1
184,4,0,0
185,4,0,0
186,3,0,0
187,2,0,0
188,3,0,0
189,3,0,0
190,2,0,0
191,1,0,0
192,1,0,0
193,0,0,0
194,0,0,0
195,0,0,0
196,0,0,0
197,0,0,0
198,0,0,0
199,0,0,0
200,0,0,0
201,0,0,0
202,0,0,0
203,0,0,0
204,0,0,0
205,0,0,0
206,0,0,0
207,0,0,0
208,1,0,0
209,1,0,0
210,1,0,0
211,1,0,0
212,1,0,0
213,1,0,0
214,1,0,0
215,0,0,0
216,1,0,0
217,1,0,0
218,1,0,0
219,1,0,0
220,1,0,0
221,1,0,0
222,1,0,0
223,1,0,0
224,1,0,0
225,1,0,0
226,1,0,0
227,1,0,0
228,2,0,0
229,2,0,0
230,3,0,0
231,3,0,0
232,2,0,0
233,3,0,0
234,2,0,0
235,2,2,1
236,2,0,0
237,2,2,1
238,1,0,0
239,2,2,1
240,2,0,0
241,2,0,0
242,2,0,0
243,2,0,0
244,3,0,0
245,3,0,0
246,3,0,0
247,4,0,0
248,3,0,0
249,3,0,0
250,3,0,0
251,3,0,0
252,3,0,0
253,3,0,0
254,3,0,0
255,4,0,0
256,3,0,0
257,3,0,0
258,3,0,0
259,3,0,0
260,3,0,0
261,4,0,0
262,4,2,1
263,4,0,0
264,4,2,1
265,4,2,1
266,4,4,4
267,4,4,4
268,4,4,3
269,4,4,5
270,4,4,4
271,4,4,5
272,4,4,3
273,4,3,2
274,4,4,4
275,4,4,5
276,4,4,4
277,3,3,3
278,4,4,5
279,4,4,4
280,4,4,4
281,4,4,4
282,4,4,5
283,5,4,4
284,5,4,4
285,5,4,4
286,5,4,5
287,5,4,5
288,5,4,5
289,5,4,5
290,5,4,5
291,4,4,5
292,5,5,6
293,4,3,2
294,4,4,4
295,5,5,4
296,5,5,7
297,5,5,7
298,5,4,5
299,5,5,6
300,5,5,6
301,5,5,7
302,5,5,6
303,6,5,7
304,6,5,6
305,6,5,7
306,6,5,7
307,6,6,9
308,6,6,9
309,6,6,8
310,6,6,9
311,6,6,9
312,6,6,8
313,6,6,9
314,6,6,9
315,6,6,10
316,6,6,10
317,6,6,9
318,6,6,10
319,6,6,10
320,6,6,9
321,6,6,10
322,6,6,8
323,6,6,10
324,6,6,10
325,6,6,10
326,6,6,9
327,6,6,9
328,6,6,9
329,7,6,10
330,6,6,9
331,6,6,9
332,6,6,10
333,6,6,10
334,6,6,10
335,6,6,9
336,6,6,9
337,6,6,8
338,6,6,10
339,6,6,8
340,6,6,9
341,6,6,9
342,6,6,10
343,6,6,10
344,6,6,10
345,6,6,10
346,6,6,10
347,6,6,10
348,6,6,10
349,7,6,10
350,7,6,10
351,7,6,10
352,6,6,10
353,7,6,10
354,8,6,8
355,7,6,10
356,7,6,8
357,8,6,8
358,8,7,10
359,8,6,10
360,9,7,11
361,8,7,11
362,7,6,10
363,7,6,9
364,7,6,10
365,8,7,11
366,8,8,13
367,8,8,15
368,8,8,15
369,8,8,14
370,8,8,14
371,8,8,14
372,8,8,14
373,8,8,14
374,8,8,15
375,8,8,14
376,8,8,15
377,8,8,15
378,8,8,14
379,8,8,15
380,8,8,15
381,8,8,15
382,8,8,15
383,8,8,15
384,8,8,15
385,8,8,15
386,8,8,15
387,8,8,15
388,8,8,15
389,8,8,15
390,8,8,15
391,8,8,15
392,8,8,15
393,8,8,15
394,8,8,15
395,8,8,15
396,8,8,15
397,8,8,14
398,8,8,15
399,8,8,15
400,8,8,15
401,8,8,15
402,8,8,15
403,8,8,15
404,8,8,15
405,8,8,15
406,8,8,15
407,8,8,15
408,8,8,15
409,8,8,15
410,8,8,15
411,8,8,15
412,8,8,15
413,8,8,15
414,8,8,15
415,8,8,14
416,8,8,14
417,8,8,15
418,8,8,14
419,8,8,14
420,8,8,15
421,8,8,14
422,8,8,15
423,8,8,15
424,8,8,15
425,8,8,15
426,8,8,15
427,8,8,15
428,8,8,15
429,8,8,14
430,8,8,15
431,8,8,13
432,8,8,15
433,8,8,15
434,8,8,15
435,8,8,15
436,8,8,15
437,8,8,15
438,8,8,15
439,8,8,15
440,8,8,14
441,8,8,15
442,8,8,15
443,8,8,14
444,8,8,15
445,8,8,15
446,8,8,15
447,8,8,15
448,8,8,15
449,8,8,15
450,8,8,15
451,8,8,15
452,8,8,15
453,8,8,15
454,8,8,15
455,8,8,15
456,8,8,14
457,8,8,15
458,8,8,15
459,8,8,15
460,8,8,15
461,8,8,15
462,8,8,15
463,8,8,15
464,8,8,15
465,8,8,15
466,8,8,15
467,8,8,15
468,8,8,15
469,8,8,15
470,8,8,15
471,9,8,15
472,9,8,15
473,9,8,15
474,9,8,15
475,8,8,15
476,8,8,15
477,8,8,15
478,8,8,14
479,8,8,15
480,8,8,15
481,8,8,15
482,8,8,15
483,8,8,14
484,8,8,15
485,8,8,15
486,8,8,15
487,8,8,14
488,8,8,14
489,8,8,15
490,8,8,15
491,8,8,15
492,8,8,15
493,8,8,15
494,8,8,15
495,8,8,15
496,8,8,15
497,8,8,15
498,8,8,15
499,8,8,15
500,8,8,15
501,8,8,15
502,8,8,15
503,8,8,15
504,8,8,15
505,8,8,15
506,8,8,15
507,8,8,15
508,8,8,15
509,8,8,14
510,8,8,14
511,8,8,15
512,8,8,15
513,8,8,15
514,8,8,15
515,8,8,15
516,8,8,15
517,8,8,15
518,8,8,15
519,8,8,15
520,8,8,14
521,8,8,15
522,8,8,15
523,8,8,14
524,8,8,13
525,8,8,14
526,8,8,15
527,8,8,15
528,8,8,15
529,8,8,15
530,8,8,15
531,8,8,15
532,8,8,15
533,8,8,15
534,8,8,15
535,8,8,15
536,8,8,15
537,8,8,14
538,8,8,14
539,8,8,14
540,8,8,15
541,8,8,14
542,8,8,15
543,8,8,15
544,8,8,15
545,8,8,15
546,8,8,15
547,8,8,15
548,8,8,15
549,8,8,15
550,8,8,15
551,8,8,15
552,8,8,15
553,8,8,15
554,8,8,14
555,8,8,15
556,8,8,15
557,8,8,15
558,8,8,14
559,8,8,15
560,8,8,15
561,8,8,15
562,8,8,15
563,8,8,15
564,8,8,15
565,8,8,15
566,8,8,15
567,8,8,15
568,8,8,15
569,8,8,15
570,8,8,15
571,8,8,15
572,8,8,15
573,8,8,15
574,8,8,15
575,7,7,12
576,7,7,11
577,8,8,15
578,8,8,14
579,8,8,15
580,8,8,13
581,8,8,15
582,8,8,15
583,8,8,15
584,8,8,15
585,8,8,15
586,8,8,15
587,8,8,15
588,8,8,13
589,8,8,13
590,8,8,15
591,8,8,13
592,8,8,15
593,8,8,15
594,8,8,15
595,8,8,15
596,8,8,15
597,8,8,15
598,8,8,15
599,8,8,15
600,8,8,14
601,8,8,14
602,8,8,15
603,8,8,15
604,8,8,15
605,8,8,15
606,8,8,15
607,8,8,15
608,8,8,15
609,8,8,15
610,8,8,14
611,8,8,15
612,8,8,14
613,8,8,13
614,8,8,14
615,8,8,15
616,8,8,15
617,8,8,15
618,8,8,15
619,8,8,15
620,8,8,15
621,8,8,15
622,8,8,14
623,8,8,15
624,8,8,15
625,8,8,15
626,8,8,15
627,8,8,14
628,8,8,15
629,8,8,14
630,8,8,15
631,8,8,15
632,9,8,11
633,9,8,15
634,9,8,15
635,9,8,15
636,9,8,15
637,9,8,15
638,9,8,15
639,8,8,15
640,8,8,15
641,8,8,14
642,8,8,15
643,8,8,15
644,9,8,14
645,8,8,15
646,8,8,14
647,8,8,15
648,8,8,14
649,8,8,15
650,8,8,15
651,8,8,15
652,8,8,15
653,8,8,13
654,8,8,15
655,8,8,15
656,8,8,14
657,8,8,15
658,8,8,15
659,8,8,15
660,8,8,14
661,9,8,15
662,9,8,14
663,9,8,15
664,9,8,15
665,9,8,15
666,8,8,15
667,8,8,15
668,9,9,16
669,9,9,17
670,8,8,15
671,9,9,16
672,9,9,18
673,9,9,18
674,9,9,18
675,9,9,18
676,9,9,18
677,9,9,18
678,9,9,18
679,9,9,17
680,9,9,16
681,9,9,18
682,9,9,18
683,9,9,18
684,9,9,18
685,9,9,17
686,9,9,18
687,9,9,18
688,9,9,18
689,8,8,14
690,8,8,14
691,8,8,15
692,8,8,15
693,10,10,19
694,10,10,20
695,10,10,20
696,10,10,21
697,10,10,21
698,10,10,21
699,10,10,21
700,10,10,21
701,10,10,21
702,10,10,21
703,10,10,20
704,10,10,21
705,10,10,21
706,10,10,21
707,10,10,21
708,10,10,21
709,10,10,21
710,10,10,21
711,10,10,21
712,10,10,21
713,10,10,21
714,10,10,21
715,10,10,21
716,10,10,20
717,10,10,21
718,10,10,21
719,10,10,21
720,10,10,19
721,10,10,21
722,10,10,21
723,10,10,21
724,10,10,21
725,10,10,21
726,10,10,21
727,10,10,21
728,10,10,21
729,10,10,21
730,10,10,21
731,10,10,21
732,10,10,21
733,10,10,21
734,10,10,21
735,10,10,21
736,10,10,21
737,10,10,21
738,10,10,21
739,10,10,20
740,10,10,21
741,11,11,24
742,11,11,25
743,11,11,25
744,11,11,24
745,11,11,25
746,11,11,25
747,11,11,25
748,11,11,25
749,11,11,25
750,11,11,25
751,11,11,25
752,11,11,25
753,11,11,25
754,11,11,25
755,11,11,25
756,11,11,25
757,11,11,25
758,11,11,25
759,11,11,25
760,11,11,25
761,11,11,25
762,11,11,25
763,11,11,25
764,11,11,25
765,11,11,25
766,11,11,25
767,11,11,25
768,11,11,25
769,11,11,25
770,11,11,25
771,11,11,25
772,11,11,25
773,11,11,25
774,11,11,25
775,11,11,25
776,11,11,25
777,11,11,25
778,11,11,24
779,11,11,24
780,11,11,25
781,11,11,25
782,11,11,25
783,11,11,25
784,11,11,25
785,11,11,25
786,11,11,25
787,11,11,25
788,11,11,25
789,11,11,25
790,11,11,25
791,11,11,25
792,11,11,25
793,11,11,25
794,11,11,25
795,11,11,25
796,11,11,25
797,11,11,25
798,11,11,25
799,11,11,25
800,11,11,25
801,11,11,24
802,11,11,25
803,11,11,25
804,11,11,25
805,11,11,25
806,11,11,25
807,11,11,25
808,11,11,25
809,11,11,25
810,11,11,25
811,11,11,25
812,11,11,25
813,11,11,25
814,11,11,25
815,11,11,25
816,11,11,25
817,11,11,25
818,11,11,24
819,11,11,25
820,11,11,25
821,11,11,25
822,11,11,25
823,11,11,25
824,11,11,24
825,11,11,25
826,11,11,25
827,11,11,25
828,11,11,25
829,11,11,24
830,11,11,25
831,11,11,25
832,11,11,25
833,11,11,25
834,11,11,25
835,11,11,25
836,11,11,25
837,11,11,25
838,11,11,25
839,11,11,25
840,11,11,25
841,11,11,25
842,11,11,25
843,11,11,25
844,11,11,25
845,11,11,25
846,11,11,25
847,11,11,25
848,11,11,25
849,11,11,25
850,11,11,25
851,11,11,25
852,11,11,25
853,11,11,25
854,11,11,25
855,11,11,25
856,11,11,25
857,11,11,25
858,11,11,25
859,11,11,25
860,11,11,24
861,11,11,25
862,11,11,25
863,11,11,25
864,11,11,25
865,11,11,25
866,11,11,25
867,11,11,25
868,11,11,25
869,11,11,25
870,11,11,25
871,11,11,25
872,11,11,25
873,11,11,24
874,11,11,25
875,11,11,25
876,11,11,25
877,11,11,25
878,11,11,25
879,11,11,25
880,11,11,25
881,11,11,25
882,11,11,24
883,11,11,25
884,11,11,25
885,11,11,25
886,11,11,25
887,11,11,24
888,11,11,25
889,12,12,30
890,12,12,30
891,12,12,30
892,12,12,30
893,12,12,30
894,12,12,30
895,12,12,30
896,12,12,30
897,12,12,30
898,12,12,30
899,12,12,30
900,12,12,30
901,12,12,30
902,12,12,30
903,12,12,29
904,12,12,30
905,12,12,30
906,12,12,30
907,12,12,30
908,12,12,30
909,12,12,30
910,12,12,30
911,12,12,30
912,12,12,30
913,12,12,30
914,12,12,29
915,12,12,30
916,12,12,30
917,12,12,30
918,12,12,30
919,12,12,30
920,12,12,30
921,12,12,30
922,12,12,30
923,12,12,30
924,12,12,30
925,12,12,30
926,12,12,30
927,12,12,30
928,12,12,30
929,12,12,30
930,12,12,30
931,12,12,30
932,12,12,30
933,12,12,30
934,12,12,30
935,12,12,30
936,12,12,30
937,12,12,30
938,12,12,30
939,12,12,30
940,12,12,30
941,12,12,30
942,12,12,30
943,12,12,30
944,12,12,30
945,12,12,30
946,12,12,30
947,12,12,30
948,12,12,30
949,12,12,30
950,12,12,30
951,12,12,30
952,12,12,30
953,12,12,30
954,12,12,29
955,12,12,30
956,12,12,30
957,12,12,30
958,12,12,30
959,12,12,30
960,12,12,30
961,12,12,30
962,12,12,30
963,12,12,30
964,12,12,30
965,12,12,30
966,12,12,30
967,12,12,30
968,12,12,30
969,12,12,30
970,12,12,30
971,12,12,30
972,12,12,30
973,12,12,30
974,12,12,30
975,12,12,30
976,12,12,30
977,12,12,30
978,12,12,30
979,12,12,30
980,12,12,30
981,12,12,30
982,12,12,30
983,12,12,30
984,12,12,30
985,12,12,30
986,12,12,30
987,12,12,30
988,12,12,30
989,12,12,30
990,12,12,30
991,12,12,30
992,12,12,30
993,12,12,30
994,12,12,30
995,12,12,30
996,12,12,30
997,12,12,30
998,12,12,30
999,12,12,30
1000,12,12,30
1001,12,12,30
1002,12,12,30
1003,12,12,30
1004,12,12,30
1005,12,12,30
1006,12,12,30
1007,12,12,30
1008,12,12,30
1009,12,12,30
1010,12,12,30
1011,12,12,30
1012,12,12,29
1013,12,12,30
1014,12,12,30
1015,12,12,30
1016,12,12,30
1017,12,12,30
1018,12,12,30
1019,12,12,30
1020,12,12,30
1021,12,12,30
1022,12,12,30
1023,12,12,30
1024,12,12,30
1025,12,12,30
1026,12,12,30
1027,12,12,30
1028,12,12,30
1029,12,12,30
1030,12,12,30
1031,12,12,30
1032,12,12,30
1033,12,12,30
1034,12,12,30
1035,12,12,30
1036,12,12,30
1037,12,12,30
1038,12,12,30
1039,12,12,30
1040,12,12,30
1041,12,12,30
1042,12,12,30
1043,12,12,30
1044,12,12,30
1045,12,12,30
1046,12,12,30
1047,12,12,30
1048,12,12,30
1049,12,12,30
1050,12,12,30
1051,12,12,30
1052,12,12,30
1053,12,12,30
1054,12,12,30
1055,12,12,30
1056,12,12,30
1057,12,12,30
1058,12,12,30
1059,12,12,30
1060,12,12,30
1061,12,12,30
1062,12,12,30
1063,12,12,30
1064,12,12,30
1065,12,12,30
1066,12,12,30
1067,12,12,30
1068,12,12,30
1069,12,12,30
1070,12,12,30
1071,12,12,30
1072,12,12,30
1073,12,12,30
1074,12,12,30
1075,12,12,30
1076,12,12,30
1077,12,12,30
1078,12,12,30
1079,12,12,30
1080,12,12,30
1081,12,12,30
1082,12,12,30
1083,12,12,30
1084,12,12,30
1085,12,12,30
1086,12,12,30
1087,12,12,30
1088,12,12,30
1089,12,12,30
1090,12,12,30
1091,12,12,30
1092,12,12,30
1093,12,12,30
1094,12,12,30
1095,12,12,30
1096,12,12,30
1097,12,12,30
1098,12,12,30
1099,12,12,30
1100,12,12,30
1101,12,12,30
1102,12,12,30
1103,12,12,30
1104,12,12,30
1105,12,12,30
1106,12,12,30
1107,12,12,30
1108,12,12,30
1109,12,12,30
1110,12,12,30
1111,12,12,30
1112,12,12,30
1113,12,12,30
1114,12,12,30
1115,12,12,30
1116,12,12,30
1117,12,12,30
1118,12,12,30
1119,12,12,30
1120,12,12,30
1121,12,12,29
1122,12,12,30
1123,12,12,30
1124,12,12,30
1125,12,12,30
1126,12,12,30
1127,12,12,30
1128,12,12,30
1129,12,12,30
1130,12,12,30
1131,12,12,30
1132,12,12,30
1133,12,12,30
1134,12,12,30
1135,12,12,30
1136,12,12,30
1137,12,12,30
1138,12,12,30
1139,12,12,30
1140,12,12,29
1141,12,12,30
1142,12,12,30
1143,12,12,30
1144,12,12,30
1145,12,12,30
1146,12,12,30
1147,12,12,30
1148,12,12,30
1149,12,12,30
1150,12,12,30
1151,12,12,30
1152,12,12,30
1153,12,12,30
1154,12,12,30
1155,12,12,30
1156,12,12,30
1157,12,12,30
1158,12,12,30
1159,12,12,30
1160,12,12,30
1161,12,12,30
1162,12,12,30
1163,12,12,30
1164,12,12,30
1165,12,12,30
1166,12,12,30
1167,12,12,30
1168,12,12,30
1169,12,12,30
1170,12,12,30
1171,12,12,30
1172,12,12,30
1173,12,12,30
1174,12,12,30
1175,12,12,30
1176,12,12,30
1177,12,12,30
1178,12,12,30
1179,12,12,30
1180,12,12,30
1181,12,12,30
1182,12,12,30
1183,12,12,30
1184,12,12,30
1185,12,12,30
1186,12,12,30
1187,12,12,30
1188,12,12,30
1189,12,12,30
1190,12,12,30
1191,12,12,30
1192,12,12,30
1193,12,12,30
1194,12,12,30
1195,12,12,30
1196,12,12,30
1197,12,12,30
1198,12,12,30
1199,12,12,30
1200,12,12,30
1201,12,12,30
1202,12,12,30
1203,12,12,30
1204,12,12,30
1205,12,12,30
1206,12,12,30
1207,12,12,30
1208,12,12,30
1209,12,12,30
1210,12,12,30
1211,12,12,30
1212,12,12,30
1213,12,12,30
1214,12,12,30
1215,12,12,30
1216,12,12,30
1217,12,12,30
1218,12,12,30
1219,12,12,30
1220,12,12,30
1221,12,12,30
1222,12,12,30
1223,12,12,30
1224,12,12,30
1225,12,12,30
1226,12,12,30
1227,12,12,30
1228,12,12,30
1229,12,12,30
1230,12,12,30
1231,12,12,30
1232,12,12,30
1233,12,12,30
1234,12,12,30
1235,12,12,30
1236,12,12,30
1237,12,12,30
1238,12,12,30
1239,12,12,30
1240,12,12,30
1241,12,12,30
1242,12,12,30
1243,12,12,30
1244,12,12,30
1245,12,12,30
1246,12,12,30
1247,12,12,30
1248,12,12,30
1249,12,12,30
1250,12,12,30
1251,12,12,30
1252,12,12,30
1253,12,12,30
1254,12,12,30
1255,12,12,30
1256,12,12,30
1257,12,12,30
1258,12,12,30
1259,12,12,30
1260,12,12,30
1261,12,12,30
1262,12,12,30
1263,12,12,30
1264,12,12,30
1265,12,12,30
1266,12,12,30
1267,12,12,30
1268,12,12,30
1269,12,12,30
1270,12,12,30
1271,12,12,30
1272,12,12,30
1273,12,12,30
1274,12,12,30
1275,12,12,30
1276,12,12,30
1277,12,12,30
1278,12,12,30
1279,12,12,30
1280,12,12,30
1281,12,12,30
1282,12,12,30
1283,12,12,30
1284,12,12,30
1285,12,12,30
1286,12,12,30
1287,12,12,30
1288,12,12,30
1289,12,12,30
1290,12,12,30
1291,12,12,30
1292,12,12,30
1293,12,12,30
1294,12,12,30
1295,12,12,30
1296,12,12,30
1297,12,12,30
1298,12,12,30
1299,12,12,30
1300,12,12,30
1301,12,12,30
1302,12,12,30
1303,12,12,30
1304,12,12,30
1305,12,12,30
1306,12,12,30
1307,12,12,30
1308,12,12,30
1309,12,12,30
1310,12,12,30
1311,12,12,30
1312,12,12,30
1313,12,12,30
1314,12,12,30
1315,12,12,30
1316,12,12,30
1317,12,12,30
1318,12,12,30
1319,12,12,30
1320,12,12,30
1321,12,12,30
1322,12,12,30
1323,12,12,30
1324,12,12,30
1325,12,12,30
1326,12,12,30
1327,12,12,30
1328,12,12,30
1329,12,12,30
1330,12,12,30
1331,12,12,30
1332,12,12,30
1333,12,12,30
1334,12,12,30
1335,12,12,30
1336,12,12,30
1337,12,12,30
1338,12,12,30
1339,12,12,30
1340,12,12,30
1341,12,12,30
1342,12,12,30
1343,12,12,30
1344,12,12,30
1345,12,12,30
1346,12,12,30
1347,12,12,30
1348,12,12,30
1349,12,12,30
1350,12,12,30
1351,12,12,30
1352,12,12,30
1353,12,12,30
1354,12,12,30
1355,12,12,30
1356,12,12,30
1357,12,12,30
1358,12,12,30
1359,12,12,30
1360,12,12,30
1361,12,12,30
1362,12,12,30
1363,12,12,30
1364,12,12,30
1365,12,12,30
1366,12,12,30
1367,12,12,30
1368,12,12,30
1369,12,12,30
1370,12,12,30
1371,12,12,30
1372,12,12,30
1373,12,12,30
1374,12,12,30
1375,12,12,30
1376,12,12,30
1377,12,12,30
1378,12,12,30
1379,12,12,30
1380,12,12,30
1381,12,12,30
1382,12,12,30
1383,12,12,30
1384,12,12,30
1385,12,12,30
1386,12,12,30
1387,12,12,30
1388,12,12,30
1389,12,12,30
1390,12,12,30
1391,12,12,30
1392,12,12,30
1393,12,12,30
1394,12,12,30
1395,12,12,30
1396,12,12,30
1397,12,12,30
1398,12,12,30
1399,12,12,30
1400,12,12,30
1401,12,12,30
1402,12,12,30
1403,12,12,30
1404,12,12,30
1405,12,12,30
1406,12,12,30
1407,12,12,30
1408,12,12,30
1409,12,12,30
1410,12,12,30
1411,12,12,30
1412,12,12,30
1413,12,12,30
1414,12,12,30
1415,12,12,30
1416,12,12,30
1417,12,12,30
1418,12,12,30
1419,12,12,30
1420,12,12,30
1421,12,12,30
1422,12,12,30
1423,12,12,30
1424,12,12,29
1425,12,12,30
1426,12,12,30
1427,12,12,30
1428,12,12,30
1429,12,12,30
1430,12,12,30
1431,12,12,30
1432,12,12,30
1433,12,12,30
1434,12,12,30
1435,12,12,30
1436,12,12,30
1437,12,12,30
1438,12,12,30
1439,12,12,30
1440,12,12,30
1441,12,12,30
1442,12,12,30
1443,12,12,30
1444,12,12,30
1445,12,12,30
1446,12,12,29
1447,12,12,30
1448,12,12,30
1449,12,12,30
1450,12,12,30
1451,12,12,30
1452,12,12,30
1453,12,12,30
1454,12,12,30
1455,12,12,30
1456,12,12,30
1457,12,12,30
1458,12,12,30
1459,12,12,30
1460,12,12,30
1461,12,12,30
1462,12,12,30
1463,12,12,30
1464,12,12,30
1465,12,12,30
1466,12,12,30
1467,12,12,30
1468,12,12,30
1469,12,12,30
1470,12,12,30
1471,12,12,30
1472,12,12,30
1473,12,12,30
1474,12,12,30
1475,12,12,30
1476,12,12,30
1477,12,12,30
1478,12,12,30
1479,12,12,30
1480,12,12,30
1481,12,12,30
1482,12,12,30
1483,12,12,30
1484,12,12,30
1485,12,12,30
1486,12,12,30
1487,12,12,30
1488,12,12,30
1489,12,12,30
1490,12,12,30
1491,12,12,30
1492,12,12,30
1493,12,12,30
1494,12,12,30
1495,12,12,30
1496,12,12,30
1497,12,12,30
1498,12,12,30
1499,12,12,30
1500,12,12,30
1501,12,12,30
1502,12,12,30
1503,12,12,30
1504,12,12,30
1505,12,12,30
1506,12,12,30
1507,12,12,30
1508,12,12,30
1509,12,12,30
1510,12,12,30
1511,12,12,30
1512,12,12,30
1513,12,12,30
1514,12,12,30
1515,12,12,30
1516,12,12,30
1517,12,12,30
1518,12,12,30
1519,12,12,30
1520,12,12,30
1521,12,12,30
1522,12,12,30
1523,12,12,30
1524,12,12,30
1525,12,12,30
1526,12,12,30
1527,12,12,30
1528,12,12,30
1529,12,12,30
1530,12,12,30
1531,12,12,30
1532,12,12,30
1533,12,12,30
1534,12,12,30
1535,12,12,30
1536,12,12,30
1537,12,12,30
1538,12,12,30
1539,12,12,30
1540,12,12,30
1541,12,12,30
1542,12,12,30
1543,12,12,28
1544,12,12,30
1545,12,12,30
1546,12,12,30
1547,12,12,30
1548,12,12,30
1549,12,12,30
1550,12,12,30
1551,12,12,30
1552,12,12,30
1553,12,12,30
1554,12,12,30
1555,12,12,30
1556,12,12,30
1557,12,12,30
1558,12,12,30
1559,12,12,30
1560,12,12,30
1561,12,12,30
1562,12,12,30
1563,12,12,30
1564,12,12,30
1565,12,12,30
1566,12,12,30
1567,12,12,30
1568,12,12,30
1569,12,12,30
1570,12,12,30
1571,12,12,30
1572,12,12,30
1573,12,12,30
1574,12,12,30
1575,12,12,30
1576,12,12,30
1577,12,12,30
1578,12,12,30
1579,12,12,30
1580,12,12,30
1581,12,12,30
1582,12,12,30
1583,12,12,30
1584,12,12,30
1585,12,12,30
1586,12,12,30
1587,12,12,30
1588,12,12,30
1589,12,12,30
1590,12,12,30
1591,12,12,30
1592,12,12,30
1593,12,12,30
1594,12,12,30
1595,12,12,30
1596,12,12,30
1597,12,12,30
1598,12,12,30
1599,12,12,30
1600,12,12,30
1601,12,12,30
1602,12,12,30
1603,12,12,30
1604,12,12,30
1605,12,12,30
1606,12,12,30
1607,12,12,30
1608,12,12,30
1609,12,12,30
1610,12,12,30
1611,12,12,30
1612,12,12,30
1613,12,12,30
1614,12,12,30
1615,12,12,30
1616,12,12,30
1617,12,12,30
1618,12,12,30
1619,12,12,30
1620,12,12,30
1621,12,12,30
1622,12,12,30
1623,12,12,30
1624,12,12,30
1625,12,12,30
1626,12,12,30
1627,12,12,30
1628,12,12,30
1629,12,12,30
1630,12,12,30
1631,12,12,30
1632,12,12,30
1633,12,12,30
1634,12,12,30
1635,12,12,30
1636,12,12,30
1637,12,12,30
1638,12,12,30
1639,12,12,30
1640,12,12,30
1641,12,12,30
1642,12,12,30
1643,12,12,30
1644,12,12,30
1645,12,12,30
1646,12,12,30
1647,12,12,30
1648,12,12,30
1649,12,12,30
1650,12,12,30
1651,12,12,30
1652,12,12,30
1653,12,12,30
1654,12,12,30
1655,12,12,30
1656,12,12,30
1657,12,12,30
1658,12,12,30
1659,12,12,30
1660,12,12,30
1661,12,12,30
1662,12,12,30
1663,12,12,30
1664,12,12,30
1665,12,12,30
1666,12,12,30
1667,12,12,30
1668,12,12,30
1669,12,12,30
1670,12,12,30
1671,12,12,30
1672,12,12,30
1673,12,12,30
1674,12,12,30
1675,12,12,30
1676,12,12,30
1677,12,12,30
1678,12,12,30
1679,12,12,30
1680,12,12,30
1681,12,12,30
1682,12,12,29
1683,12,12,30
1684,12,12,30
1685,12,12,30
1686,12,12,30
1687,12,12,30
1688,12,12,30
1689,12,12,30
1690,12,12,30
1691,12,12,30
1692,12,12,30
1693,12,12,30
1694,12,12,30
1695,12,12,30
1696,12,12,30
1697,12,12,30
1698,12,12,30
1699,12,12,30
1700,12,12,30
1701,12,12,30
1702,12,12,30
1703,12,12,30
1704,12,12,30
1705,12,12,30
1706,12,12,30
1707,12,12,30
1708,12,12,30
1709,12,12,30
1710,12,12,30
1711,12,12,30
1712,12,12,30
1713,12,12,30
1714,12,12,30
1715,12,12,30
1716,12,12,30
1717,12,12,30
1718,12,12,30
1719,12,12,30
1720,12,12,30
1721,12,12,30
1722,12,12,30
1723,12,12,30
1724,12,12,30
1725,12,12,30
1726,12,12,30
1727,12,12,30
1728,12,12,30
1729,12,12,30
1730,12,12,30
1731,12,12,30
1732,12,12,30
1733,12,12,30
1734,12,12,30
1735,12,12,30
1736,12,12,30
1737,12,12,30
1738,12,12,30
1739,12,12,29
1740,12,12,30
1741,12,12,30
1742,12,12,30
1743,12,12,30
1744,12,12,30
1745,12,12,30
1746,12,12,30
1747,12,12,30
1748,12,12,30
1749,12,12,30
1750,12,12,30
1751,12,12,30
1752,12,12,30
1753,12,12,30
1754,12,12,30
1755,12,12,30
1756,12,12,30
1757,12,12,30
1758,12,12,30
1759,12,12,30
1760,12,12,30
1761,12,12,30
1762,12,12,30
1763,12,12,30
1764,12,12,30
1765,12,12,30
1766,12,12,30
1767,12,12,30
1768,12,12,30
1769,12,12,30
1770,12,12,30
1771,12,12,30
1772,12,12,30
1773,12,12,30
1774,12,12,30
1775,12,12,30
1776,12,12,30
1777,12,12,30
1778,12,12,30
1779,12,12,30
1780,12,12,30
1781,12,12,30
1782,12,12,30
1783,12,12,30
1784,12,12,30
1785,12,12,30
1786,12,12,30
1787,12,12,30
1788,12,12,30
1789,12,12,30
1790,12,12,30
1791,12,12,30
1792,12,12,30
1793,12,12,30
1794,12,12,30
1795,12,12,30
1796,12,12,30
1797,12,12,30
1798,12,12,30
1799,12,12,30
1800,12,12,30
1801,12,12,30
1802,12,12,30
1803,12,12,30
1804,12,12,30
1805,12,12,30
1806,12,12,30
1807,12,12,30
1808,12,12,30
1809,12,12,30
1810,12,12,30
1811,12,12,30
1812,12,12,30
1813,12,12,30
1814,12,12,30
1815,12,12,30
1816,12,12,30
1817,12,12,30
1818,12,12,30
1819,12,12,30
1820,12,12,30
1821,12,12,30
1822,12,12,30
1823,12,12,30
1824,12,12,30
1825,12,12,30
1826,12,12,30
1827,12,12,30
1828,12,12,30
1829,12,12,30
1830,12,12,30
1831,12,12,30
1832,12,12,30
1833,12,12,30
1834,12,12,30
1835,12,12,30
1836,12,12,30
1837,12,12,30
1838,12,12,30
1839,12,12,30
1840,12,12,30
1841,12,12,30
1842,12,12,30
1843,12,12,30
1844,12,12,30
1845,12,12,30
1846,12,12,30
1847,12,12,29
1848,12,12,30
1849,12,12,30
1850,12,12,30
1851,12,12,30
1852,12,12,30
1853,12,12,30
1854,12,12,30
1855,12,12,30
1856,12,12,30
1857,12,12,30
1858,12,12,30
1859,12,12,30
1860,12,12,30
1861,12,12,29
1862,12,12,30
1863,12,12,30
1864,12,12,30
1865,12,12,30
1866,12,12,30
1867,12,12,30
1868,12,12,30
1869,12,12,30
1870,12,12,30
1871,12,12,30
1872,12,12,30
1873,12,12,30
1874,12,12,30
1875,12,12,30
1876,12,12,30
1877,12,12,30
1878,12,12,30
1879,12,12,30
1880,12,12,30
1881,12,12,30
1882,12,12,30
1883,12,12,30
1884,12,12,30
1885,12,12,30
1886,12,12,30
1887,12,12,30
1888,12,12,30
1889,12,12,30
1890,12,12,30
1891,12,12,30
1892,12,12,30
1893,12,12,30
1894,12,12,30
1895,12,12,30
1896,12,12,30
1897,12,12,30
1898,12,12,30
1899,12,12,30
1900,12,12,30
1901,12,12,30
1902,12,12,30
1903,12,12,30
1904,12,12,30
1905,12,12,30
1906,12,12,30
1907,12,12,30
1908,12,12,30
1909,12,12,30
1910,12,12,30
1911,12,12,30
1912,12,12,30
1913,12,12,30
1914,12,12,30
1915,12,12,30
1916,12,12,30
1917,12,12,30
1918,12,12,30
1919,12,12,30
1920,12,12,30
1921,12,12,30
1922,12,12,30
1923,12,12,30
1924,12,12,30
1925,12,12,30
1926,12,12,30
1927,12,12,30
1928,12,12,30
1929,12,12,30
1930,12,12,30
1931,12,12,30
1932,12,12,30
1933,12,12,30
1934,12,12,30
1935,12,12,30
1936,12,12,30
1937,12,12,30
1938,12,12,30
1939,12,12,30
1940,12,12,30
1941,12,12,30
1942,12,12,30
1943,12,12,30
1944,12,12,30
1945,12,12,30
1946,12,12,30
1947,12,12,30
1948,12,12,30
1949,12,12,30
1950,12,12,30
1951,12,12,30
1952,12,12,30
1953,12,12,30
1954,12,12,30
1955,12,12,30
1956,12,12,30
1957,12,12,30
1958,12,12,30
1959,12,12,30
1960,12,12,30
1961,12,12,30
1962,12,12,30
1963,12,12,30
1964,12,12,30
1965,12,12,30
1966,12,12,30
1967,12,12,30
1968,12,12,30
1969,12,12,30
1970,12,12,30
1971,12,12,30
1972,12,12,30
1973,12,12,30
1974,12,12,30
1975,12,12,30
1976,12,12,30
1977,12,12,30
1978,12,12,30
1979,12,12,30
1980,12,12,30
1981,12,12,30
1982,12,12,30
1983,12,12,30
1984,12,12,30
1985,12,12,30
1986,12,12,30
1987,12,12,30
1988,12,12,30
1989,12,12,30
1990,12,12,30
1991,12,12,30
1992,12,12,30
1993,12,12,30
1994,12,12,30
1995,12,12,30
1996,12,12,30
1997,12,12,30
1998,12,12,30
1999,12,12,30
