0,0,0,0
1,0,0,0
2,0,0,0
3,1,0,0
4,1,0,0
5,1,0,0
6,1,0,0
7,1,0,0
8,1,0,0
9,1,0,0
10,1,0,0
11,1,0,0
12,1,0,0
13,1,0,0
14,1,0,0
15,1,0,0
16,1,0,0
17,0,0,0
18,1,0,0
19,1,0,0
20,1,0,0
21,1,0,0
22,1,0,0
23,1,0,0
24,1,0,0
25,1,0,0
26,1,0,0
27,1,0,0
28,2,0,0
29,1,0,0
30,2,0,0
31,1,0,0
32,2,0,0
33,2,0,0
34,3,0,0
35,3,0,0
36,3,0,0
37,2,0,0
38,1,0,0
39,3,0,0
40,3,3,3
41,3,3,2
42,3,3,2
43,3,3,2
44,3,3,2
45,3,3,2
46,4,3,2
47,3,3,2
48,4,2,1
49,4,3,3
50,3,3,3
51,3,3,3
52,4,3,2
53,4,3,2
54,4,3,2
55,4,3,2
56,4,3,2
57,4,3,2
58,4,3,2
59,3,3,2
60,4,3,2
61,3,3,2
62,3,3,3
63,3,3,2
64,3,3,2
65,3,3,2
66,3,3,3
67,3,3,3
68,3,3,3
69,3,3,2
70,3,2,1
71,3,3,2
72,3,3,2
73,3,3,3
74,4,3,2
75,3,3,3
76,3,3,2
77,3,3,3
78,3,3,2
79,4,3,2
80,3,0,0
81,4,0,0
82,3,0,0
83,3,0,0
84,2,0,0
85,2,0,0
86,2,0,0
87,2,0,0
88,4,0,0
89,5,0,0
90,4,0,0
91,3,0,0
92,3,0,0
93,3,0,0
94,3,0,0
95,2,0,0
96,2,0,0
97,2,0,0
98,2,0,0
99,3,0,0
100,3,0,0
101,4,0,0
102,3,0,0
103,3,0,0
104,3,0,0
105,3,0,0
106,3,0,0
107,3,0,0
108,3,0,0
109,2,0,0
110,2,0,0
111,2,0,0
112,2,0,0
113,2,0,0
114,2,0,0
115,2,0,0
116,1,0,0
117,2,0,0
118,2,0,0
119,2,0,0
120,3,0,0
121,2,0,0
122,1,0,0
123,1,0,0
124,1,0,0
125,1,0,0
126,2,0,0
127,3,0,0
128,2,0,0
129,3,0,0
130,2,0,0
131,2,0,0
132,2,0,0
133,3,0,0
134,2,0,0
135,1,0,0
136,1,0,0
137,1,0,0
138,1,0,0
139,1,0,0
140,1,0,0
141,1,0,0
142,1,0,0
143,1,0,0
144,2,0,0
145,2,0,0
146,2,0,0
147,2,0,0
148,1,0,0
149,1,0,0
150,1,0,0
151,1,0,0
152,1,0,0
153,1,0,0
154,1,0,0
155,1,0,0
156,1,0,0
157,1,0,0
158,2,2,1
159,2,0,0
160,2,0,0
161,2,0,0
162,3,0,0
163,3,2,1
164,2,0,0
165,2,0,0
166,2,0,0
167,2,0,0
168,2,0,0
169,3,0,0
170,3,0,0
171,3,0,0
172,3,0,0
173,2,0,0
174,2,0,0
175,2,0,0
176,2,0,0
177,3,0,0
178,2,0,0
179,2,0,0
180,2,0,0
181,2,0,0
182,1,0,0
183,2,0,0
184,1,0,0
185,1,0,0
186,1,0,0
187,1,0,0
188,1,0,0
189,1,0,0
190,1,0,0
191,1,0,0
192,1,0,0
193,1,0,0
194,2,0,0
195,1,0,0
196,1,0,0
197,1,0,0
198,0,0,0
199,0,0,0
200,0,0,0
201,1,0,0
202,1,0,0
203,1,0,0
204,1,0,0
205,1,0,0
206,1,0,0
207,1,0,0
208,2,0,0
209,2,0,0
210,2,0,0
211,2,0,0
212,1,0,0
213,1,0,0
214,1,0,0
215,1,0,0
216,1,0,0
217,1,0,0
218,1,0,0
219,1,0,0
220,1,0,0
221,1,0,0
222,2,0,0
223,3,0,0
224,3,0,0
225,3,0,0
226,3,0,0
227,3,0,0
228,3,0,0
229,3,0,0
230,4,2,1
231,4,2,1
232,4,0,0
233,3,2,1
234,3,0,0
235,3,0,0
236,2,0,0
237,1,0,0
238,1,0,0
239,1,0,0
240,1,0,0
241,2,0,0
242,1,0,0
243,2,0,0
244,3,0,0
245,2,0,0
246,1,0,0
247,1,0,0
248,1,0,0
249,1,0,0
250,1,0,0
251,1,0,0
252,1,0,0
253,2,0,0
254,2,0,0
255,1,0,0
256,1,0,0
257,1,0,0
258,1,0,0
259,1,0,0
260,1,0,0
261,1,0,0
262,1,0,0
263,1,0,0
264,1,0,0
265,1,0,0
266,1,0,0
267,1,0,0
268,1,0,0
269,1,0,0
270,1,0,0
271,1,0,0
272,1,0,0
273,1,0,0
274,2,0,0
275,3,0,0
276,3,0,0
277,3,0,0
278,3,0,0
279,3,0,0
280,2,0,0
281,2,0,0
282,2,0,0
283,3,0,0
284,3,0,0
285,3,0,0
286,3,0,0
287,3,0,0
288,3,0,0
289,3,2,1
290,3,2,1
291,3,0,0
292,3,0,0
293,3,0,0
294,3,0,0
295,4,0,0
296,3,0,0
297,3,0,0
298,3,0,0
299,3,0,0
300,3,0,0
301,3,0,0
302,3,0,0
303,3,0,0
304,3,0,0
305,3,2,1
306,3,2,1
307,3,0,0
308,2,0,0
309,1,0,0
310,1,0,0
311,1,0,0
312,1,0,0
313,1,0,0
314,1,0,0
315,1,0,0
316,1,0,0
317,2,0,0
318,2,0,0
319,2,0,0
320,2,0,0
321,2,0,0
322,2,0,0
323,2,0,0
324,2,0,0
325,2,0,0
326,2,0,0
327,2,0,0
328,2,0,0
329,2,0,0
330,2,0,0
331,2,2,1
332,3,0,0
333,2,0,0
334,2,0,0
335,3,0,0
336,3,0,0
337,3,0,0
338,2,0,0
339,2,0,0
340,2,0,0
341,2,0,0
342,2,0,0
343,2,2,1
344,2,0,0
345,3,0,0
346,3,0,0
347,3,0,0
348,3,0,0
349,3,0,0
350,3,0,0
351,3,0,0
352,3,0,0
353,3,0,0
354,3,0,0
355,2,0,0
356,2,0,0
357,2,0,0
358,4,0,0
359,4,0,0
360,4,0,0
361,4,0,0
362,3,0,0
363,3,0,0
364,3,0,0
365,3,0,0
366,3,0,0
367,3,2,1
368,2,0,0
369,2,0,0
370,2,0,0
371,1,0,0
372,1,0,0
373,1,0,0
374,2,0,0
375,1,0,0
376,1,0,0
377,1,0,0
378,1,0,0
379,1,0,0
380,1,0,0
381,1,0,0
382,1,0,0
383,1,0,0
384,1,0,0
385,1,0,0
386,1,0,0
387,1,0,0
388,1,0,0
389,1,0,0
390,1,0,0
391,1,0,0
392,1,0,0
393,2,0,0
394,1,0,0
395,2,0,0
396,1,0,0
397,1,0,0
398,1,0,0
399,2,0,0
400,2,0,0
401,2,0,0
402,2,0,0
403,2,0,0
404,2,0,0
405,2,0,0
406,2,0,0
407,2,0,0
408,2,0,0
409,1,0,0
410,1,0,0
411,1,0,0
412,1,0,0
413,1,0,0
414,1,0,0
415,1,0,0
416,1,0,0
417,1,0,0
418,2,0,0
419,2,0,0
420,3,0,0
421,3,0,0
422,3,0,0
423,3,0,0
424,3,0,0
425,3,0,0
426,3,0,0
427,3,0,0
428,3,0,0
429,3,0,0
430,3,0,0
431,3,0,0
432,3,0,0
433,3,0,0
434,2,0,0
435,2,0,0
436,2,0,0
437,3,0,0
438,4,0,0
439,4,0,0
440,4,0,0
441,4,2,1
442,3,0,0
443,3,0,0
444,3,0,0
445,3,0,0
446,4,0,0
447,3,0,0
448,3,0,0
449,3,0,0
450,3,0,0
451,3,0,0
452,4,0,0
453,3,2,1
454,2,0,0
455,2,0,0
456,2,0,0
457,2,0,0
458,3,0,0
459,2,0,0
460,3,0,0
461,3,0,0
462,3,0,0
463,3,0,0
464,3,0,0
465,2,0,0
466,3,0,0
467,3,0,0
468,3,0,0
469,3,0,0
470,2,0,0
471,2,0,0
472,2,0,0
473,2,0,0
474,2,0,0
475,2,0,0
476,3,0,0
477,3,0,0
478,3,0,0
479,3,0,0
480,3,0,0
481,2,0,0
482,1,0,0
483,2,2,1
484,2,2,1
485,2,0,0
486,2,0,0
487,2,0,0
488,2,0,0
489,2,0,0
490,2,0,0
491,2,0,0
492,2,0,0
493,2,0,0
494,2,0,0
495,3,0,0
496,3,0,0
497,3,0,0
498,3,0,0
499,3,0,0
500,2,0,0
501,2,0,0
502,2,0,0
503,4,0,0
504,3,0,0
505,3,0,0
506,2,0,0
507,2,0,0
508,3,0,0
509,3,0,0
510,3,0,0
511,3,0,0
512,3,0,0
513,3,0,0
514,3,0,0
515,3,3,3
516,3,3,3
517,3,3,2
518,4,3,2
519,5,3,2
520,5,2,1
521,5,3,2
522,5,4,5
523,5,4,5
524,5,4,3
525,5,4,4
526,5,4,4
527,5,4,3
528,5,4,4
529,4,4,5
530,3,3,3
531,5,4,4
532,3,3,3
533,4,4,5
534,4,4,5
535,4,4,5
536,4,4,5
537,4,4,3
538,4,4,5
539,4,4,4
540,4,4,4
541,4,4,3
542,4,4,4
543,4,4,4
544,4,4,4
545,4,4,3
546,4,4,3
547,4,4,5
548,4,4,3
549,4,4,3
550,5,4,5
551,5,4,5
552,5,4,5
553,5,4,4
554,5,4,5
555,5,4,4
556,4,4,4
557,5,4,4
558,5,5,5
559,5,5,7
560,5,5,6
561,5,5,7
562,5,5,7
563,5,5,7
564,5,5,7
565,5,5,7
566,5,5,7
567,5,5,6
568,5,5,6
569,5,5,6
570,5,5,6
571,5,5,7
572,5,5,7
573,5,5,7
574,5,5,7
575,5,5,7
576,5,5,7
577,5,5,6
578,5,5,7
579,4,4,4
580,4,3,3
581,5,5,5
582,5,5,5
583,5,5,6
584,5,5,6
585,5,5,6
586,5,5,6
587,6,5,7
588,6,6,10
589,6,6,8
590,6,6,8
591,6,6,9
592,6,6,10
593,6,6,10
594,6,6,10
595,6,6,10
596,7,6,10
597,7,6,10
598,7,6,10
599,7,6,10
600,7,6,10
601,7,6,10
602,7,6,10
603,7,6,9
604,7,6,9
605,7,6,8
606,7,6,9
607,7,6,10
608,7,6,10
609,7,6,10
610,7,6,10
611,7,6,10
612,7,6,10
613,7,6,10
614,7,6,9
615,7,6,10
616,7,6,10
617,7,6,9
618,7,6,9
619,7,6,10
620,7,6,10
621,7,6,10
622,6,6,10
623,6,6,8
624,6,6,9
625,6,6,10
626,6,6,10
627,7,7,11
628,6,6,10
629,7,7,12
630,7,7,12
631,7,7,12
632,7,7,12
633,7,7,12
634,7,7,11
635,7,7,12
636,6,6,9
637,7,7,12
638,7,7,12
639,7,7,12
640,7,7,12
641,7,7,12
642,7,7,12
643,7,7,12
644,7,7,12
645,7,7,11
646,8,7,12
647,8,7,12
648,8,7,11
649,8,7,12
650,7,7,12
651,7,7,12
652,7,7,12
653,7,7,12
654,7,7,12
655,8,8,13
656,8,8,12
657,8,8,14
658,8,8,13
659,8,8,14
660,8,8,13
661,8,8,14
662,8,8,14
663,8,8,13
664,8,8,13
665,8,8,14
666,8,8,14
667,8,8,14
668,8,8,14
669,8,8,13
670,8,8,13
671,8,8,13
672,8,8,13
673,8,8,12
674,8,8,12
675,8,7,11
676,7,6,10
677,8,7,11
678,8,7,12
679,8,8,13
680,8,8,13
681,8,8,13
682,8,7,12
683,8,7,12
684,8,7,12
685,8,7,12
686,8,7,12
687,8,7,12
688,8,8,12
689,8,8,14
690,7,7,11
691,8,8,14
692,8,8,14
693,8,8,14
694,8,8,14
695,8,8,14
696,8,8,14
697,8,8,13
698,8,8,14
699,8,8,14
700,8,8,13
701,8,8,14
702,8,8,14
703,8,8,14
704,8,8,14
705,7,7,12
706,7,7,12
707,7,7,12
708,8,8,14
709,8,8,13
710,8,8,14
711,8,8,13
712,8,8,14
713,8,8,12
714,8,8,13
715,8,8,14
716,8,8,14
717,8,8,14
718,8,8,14
719,8,8,14
720,8,8,14
721,8,8,14
722,8,8,14
723,8,8,14
724,8,8,14
725,8,8,13
726,8,8,14
727,9,8,14
728,9,8,14
729,8,8,14
730,9,9,14
731,9,8,14
732,8,8,14
733,8,8,13
734,8,8,14
735,8,8,14
736,8,8,13
737,9,8,14
738,9,8,14
739,9,8,14
740,9,8,14
741,9,8,13
742,9,8,13
743,9,8,12
744,9,8,14
745,9,8,13
746,9,8,14
747,9,8,14
748,9,8,14
749,9,8,14
750,9,8,14
751,8,8,14
752,9,9,15
753,8,8,14
754,9,9,16
755,9,9,16
756,10,9,15
757,9,9,16
758,9,9,15
759,10,10,16
760,10,10,16
761,9,9,15
762,10,10,18
763,10,10,18
764,10,10,19
765,10,10,18
766,10,10,20
767,10,10,20
768,10,10,20
769,11,11,25
770,11,11,25
771,11,11,24
772,11,11,25
773,11,11,25
774,11,11,25
775,11,11,25
776,11,11,25
777,11,11,25
778,11,11,25
779,11,11,25
780,11,11,25
781,11,11,25
782,11,11,25
783,11,11,25
784,11,11,25
785,11,11,25
786,11,11,25
787,11,11,25
788,11,11,25
789,11,11,25
790,11,11,25
791,11,11,25
792,11,11,25
793,11,11,25
794,11,11,25
795,11,11,25
796,11,11,25
797,11,11,25
798,11,11,25
799,11,11,25
800,11,11,25
801,11,11,25
802,11,11,25
803,11,11,25
804,11,11,25
805,11,11,25
806,11,11,25
807,11,11,25
808,11,11,25
809,11,11,25
810,11,11,25
811,11,11,25
812,11,11,25
813,11,11,25
814,11,11,25
815,11,11,25
816,11,11,25
817,11,11,25
818,11,11,25
819,11,11,25
820,11,11,25
821,11,11,25
822,11,11,25
823,11,11,25
824,11,11,25
825,11,11,25
826,11,11,25
827,11,11,25
828,11,11,25
829,11,11,25
830,11,11,25
831,11,11,25
832,11,11,25
833,11,11,25
834,11,11,25
835,11,11,25
836,11,11,24
837,11,11,25
838,11,11,25
839,11,11,25
840,11,11,24
841,11,11,25
842,11,11,25
843,11,11,25
844,11,11,24
845,11,11,25
846,11,11,25
847,11,11,25
848,11,11,25
849,11,11,25
850,11,11,25
851,11,11,25
852,11,11,25
853,11,11,25
854,11,11,25
855,11,11,25
856,11,11,25
857,11,11,25
858,11,11,25
859,11,11,25
860,11,11,25
861,11,11,25
862,11,11,25
863,11,11,25
864,11,11,25
865,11,11,25
866,11,11,25
867,11,11,25
868,11,11,25
869,11,11,25
870,11,11,25
871,11,11,25
872,11,11,25
873,11,11,25
874,11,11,25
875,11,11,25
876,11,11,25
877,11,11,25
878,11,11,25
879,11,11,25
880,11,11,25
881,11,11,25
882,11,11,25
883,11,11,25
884,11,11,25
885,11,11,25
886,11,11,25
887,11,11,25
888,11,11,25
889,11,11,25
890,11,11,25
891,11,11,25
892,11,11,25
893,11,11,25
894,11,11,25
895,11,11,25
896,11,11,25
897,11,11,25
898,11,11,25
899,11,11,25
900,11,11,25
901,11,11,25
902,11,11,25
903,11,11,25
904,11,11,25
905,11,11,25
906,11,11,25
907,11,11,25
908,11,11,25
909,11,11,25
910,11,11,25
911,11,11,25
912,11,11,25
913,11,11,25
914,11,11,25
915,11,11,25
916,11,11,25
917,11,11,25
918,11,11,25
919,11,11,25
920,11,11,25
921,11,11,25
922,11,11,25
923,11,11,25
924,11,11,25
925,11,11,25
926,11,11,25
927,11,11,25
928,11,11,25
929,11,11,25
930,11,11,25
931,11,11,24
932,11,11,25
933,11,11,25
934,11,11,25
935,11,11,25
936,11,11,25
937,11,11,25
938,11,11,25
939,11,11,25
940,11,11,25
941,11,11,25
942,11,11,25
943,11,11,25
944,11,11,25
945,11,11,25
946,11,11,25
947,11,11,25
948,11,11,25
949,11,11,25
950,11,11,25
951,11,11,24
952,11,11,24
953,11,11,25
954,11,11,25
955,11,11,25
956,11,11,25
957,11,11,25
958,11,11,25
959,11,11,25
960,11,11,25
961,11,11,25
962,11,11,25
963,11,11,25
964,11,11,25
965,11,11,25
966,11,11,25
967,11,11,25
968,11,11,25
969,11,11,25
970,11,11,25
971,11,11,25
972,11,11,25
973,11,11,25
974,11,11,24
975,11,11,25
976,11,11,25
977,11,11,25
978,11,11,25
979,11,11,25
980,11,11,25
981,11,11,25
982,11,11,25
983,11,11,25
984,11,11,25
985,11,11,25
986,11,11,25
987,11,11,25
988,11,11,25
989,11,11,25
990,11,11,25
991,11,11,24
992,11,11,25
993,11,11,25
994,11,11,25
995,11,11,25
996,11,11,25
997,11,11,25
998,11,11,25
999,11,11,23
1000,11,11,25
1001,11,11,25
1002,11,11,25
1003,11,11,25
1004,11,11,25
1005,11,11,25
1006,11,11,25
1007,11,11,25
1008,11,11,25
1009,11,11,25
1010,11,11,25
1011,11,11,25
1012,11,11,25
1013,11,11,25
1014,11,11,25
1015,11,11,25
1016,11,11,25
1017,11,11,25
1018,11,11,25
1019,11,11,25
1020,11,11,25
1021,11,11,25
1022,11,11,25
1023,11,11,25
1024,12,12,27
1025,12,12,30
1026,12,12,30
1027,12,12,30
1028,12,12,30
1029,12,12,30
1030,12,12,30
1031,12,12,30
1032,12,12,30
1033,12,12,30
1034,12,12,30
1035,12,12,30
1036,12,12,30
1037,12,12,30
1038,12,12,30
1039,12,12,30
1040,12,12,30
1041,12,12,30
1042,12,12,30
1043,12,12,30
1044,12,12,30
1045,12,12,30
1046,12,12,30
1047,12,12,30
1048,12,12,30
1049,12,12,30
1050,12,12,30
1051,12,12,30
1052,12,12,30
1053,12,12,30
1054,12,12,30
1055,12,12,30
1056,12,12,30
1057,12,12,30
1058,12,12,30
1059,12,12,30
1060,12,12,30
1061,12,12,30
1062,12,12,30
1063,12,12,30
1064,12,12,30
1065,12,12,30
1066,12,12,30
1067,12,12,30
1068,12,12,30
1069,12,12,30
1070,12,12,30
1071,12,12,30
1072,12,12,30
1073,12,12,30
1074,12,12,30
1075,12,12,30
1076,12,12,30
1077,12,12,30
1078,12,12,30
1079,12,12,30
1080,12,12,30
1081,12,12,30
1082,12,12,30
1083,12,12,30
1084,12,12,30
1085,12,12,30
1086,12,12,30
1087,12,12,30
1088,12,12,30
1089,12,12,30
1090,12,12,30
1091,12,12,30
1092,12,12,30
1093,12,12,30
1094,12,12,30
1095,12,12,30
1096,12,12,30
1097,12,12,30
1098,12,12,30
1099,12,12,30
1100,12,12,30
1101,12,12,30
1102,12,12,30
1103,12,12,30
1104,12,12,30
1105,12,12,30
1106,12,12,30
1107,12,12,30
1108,12,12,30
1109,12,12,30
1110,12,12,30
1111,12,12,30
1112,12,12,30
1113,12,12,30
1114,12,12,30
1115,12,12,30
1116,12,12,30
1117,12,12,30
1118,12,12,30
1119,12,12,30
1120,12,12,30
1121,12,12,30
1122,12,12,30
1123,12,12,30
1124,12,12,30
1125,12,12,30
1126,12,12,30
1127,12,12,30
1128,12,12,30
1129,12,12,30
1130,12,12,30
1131,12,12,30
1132,12,12,30
1133,12,12,30
1134,12,12,30
1135,12,12,30
1136,12,12,30
1137,12,12,30
1138,12,12,30
1139,12,12,30
1140,12,12,30
1141,12,12,30
1142,12,12,30
1143,12,12,30
1144,12,12,30
1145,12,12,30
1146,12,12,30
1147,12,12,30
1148,12,12,30
1149,12,12,29
1150,12,12,30
1151,12,12,30
1152,12,12,30
1153,12,12,30
1154,12,12,30
1155,12,12,30
1156,12,12,30
1157,12,12,30
1158,12,12,30
1159,12,12,30
1160,12,12,30
1161,12,12,30
1162,12,12,30
1163,12,12,30
1164,12,12,30
1165,12,12,30
1166,12,12,30
1167,12,12,30
1168,12,12,30
1169,12,12,30
1170,12,12,30
1171,12,12,30
1172,12,12,30
1173,12,12,30
1174,12,12,30
1175,12,12,30
1176,12,12,30
1177,12,12,30
1178,12,12,30
1179,12,12,30
1180,12,12,30
1181,12,12,30
1182,12,12,30
1183,12,12,30
1184,12,12,30
1185,12,12,30
1186,12,12,30
1187,12,12,30
1188,12,12,30
1189,12,12,30
1190,12,12,30
1191,12,12,30
1192,12,12,30
1193,12,12,30
1194,12,12,30
1195,12,12,30
1196,12,12,30
1197,12,12,30
1198,12,12,30
1199,12,12,30
1200,12,12,30
1201,12,12,29
1202,12,12,30
1203,12,12,30
1204,12,12,30
1205,12,12,30
1206,12,12,30
1207,12,12,30
1208,12,12,30
1209,12,12,30
1210,12,12,30
1211,12,12,30
1212,12,12,30
1213,12,12,30
1214,12,12,30
1215,12,12,30
1216,12,12,30
1217,12,12,30
1218,12,12,30
1219,12,12,30
1220,12,12,30
1221,12,12,30
1222,12,12,30
1223,12,12,30
1224,12,12,30
1225,12,12,30
1226,12,12,30
1227,12,12,30
1228,12,12,30
1229,12,12,30
1230,12,12,30
1231,12,12,30
1232,12,12,30
1233,12,12,30
1234,12,12,30
1235,12,12,30
1236,12,12,30
1237,12,12,30
1238,12,12,30
1239,12,12,30
1240,12,12,30
1241,12,12,30
1242,12,12,30
1243,12,12,30
1244,12,12,30
1245,12,12,30
1246,12,12,30
1247,12,12,30
1248,12,12,30
1249,12,12,30
1250,12,12,30
1251,12,12,30
1252,12,12,30
1253,12,12,30
1254,12,12,30
1255,12,12,30
1256,12,12,30
1257,12,12,30
1258,12,12,30
1259,12,12,30
1260,12,12,30
1261,12,12,30
1262,12,12,30
1263,12,12,30
1264,12,12,30
1265,12,12,30
1266,12,12,30
1267,12,12,29
1268,12,12,30
1269,12,12,30
1270,12,12,30
1271,12,12,30
1272,12,12,30
1273,12,12,30
1274,12,12,30
1275,12,12,30
1276,12,12,30
1277,12,12,30
1278,12,12,30
1279,12,12,30
1280,12,12,30
1281,12,12,30
1282,12,12,30
1283,12,12,30
1284,12,12,30
1285,12,12,30
1286,12,12,30
1287,12,12,30
1288,12,12,30
1289,12,12,30
1290,12,12,30
1291,12,12,30
1292,12,12,30
1293,12,12,30
1294,12,12,30
1295,12,12,30
1296,12,12,30
1297,12,12,30
1298,12,12,30
1299,12,12,30
1300,12,12,30
1301,12,12,30
1302,12,12,30
1303,12,12,30
1304,12,12,30
1305,12,12,30
1306,12,12,30
1307,12,12,30
1308,12,12,30
1309,12,12,30
1310,12,12,30
1311,12,12,30
1312,12,12,30
1313,12,12,30
1314,12,12,30
1315,12,12,30
1316,12,12,30
1317,12,12,30
1318,12,12,30
1319,12,12,30
1320,12,12,30
1321,12,12,30
1322,12,12,30
1323,12,12,30
1324,12,12,30
1325,12,12,30
1326,12,12,30
1327,12,12,30
1328,12,12,30
1329,12,12,30
1330,12,12,30
1331,12,12,30
1332,12,12,30
1333,12,12,30
1334,12,12,30
1335,12,12,30
1336,12,12,30
1337,12,12,30
1338,12,12,30
1339,12,12,30
1340,12,12,30
1341,12,12,30
1342,12,12,30
1343,12,12,30
1344,12,12,30
1345,12,12,30
1346,12,12,30
1347,12,12,30
1348,12,12,30
1349,12,12,30
1350,12,12,30
1351,12,12,30
1352,12,12,30
1353,12,12,30
1354,12,12,30
1355,12,12,30
1356,12,12,30
1357,12,12,30
1358,12,12,30
1359,12,12,30
1360,12,12,30
1361,12,12,30
1362,12,12,30
1363,12,12,30
1364,12,12,30
1365,12,12,30
1366,12,12,30
1367,12,12,30
1368,12,12,30
1369,12,12,30
1370,12,12,30
1371,12,12,30
1372,12,12,30
1373,12,12,30
1374,12,12,30
1375,12,12,30
1376,12,12,30
1377,12,12,30
1378,12,12,30
1379,12,12,30
1380,12,12,30
1381,12,12,30
1382,12,12,30
1383,12,12,30
1384,12,12,30
1385,12,12,30
1386,12,12,30
1387,12,12,30
1388,12,12,30
1389,12,12,30
1390,12,12,30
1391,12,12,30
1392,12,12,30
1393,12,12,30
1394,12,12,30
1395,12,12,30
1396,12,12,30
1397,12,12,30
1398,12,12,30
1399,12,12,30
1400,12,12,30
1401,12,12,30
1402,12,12,30
1403,12,12,30
1404,12,12,30
1405,12,12,30
1406,12,12,30
1407,12,12,30
1408,12,12,30
1409,12,12,30
1410,12,12,30
1411,12,12,30
1412,12,12,30
1413,12,12,30
1414,12,12,30
1415,12,12,30
1416,12,12,30
1417,12,12,29
1418,12,12,30
1419,12,12,30
1420,12,12,30
1421,12,12,30
1422,12,12,30
1423,12,12,30
1424,12,12,30
1425,12,12,30
1426,12,12,30
1427,12,12,30
1428,12,12,30
1429,12,12,30
1430,12,12,30
1431,12,12,30
1432,12,12,30
1433,12,12,30
1434,12,12,30
1435,12,12,30
1436,12,12,30
1437,12,12,30
1438,12,12,30
1439,12,12,30
1440,12,12,30
1441,12,12,30
1442,12,12,30
1443,12,12,30
1444,12,12,30
1445,12,12,30
1446,12,12,30
1447,12,12,30
1448,12,12,30
1449,12,12,30
1450,12,12,30
1451,12,12,30
1452,12,12,30
1453,12,12,30
1454,12,12,30
1455,12,12,30
1456,12,12,30
1457,12,12,30
1458,12,12,30
1459,12,12,30
1460,12,12,30
1461,12,12,30
1462,12,12,30
1463,12,12,30
1464,12,12,30
1465,12,12,30
1466,12,12,30
1467,12,12,30
1468,12,12,30
1469,12,12,30
1470,12,12,30
1471,12,12,30
1472,12,12,30
1473,12,12,29
1474,12,12,30
1475,12,12,30
1476,12,12,30
1477,12,12,30
1478,12,12,30
1479,12,12,30
1480,12,12,30
1481,12,12,30
1482,12,12,30
1483,12,12,30
1484,12,12,30
1485,12,12,30
1486,12,12,30
1487,12,12,30
1488,12,12,30
1489,12,12,30
1490,12,12,30
1491,12,12,30
1492,12,12,30
1493,12,12,30
1494,12,12,30
1495,12,12,30
1496,12,12,30
1497,12,12,30
1498,12,12,30
1499,12,12,30
1500,12,12,30
1501,12,12,30
1502,12,12,30
1503,12,12,30
1504,12,12,30
1505,12,12,30
1506,12,12,30
1507,12,12,30
1508,12,12,30
1509,12,12,30
1510,12,12,30
1511,12,12,30
1512,12,12,30
1513,12,12,30
1514,12,12,30
1515,12,12,30
1516,12,12,30
1517,12,12,30
1518,12,12,30
1519,12,12,30
1520,12,12,30
1521,12,12,30
1522,12,12,30
1523,12,12,30
1524,12,12,30
1525,12,12,30
1526,12,12,30
1527,12,12,30
1528,12,12,30
1529,12,12,30
1530,12,12,30
1531,12,12,30
1532,12,12,30
1533,12,12,30
1534,12,12,30
1535,12,12,30
1536,12,12,30
1537,12,12,30
1538,12,12,30
1539,12,12,30
1540,12,12,30
1541,12,12,30
1542,12,12,30
1543,12,12,30
1544,12,12,30
1545,12,12,30
1546,12,12,30
1547,12,12,30
1548,12,12,30
1549,12,12,30
1550,12,12,30
1551,12,12,30
1552,12,12,30
1553,12,12,30
1554,12,12,30
1555,12,12,30
1556,12,12,30
1557,12,12,30
1558,12,12,30
1559,12,12,30
1560,12,12,30
1561,12,12,30
1562,12,12,30
1563,12,12,30
1564,12,12,30
1565,12,12,30
1566,12,12,30
1567,12,12,30
1568,12,12,30
1569,12,12,30
1570,12,12,30
1571,12,12,30
1572,12,12,30
1573,12,12,30
1574,12,12,30
1575,12,12,30
1576,12,12,30
1577,12,12,30
1578,12,12,30
1579,12,12,30
1580,12,12,30
1581,12,12,30
1582,12,12,30
1583,12,12,30
1584,12,12,30
1585,12,12,30
1586,12,12,30
1587,12,12,30
1588,12,12,30
1589,12,12,30
1590,12,12,30
1591,12,12,30
1592,12,12,30
1593,12,12,30
1594,12,12,30
1595,12,12,30
1596,12,12,30
1597,12,12,30
1598,12,12,30
1599,12,12,30
1600,12,12,30
1601,12,12,30
1602,12,12,30
1603,12,12,30
1604,12,12,30
1605,12,12,30
1606,12,12,30
1607,12,12,30
1608,12,12,30
1609,12,12,30
1610,12,12,30
1611,12,12,30
1612,12,12,30
1613,12,12,30
1614,12,12,30
1615,12,12,30
1616,12,12,30
1617,12,12,30
1618,12,12,30
1619,12,12,30
1620,12,12,30
1621,12,12,30
1622,12,12,30
1623,12,12,30
1624,12,12,30
1625,12,12,30
1626,12,12,30
1627,12,12,30
1628,12,12,30
1629,12,12,30
1630,12,12,30
1631,12,12,30
1632,12,12,30
1633,12,12,30
1634,12,12,30
1635,12,12,30
1636,12,12,30
1637,12,12,30
1638,12,12,30
1639,12,12,30
1640,12,12,30
1641,12,12,30
1642,12,12,30
1643,12,12,30
1644,12,12,30
1645,12,12,30
1646,12,12,30
1647,12,12,30
1648,12,12,30
1649,12,12,30
1650,12,12,30
1651,12,12,30
1652,12,12,30
1653,12,12,29
1654,12,12,30
1655,12,12,30
1656,12,12,30
1657,12,12,30
1658,12,12,30
1659,12,12,30
1660,12,12,30
1661,12,12,30
1662,12,12,30
1663,12,12,30
1664,12,12,30
1665,12,12,30
1666,12,12,30
1667,12,12,30
1668,12,12,30
1669,12,12,30
1670,12,12,30
1671,12,12,30
1672,12,12,30
1673,12,12,30
1674,12,12,30
1675,12,12,30
1676,12,12,30
1677,12,12,30
1678,12,12,30
1679,12,12,30
1680,12,12,30
1681,12,12,30
1682,12,12,30
1683,12,12,30
1684,12,12,30
1685,12,12,30
1686,12,12,30
1687,12,12,30
1688,12,12,30
1689,12,12,30
1690,12,12,30
1691,12,12,30
1692,12,12,30
1693,12,12,30
1694,12,12,30
1695,12,12,30
1696,12,12,30
1697,12,12,30
1698,12,12,30
1699,12,12,30
1700,12,12,30
1701,12,12,30
1702,12,12,30
1703,12,12,30
1704,12,12,30
1705,12,12,30
1706,12,12,30
1707,12,12,29
1708,12,12,30
1709,12,12,30
1710,12,12,30
1711,12,12,30
1712,12,12,30
1713,12,12,30
1714,12,12,30
1715,12,12,30
1716,12,12,30
1717,12,12,30
1718,12,12,30
1719,12,12,30
1720,12,12,30
1721,12,12,30
1722,12,12,30
1723,12,12,30
1724,12,12,30
1725,12,12,30
1726,12,12,30
1727,12,12,30
1728,12,12,30
1729,12,12,30
1730,12,12,30
1731,12,12,30
1732,12,12,30
1733,12,12,30
1734,12,12,30
1735,12,12,30
1736,12,12,30
1737,12,12,30
1738,12,12,30
1739,12,12,30
1740,12,12,30
1741,12,12,30
1742,12,12,30
1743,12,12,30
1744,12,12,30
1745,12,12,30
1746,12,12,30
1747,12,12,30
1748,12,12,30
1749,12,12,30
1750,12,12,30
1751,12,12,30
1752,12,12,30
1753,12,12,30
1754,12,12,30
1755,12,12,30
1756,12,12,30
1757,12,12,30
1758,12,12,30
1759,12,12,30
1760,12,12,30
1761,12,12,30
1762,12,12,30
1763,12,12,30
1764,12,12,30
1765,12,12,30
1766,12,12,30
1767,12,12,30
1768,12,12,30
1769,12,12,30
1770,12,12,30
1771,12,12,30
1772,12,12,30
1773,12,12,30
1774,12,12,29
1775,12,12,30
1776,12,12,30
1777,12,12,30
1778,12,12,30
1779,12,12,30
1780,12,12,30
1781,12,12,30
1782,12,12,30
1783,12,12,30
1784,12,12,30
1785,12,12,30
1786,12,12,30
1787,12,12,30
1788,12,12,30
1789,12,12,30
1790,12,12,30
1791,12,12,30
1792,12,12,30
1793,12,12,30
1794,12,12,30
1795,12,12,30
1796,12,12,30
1797,12,12,30
1798,12,12,30
1799,12,12,30
1800,12,12,29
1801,12,12,30
1802,12,12,30
1803,12,12,30
1804,12,12,30
1805,12,12,30
1806,12,12,30
1807,12,12,30
1808,12,12,30
1809,12,12,30
1810,12,12,30
1811,12,12,30
1812,12,12,30
1813,12,12,30
1814,12,12,30
1815,12,12,30
1816,12,12,30
1817,12,12,30
1818,12,12,30
1819,12,12,30
1820,12,12,30
1821,12,12,30
1822,12,12,30
1823,12,12,30
1824,12,12,30
1825,12,12,30
1826,12,12,30
1827,12,12,30
1828,12,12,30
1829,12,12,30
1830,12,12,30
1831,12,12,30
1832,12,12,30
1833,12,12,30
1834,12,12,30
1835,12,12,30
1836,12,12,30
1837,12,12,30
1838,12,12,30
1839,12,12,30
1840,12,12,30
1841,12,12,30
1842,12,12,30
1843,12,12,30
1844,12,12,30
1845,12,12,30
1846,12,12,30
1847,12,12,30
1848,12,12,30
1849,12,12,30
1850,12,12,30
1851,12,12,30
1852,12,12,30
1853,12,12,30
1854,12,12,30
1855,12,12,30
1856,12,12,30
1857,12,12,30
1858,12,12,30
1859,12,12,30
1860,12,12,30
1861,12,12,30
1862,12,12,30
1863,12,12,30
1864,12,12,30
1865,12,12,30
1866,12,12,30
1867,12,12,30
1868,12,12,30
1869,12,12,30
1870,12,12,30
1871,12,12,30
1872,12,12,30
1873,12,12,30
1874,12,12,30
1875,12,12,30
1876,12,12,30
1877,12,12,30
1878,12,12,30
1879,12,12,30
1880,12,12,30
1881,12,12,30
1882,12,12,30
1883,12,12,30
1884,12,12,30
1885,12,12,30
1886,12,12,30
1887,12,12,30
1888,12,12,30
1889,12,12,30
1890,12,12,30
1891,12,12,30
1892,12,12,30
1893,12,12,30
1894,12,12,30
1895,12,12,30
1896,12,12,30
1897,12,12,30
1898,12,12,30
1899,12,12,30
1900,12,12,30
1901,12,12,30
1902,12,12,30
1903,12,12,30
1904,12,12,30
1905,12,12,30
1906,12,12,30
1907,12,12,30
1908,12,12,30
1909,12,12,30
1910,12,12,30
1911,12,12,30
1912,12,12,30
1913,12,12,30
1914,12,12,30
1915,12,12,30
1916,12,12,30
1917,12,12,30
1918,12,12,30
1919,12,12,30
1920,12,12,30
1921,12,12,30
1922,12,12,30
1923,12,12,30
1924,12,12,30
1925,12,12,30
1926,12,12,30
1927,12,12,30
1928,12,12,30
1929,12,12,30
1930,12,12,30
1931,12,12,30
1932,12,12,30
1933,12,12,30
1934,12,12,30
1935,12,12,30
1936,12,12,30
1937,12,12,30
1938,12,12,30
1939,12,12,30
1940,12,12,30
1941,12,12,30
1942,12,12,30
1943,12,12,30
1944,12,12,30
1945,12,12,30
1946,12,12,30
1947,12,12,30
1948,12,12,30
1949,12,12,30
1950,12,12,30
1951,12,12,30
1952,12,12,30
1953,12,12,30
1954,12,12,30
1955,12,12,30
1956,12,12,30
1957,12,12,30
1958,12,12,30
1959,12,12,30
1960,12,12,30
1961,12,12,30
1962,12,12,30
1963,12,12,30
1964,12,12,30
1965,12,12,30
1966,12,12,30
1967,12,12,30
1968,12,12,30
1969,12,12,30
1970,12,12,30
1971,12,12,30
1972,12,12,30
1973,12,12,30
1974,12,12,30
1975,12,12,30
1976,12,12,30
1977,12,12,30
1978,12,12,30
1979,12,12,30
1980,12,12,30
1981,12,12,30
1982,12,12,30
1983,12,12,30
1984,12,12,30
1985,12,12,30
1986,12,12,30
1987,12,12,30
1988,12,12,30
1989,12,12,30
1990,12,12,30
1991,12,12,30
1992,12,12,30
1993,12,12,30
1994,12,12,30
1995,12,12,30
1996,12,12,30
1997,12,12,30
1998,12,12,30
1999,12,12,30
