0,0,0,0
1,1,0,0
2,2,0,0
3,2,0,0
4,2,0,0
5,1,0,0
6,2,0,0
7,2,0,0
8,3,0,0
9,2,0,0
10,2,0,0
11,2,0,0
12,2,0,0
13,2,0,0
14,2,0,0
15,2,0,0
16,2,0,0
17,2,0,0
18,2,0,0
19,2,0,0
20,2,0,0
21,2,0,0
22,2,0,0
23,2,0,0
24,2,0,0
25,2,0,0
26,2,0,0
27,2,0,0
28,2,2,1
29,2,0,0
30,2,0,0
31,2,0,0
32,2,0,0
33,3,0,0
34,3,0,0
35,3,0,0
36,3,2,1
37,3,0,0
38,3,0,0
39,3,0,0
40,3,0,0
41,3,2,1
42,1,0,0
43,2,0,0
44,3,0,0
45,2,0,0
46,2,0,0
47,2,0,0
48,3,2,1
49,2,0,0
50,2,0,0
51,2,0,0
52,2,0,0
53,2,0,0
54,2,0,0
55,3,0,0
56,2,0,0
57,2,0,0
58,2,0,0
59,2,2,1
60,4,2,1
61,4,2,1
62,3,0,0
63,3,0,0
64,3,0,0
65,3,0,0
66,4,0,0
67,4,0,0
68,4,0,0
69,4,0,0
70,4,0,0
71,4,0,0
72,4,0,0
73,4,0,0
74,4,0,0
75,4,2,1
76,4,2,1
77,4,2,1
78,4,0,0
79,3,0,0
80,3,0,0
81,3,0,0
82,3,3,2
83,3,3,2
84,3,3,2
85,3,3,3
86,3,3,3
87,3,3,3
88,4,3,2
89,3,3,3
90,3,3,2
91,3,3,2
92,3,3,2
93,3,3,2
94,4,2,1
95,4,3,2
96,4,0,0
97,5,0,0
98,6,3,3
99,6,4,3
100,5,4,5
101,6,4,4
102,6,5,7
103,5,5,7
104,5,5,5
105,5,5,7
106,5,5,7
107,5,5,7
108,6,5,6
109,6,5,7
110,6,5,7
111,6,5,6
112,6,5,7
113,6,5,7
114,7,5,6
115,7,5,5
116,7,5,6
117,6,5,7
118,6,5,6
119,7,5,7
120,7,5,6
121,7,5,7
122,6,5,6
123,6,5,7
124,6,5,7
125,6,5,7
126,6,5,7
127,6,5,7
128,6,5,7
129,6,5,7
130,6,5,7
131,6,5,7
132,6,5,7
133,6,5,7
134,6,6,7
135,6,5,7
136,6,5,6
137,7,6,9
138,7,6,9
139,6,6,9
140,6,6,9
141,6,6,8
142,6,6,9
143,6,6,8
144,6,6,8
145,6,6,7
146,6,6,9
147,6,6,8
148,6,6,8
149,6,6,9
150,7,7,10
151,7,7,10
152,7,7,10
153,7,7,10
154,7,6,8
155,7,6,9
156,7,6,8
157,7,6,9
158,7,6,9
159,7,6,9
160,7,6,9
161,7,6,8
162,7,6,9
163,7,6,9
164,7,6,9
165,7,6,9
166,7,6,8
167,7,6,9
168,7,6,8
169,7,7,8
170,7,7,6
171,6,6,5
172,5,3,2
173,7,4,4
174,7,3,3
175,7,3,2
176,7,4,4
177,5,3,3
178,5,3,3
179,5,3,3
180,5,3,3
181,5,3,3
182,5,3,3
183,5,3,2
184,5,3,3
185,7,3,3
186,7,3,3
187,6,3,2
188,6,3,2
189,5,3,3
190,6,3,3
191,6,3,3
192,6,3,3
193,6,4,5
194,6,4,5
195,6,4,5
196,6,4,5
197,7,4,4
198,7,6,7
199,7,4,5
200,6,4,4
201,6,6,10
202,6,6,9
203,6,6,7
204,6,6,10
205,6,6,10
206,6,6,10
207,6,6,10
208,6,6,9
209,6,6,9
210,6,6,10
211,6,6,10
212,6,6,9
213,6,6,10
214,6,6,10
215,6,6,9
216,6,6,10
217,6,6,8
218,6,6,10
219,6,6,9
220,6,6,10
221,6,6,10
222,6,6,10
223,6,6,10
224,6,6,10
225,7,6,9
226,7,6,9
227,7,6,10
228,7,6,10
229,7,6,10
230,7,6,10
231,7,6,9
232,7,6,10
233,7,6,10
234,7,6,10
235,7,6,10
236,6,6,10
237,6,6,10
238,6,6,9
239,6,6,8
240,6,6,10
241,6,6,9
242,6,6,9
243,6,6,10
244,6,6,10
245,6,6,9
246,6,6,10
247,6,6,9
248,6,6,8
249,6,6,9
250,6,6,10
251,6,6,10
252,6,6,10
253,6,6,10
254,6,6,10
255,6,6,10
256,6,6,8
257,6,6,9
258,6,6,9
259,6,6,9
260,7,6,9
261,7,6,10
262,6,6,9
263,6,6,10
264,6,6,9
265,6,6,10
266,6,6,10
267,6,6,8
268,6,6,9
269,6,6,10
270,6,6,9
271,7,6,10
272,6,6,10
273,7,6,9
274,7,6,9
275,7,6,9
276,7,6,10
277,7,6,10
278,7,6,9
279,7,6,9
280,7,6,10
281,6,6,10
282,7,7,11
283,7,6,10
284,7,6,10
285,7,6,10
286,7,7,10
287,7,6,10
288,7,7,12
289,7,7,12
290,7,7,11
291,7,7,12
292,7,7,11
293,7,7,12
294,7,7,12
295,7,7,12
296,7,7,12
297,7,7,12
298,7,7,12
299,7,7,12
300,7,7,12
301,7,7,12
302,7,7,12
303,7,7,12
304,7,7,12
305,6,6,10
306,7,7,9
307,7,7,11
308,7,7,12
309,8,6,10
310,7,6,10
311,7,7,12
312,8,7,11
313,7,7,11
314,8,7,10
315,8,7,11
316,7,7,12
317,7,7,12
318,7,7,12
319,6,6,10
320,7,7,12
321,7,7,12
322,7,7,12
323,7,7,11
324,7,7,12
325,7,7,12
326,7,7,12
327,7,7,12
328,7,7,12
329,7,7,12
330,7,7,12
331,7,7,12
332,7,7,12
333,7,7,12
334,7,7,12
335,7,7,12
336,7,7,12
337,7,7,12
338,7,7,12
339,7,7,12
340,7,7,12
341,7,7,12
342,7,7,12
343,7,7,11
344,7,7,12
345,7,7,11
346,7,7,12
347,7,7,12
348,7,7,12
349,7,7,12
350,7,7,11
351,7,7,11
352,7,7,11
353,7,7,11
354,7,7,12
355,7,7,11
356,8,7,12
357,8,7,12
358,8,7,12
359,7,7,12
360,7,7,12
361,7,7,12
362,7,7,12
363,7,7,12
364,7,7,12
365,7,7,12
366,7,7,11
367,7,7,11
368,7,7,12
369,7,7,12
370,7,7,11
371,7,7,12
372,7,7,12
373,7,7,12
374,8,7,12
375,8,7,12
376,8,7,12
377,8,7,12
378,8,7,11
379,8,7,12
380,8,7,12
381,8,7,12
382,8,8,14
383,8,8,11
384,8,8,14
385,8,8,15
386,8,8,14
387,8,8,15
388,8,8,15
389,8,8,15
390,8,8,15
391,8,8,15
392,8,8,15
393,8,8,14
394,8,8,15
395,8,8,15
396,8,8,15
397,8,8,15
398,8,8,15
399,8,8,15
400,8,8,15
401,8,8,15
402,8,8,15
403,8,8,15
404,8,8,15
405,8,8,15
406,8,8,15
407,8,8,15
408,8,8,15
409,8,8,15
410,8,8,14
411,8,8,15
412,9,9,18
413,9,9,18
414,9,9,17
415,9,9,18
416,9,9,18
417,9,9,18
418,9,9,18
419,9,9,18
420,9,9,18
421,9,9,18
422,9,9,18
423,9,9,18
424,9,9,18
425,9,9,18
426,9,9,18
427,9,9,18
428,9,9,18
429,9,9,18
430,9,9,18
431,9,9,18
432,9,9,18
433,9,9,18
434,9,9,18
435,9,9,18
436,9,9,18
437,9,9,18
438,9,9,18
439,9,9,18
440,9,9,17
441,9,9,18
442,9,9,18
443,9,9,18
444,9,9,18
445,9,9,18
446,9,9,18
447,9,9,17
448,9,9,18
449,9,9,18
450,9,9,18
451,9,9,18
452,9,9,18
453,9,9,18
454,9,9,18
455,9,9,18
456,9,9,18
457,9,9,18
458,9,9,18
459,9,9,18
460,9,9,18
461,9,9,18
462,9,9,18
463,9,9,16
464,9,9,18
465,9,9,17
466,9,9,18
467,9,9,18
468,9,9,18
469,9,9,17
470,9,9,18
471,9,9,18
472,9,9,18
473,9,9,18
474,9,9,18
475,9,9,18
476,9,9,18
477,9,9,18
478,9,9,18
479,9,9,18
480,9,9,18
481,9,9,18
482,9,9,18
483,9,9,18
484,9,9,18
485,9,9,18
486,9,9,18
487,9,9,18
488,9,9,18
489,9,9,18
490,9,9,18
491,9,9,18
492,9,9,18
493,9,9,18
494,9,9,18
495,9,9,18
496,9,9,18
497,9,9,17
498,9,9,18
499,9,9,18
500,9,9,18
501,9,9,18
502,9,9,18
503,9,9,18
504,9,9,18
505,9,9,18
506,9,9,18
507,9,9,18
508,9,9,18
509,9,9,18
510,9,9,18
511,9,9,18
512,9,9,18
513,9,9,18
514,9,9,18
515,9,9,18
516,9,9,18
517,9,9,18
518,9,9,17
519,9,9,18
520,10,10,19
521,10,10,21
522,10,10,21
523,10,10,21
524,10,10,21
525,10,10,20
526,10,10,21
527,10,10,20
528,10,10,21
529,10,10,20
530,10,10,21
531,10,10,20
532,10,10,21
533,10,10,20
534,10,10,20
535,10,10,21
536,10,10,21
537,10,10,19
538,10,10,21
539,10,10,18
540,10,10,21
541,10,10,21
542,10,10,20
543,10,10,21
544,10,10,21
545,10,10,21
546,10,10,21
547,10,10,21
548,10,10,20
549,10,10,21
550,11,11,23
551,11,11,25
552,11,11,25
553,11,11,25
554,11,11,25
555,11,11,25
556,11,11,25
557,11,11,25
558,11,11,25
559,11,11,25
560,11,11,25
561,11,11,25
562,11,11,25
563,11,11,25
564,11,11,25
565,11,11,25
566,11,11,25
567,11,11,24
568,11,11,25
569,11,11,25
570,11,11,25
571,11,11,25
572,11,11,25
573,11,11,25
574,11,11,25
575,11,11,25
576,11,11,25
577,11,11,25
578,11,11,25
579,11,11,25
580,11,11,25
581,11,11,25
582,11,11,25
583,11,11,25
584,12,12,27
585,12,12,30
586,12,12,30
587,12,12,30
588,12,12,30
589,12,12,30
590,12,12,30
591,12,12,30
592,12,12,30
593,12,12,30
594,12,12,30
595,12,12,30
596,12,12,30
597,12,12,30
598,12,12,30
599,12,12,30
600,12,12,30
601,12,12,30
602,12,12,30
603,12,12,30
604,12,12,30
605,12,12,30
606,12,12,30
607,12,12,30
608,12,12,30
609,12,12,30
610,12,12,30
611,12,12,30
612,12,12,30
613,12,12,30
614,12,12,30
615,12,12,30
616,12,12,30
617,12,12,30
618,12,12,30
619,12,12,30
620,12,12,30
621,12,12,30
622,12,12,30
623,12,12,30
624,12,12,30
625,12,12,30
626,12,12,30
627,12,12,30
628,12,12,30
629,12,12,30
630,12,12,30
631,12,12,30
632,12,12,30
633,12,12,30
634,12,12,30
635,12,12,30
636,12,12,30
637,12,12,30
638,12,12,30
639,12,12,30
640,12,12,30
641,12,12,30
642,12,12,30
643,12,12,30
644,12,12,30
645,12,12,30
646,12,12,30
647,12,12,30
648,12,12,30
649,12,12,30
650,12,12,30
651,12,12,30
652,12,12,30
653,12,12,30
654,12,12,30
655,12,12,30
656,12,12,30
657,12,12,30
658,12,12,30
659,12,12,30
660,12,12,30
661,12,12,30
662,12,12,30
663,12,12,30
664,12,12,30
665,12,12,30
666,12,12,30
667,12,12,30
668,12,12,30
669,12,12,30
670,12,12,30
671,12,12,30
672,12,12,30
673,12,12,30
674,12,12,30
675,12,12,30
676,12,12,30
677,12,12,30
678,12,12,30
679,12,12,30
680,12,12,30
681,12,12,30
682,12,12,30
683,12,12,30
684,12,12,30
685,12,12,30
686,12,12,30
687,12,12,30
688,12,12,30
689,12,12,30
690,12,12,30
691,12,12,30
692,12,12,30
693,12,12,30
694,12,12,30
695,12,12,30
696,12,12,30
697,12,12,30
698,12,12,30
699,12,12,30
700,12,12,30
701,12,12,30
702,12,12,30
703,12,12,30
704,12,12,30
705,12,12,30
706,12,12,30
707,12,12,30
708,12,12,30
709,12,12,30
710,12,12,30
711,12,12,30
712,12,12,30
713,12,12,30
714,12,12,30
715,12,12,30
716,12,12,30
717,12,12,30
718,12,12,30
719,12,12,30
720,12,12,30
721,12,12,30
722,12,12,30
723,12,12,30
724,12,12,30
725,12,12,30
726,12,12,30
727,12,12,30
728,12,12,30
729,12,12,30
730,12,12,30
731,12,12,30
732,12,12,30
733,12,12,30
734,12,12,30
735,12,12,30
736,12,12,30
737,12,12,30
738,12,12,30
739,12,12,30
740,12,12,30
741,12,12,30
742,12,12,30
743,12,12,30
744,12,12,30
745,12,12,30
746,12,12,30
747,12,12,30
748,12,12,30
749,12,12,30
750,12,12,30
751,12,12,30
752,12,12,30
753,12,12,30
754,12,12,30
755,12,12,30
756,12,12,30
757,12,12,30
758,12,12,30
759,12,12,30
760,12,12,30
761,12,12,30
762,12,12,30
763,12,12,30
764,12,12,30
765,12,12,30
766,12,12,30
767,12,12,30
768,12,12,30
769,12,12,30
770,12,12,30
771,12,12,30
772,12,12,30
773,12,12,30
774,12,12,30
775,12,12,30
776,12,12,30
777,12,12,30
778,12,12,30
779,12,12,30
780,12,12,30
781,12,12,30
782,12,12,30
783,12,12,30
784,12,12,30
785,12,12,30
786,12,12,30
787,12,12,30
788,12,12,30
789,12,12,30
790,12,12,30
791,12,12,30
792,12,12,30
793,12,12,30
794,12,12,30
795,12,12,30
796,12,12,30
797,12,12,30
798,12,12,30
799,12,12,30
800,12,12,30
801,12,12,30
802,12,12,30
803,12,12,30
804,12,12,30
805,12,12,30
806,12,12,30
807,12,12,30
808,12,12,30
809,12,12,30
810,12,12,30
811,12,12,30
812,12,12,30
813,12,12,30
814,12,12,30
815,12,12,30
816,12,12,30
817,12,12,30
818,12,12,30
819,12,12,30
820,12,12,30
821,12,12,30
822,12,12,30
823,12,12,30
824,12,12,30
825,12,12,30
826,12,12,30
827,12,12,30
828,12,12,30
829,12,12,30
830,12,12,30
831,12,12,30
832,12,12,30
833,12,12,30
834,12,12,30
835,12,12,30
836,12,12,30
837,12,12,30
838,12,12,30
839,12,12,30
840,12,12,30
841,12,12,30
842,12,12,30
843,12,12,30
844,12,12,30
845,12,12,30
846,12,12,30
847,12,12,30
848,12,12,30
849,12,12,30
850,12,12,30
851,12,12,30
852,12,12,30
853,12,12,30
854,12,12,30
855,12,12,30
856,12,12,30
857,12,12,30
858,12,12,30
859,12,12,30
860,12,12,30
861,12,12,30
862,12,12,30
863,12,12,30
864,12,12,30
865,12,12,30
866,12,12,30
867,12,12,30
868,12,12,30
869,12,12,30
870,12,12,30
871,12,12,30
872,12,12,30
873,12,12,30
874,12,12,30
875,12,12,30
876,12,12,30
877,12,12,30
878,12,12,30
879,12,12,30
880,12,12,30
881,12,12,30
882,12,12,30
883,12,12,30
884,12,12,30
885,12,12,30
886,12,12,30
887,12,12,30
888,12,12,30
889,12,12,30
890,12,12,30
891,12,12,30
892,12,12,30
893,12,12,30
894,12,12,30
895,12,12,30
896,12,12,30
897,12,12,30
898,12,12,30
899,12,12,30
900,12,12,30
901,12,12,30
902,12,12,30
903,12,12,30
904,12,12,30
905,12,12,30
906,12,12,30
907,12,12,30
908,12,12,30
909,12,12,30
910,12,12,30
911,12,12,30
912,12,12,30
913,12,12,30
914,12,12,30
915,12,12,30
916,12,12,30
917,12,12,30
918,12,12,30
919,12,12,30
920,12,12,30
921,12,12,30
922,12,12,30
923,12,12,30
924,12,12,30
925,12,12,30
926,12,12,30
927,12,12,30
928,12,12,30
929,12,12,30
930,12,12,30
931,12,12,30
932,12,12,30
933,12,12,30
934,12,12,30
935,12,12,30
936,12,12,30
937,12,12,30
938,12,12,30
939,12,12,30
940,12,12,30
941,12,12,30
942,12,12,30
943,12,12,30
944,12,12,30
945,12,12,30
946,12,12,30
947,12,12,30
948,12,12,30
949,12,12,30
950,12,12,30
951,12,12,30
952,12,12,30
953,12,12,30
954,12,12,30
955,12,12,30
956,12,12,30
957,12,12,30
958,12,12,30
959,12,12,30
960,12,12,30
961,12,12,30
962,12,12,30
963,12,12,30
964,12,12,30
965,12,12,30
966,12,12,30
967,12,12,30
968,12,12,30
969,12,12,30
970,12,12,30
971,12,12,30
972,12,12,30
973,12,12,30
974,12,12,30
975,12,12,30
976,12,12,30
977,12,12,30
978,12,12,30
979,12,12,30
980,12,12,30
981,12,12,30
982,12,12,30
983,12,12,30
984,12,12,30
985,12,12,30
986,12,12,30
987,12,12,30
988,12,12,30
989,12,12,30
990,12,12,30
991,12,12,30
992,12,12,30
993,12,12,30
994,12,12,30
995,12,12,30
996,12,12,30
997,12,12,30
998,12,12,30
999,12,12,30
1000,12,12,30
1001,12,12,30
1002,12,12,30
1003,12,12,30
1004,12,12,30
1005,12,12,30
1006,12,12,30
1007,12,12,30
1008,12,12,30
1009,12,12,30
1010,12,12,30
1011,12,12,30
1012,12,12,30
1013,12,12,30
1014,12,12,30
1015,12,12,30
1016,12,12,30
1017,12,12,30
1018,12,12,30
1019,12,12,30
1020,12,12,30
1021,12,12,30
1022,12,12,30
1023,12,12,30
1024,12,12,30
1025,12,12,30
1026,12,12,30
1027,12,12,30
1028,12,12,30
1029,12,12,30
1030,12,12,30
1031,12,12,30
1032,12,12,30
1033,12,12,30
1034,12,12,30
1035,12,12,30
1036,12,12,30
1037,12,12,30
1038,12,12,30
1039,12,12,30
1040,12,12,30
1041,12,12,30
1042,12,12,30
1043,12,12,30
1044,12,12,30
1045,12,12,30
1046,12,12,30
1047,12,12,30
1048,12,12,30
1049,12,12,30
1050,12,12,30
1051,12,12,30
1052,12,12,30
1053,12,12,30
1054,12,12,30
1055,12,12,30
1056,12,12,30
1057,12,12,30
1058,12,12,30
1059,12,12,30
1060,12,12,30
1061,12,12,30
1062,12,12,30
1063,12,12,30
1064,12,12,30
1065,12,12,30
1066,12,12,30
1067,12,12,30
1068,12,12,30
1069,12,12,30
1070,12,12,30
1071,12,12,30
1072,12,12,30
1073,12,12,30
1074,12,12,30
1075,12,12,30
1076,12,12,30
1077,12,12,30
1078,12,12,30
1079,12,12,30
1080,12,12,30
1081,12,12,30
1082,12,12,30
1083,12,12,30
1084,12,12,30
1085,12,12,30
1086,12,12,30
1087,12,12,30
1088,12,12,30
1089,12,12,30
1090,12,12,30
1091,12,12,30
1092,12,12,30
1093,12,12,30
1094,12,12,30
1095,12,12,30
1096,12,12,30
1097,12,12,30
1098,12,12,30
1099,12,12,30
1100,12,12,30
1101,12,12,30
1102,12,12,30
1103,12,12,30
1104,12,12,30
1105,12,12,30
1106,12,12,30
1107,12,12,30
1108,12,12,30
1109,12,12,30
1110,12,12,30
1111,12,12,30
1112,12,12,30
1113,12,12,30
1114,12,12,30
1115,12,12,30
1116,12,12,30
1117,12,12,30
1118,12,12,30
1119,12,12,30
1120,12,12,30
1121,12,12,30
1122,12,12,30
1123,12,12,30
1124,12,12,30
1125,12,12,30
1126,12,12,30
1127,12,12,30
1128,12,12,30
1129,12,12,30
1130,12,12,30
1131,12,12,30
1132,12,12,30
1133,12,12,30
1134,12,12,30
1135,12,12,30
1136,12,12,30
1137,12,12,30
1138,12,12,30
1139,12,12,30
1140,12,12,30
1141,12,12,30
1142,12,12,30
1143,12,12,30
1144,12,12,30
1145,12,12,30
1146,12,12,30
1147,12,12,30
1148,12,12,30
1149,12,12,30
1150,12,12,30
1151,12,12,30
1152,12,12,30
1153,12,12,30
1154,12,12,30
1155,12,12,30
1156,12,12,29
1157,12,12,30
1158,12,12,30
1159,12,12,30
1160,12,12,30
1161,12,12,30
1162,12,12,30
1163,12,12,30
1164,12,12,30
1165,12,12,30
1166,12,12,30
1167,12,12,30
1168,12,12,30
1169,12,12,30
1170,12,12,30
1171,12,12,30
1172,12,12,30
1173,12,12,30
1174,12,12,30
1175,12,12,30
1176,12,12,30
1177,12,12,30
1178,12,12,30
1179,12,12,30
1180,12,12,30
1181,12,12,30
1182,12,12,30
1183,12,12,30
1184,12,12,30
1185,12,12,30
1186,12,12,30
1187,12,12,30
1188,12,12,30
1189,12,12,30
1190,12,12,30
1191,12,12,30
1192,12,12,30
1193,12,12,30
1194,12,12,30
1195,12,12,30
1196,12,12,30
1197,12,12,30
1198,12,12,30
1199,12,12,30
1200,12,12,30
1201,12,12,30
1202,12,12,30
1203,12,12,30
1204,12,12,30
1205,12,12,30
1206,12,12,30
1207,12,12,30
1208,12,12,30
1209,12,12,30
1210,12,12,30
1211,12,12,30
1212,12,12,30
1213,12,12,30
1214,12,12,30
1215,12,12,30
1216,12,12,30
1217,12,12,30
1218,12,12,30
1219,12,12,30
1220,12,12,30
1221,12,12,30
1222,12,12,30
1223,12,12,30
1224,12,12,30
1225,12,12,30
1226,12,12,30
1227,12,12,30
1228,12,12,30
1229,12,12,30
1230,12,12,30
1231,12,12,30
1232,12,12,30
1233,12,12,30
1234,12,12,30
1235,12,12,30
1236,12,12,30
1237,12,12,30
1238,12,12,30
1239,12,12,30
1240,12,12,30
1241,12,12,30
1242,12,12,30
1243,12,12,30
1244,12,12,30
1245,12,12,30
1246,12,12,30
1247,12,12,30
1248,12,12,30
1249,12,12,30
1250,12,12,30
1251,12,12,30
1252,12,12,30
1253,12,12,30
1254,12,12,30
1255,12,12,30
1256,12,12,30
1257,12,12,30
1258,12,12,30
1259,12,12,30
1260,12,12,30
1261,12,12,30
1262,12,12,30
1263,12,12,30
1264,12,12,30
1265,12,12,30
1266,12,12,30
1267,12,12,30
1268,12,12,30
1269,12,12,30
1270,12,12,30
1271,12,12,30
1272,12,12,30
1273,12,12,30
1274,12,12,30
1275,12,12,30
1276,12,12,30
1277,12,12,30
1278,12,12,30
1279,12,12,30
1280,12,12,30
1281,12,12,30
1282,12,12,30
1283,12,12,30
1284,12,12,30
1285,12,12,30
1286,12,12,30
1287,12,12,30
1288,12,12,30
1289,12,12,30
1290,12,12,30
1291,12,12,30
1292,12,12,30
1293,12,12,30
1294,12,12,30
1295,12,12,30
1296,12,12,30
1297,12,12,30
1298,12,12,30
1299,12,12,30
1300,12,12,30
1301,12,12,30
1302,12,12,30
1303,12,12,30
1304,12,12,30
1305,12,12,30
1306,12,12,30
1307,12,12,30
1308,12,12,30
1309,12,12,30
1310,12,12,30
1311,12,12,30
1312,12,12,30
1313,12,12,30
1314,12,12,30
1315,12,12,30
1316,12,12,30
1317,12,12,30
1318,12,12,30
1319,12,12,30
1320,12,12,30
1321,12,12,30
1322,12,12,30
1323,12,12,30
1324,12,12,30
1325,12,12,30
1326,12,12,30
1327,12,12,30
1328,12,12,30
1329,12,12,30
1330,12,12,30
1331,12,12,30
1332,12,12,30
1333,12,12,30
1334,12,12,30
1335,12,12,30
1336,12,12,30
1337,12,12,30
1338,12,12,30
1339,12,12,30
1340,12,12,30
1341,12,12,30
1342,12,12,30
1343,12,12,30
1344,12,12,30
1345,12,12,30
1346,12,12,30
1347,12,12,30
1348,12,12,30
1349,12,12,30
1350,12,12,30
1351,12,12,30
1352,12,12,30
1353,12,12,30
1354,12,12,30
1355,12,12,30
1356,12,12,30
1357,12,12,30
1358,12,12,30
1359,12,12,30
1360,12,12,30
1361,12,12,30
1362,12,12,30
1363,12,12,30
1364,12,12,30
1365,12,12,30
1366,12,12,30
1367,12,12,30
1368,12,12,30
1369,12,12,30
1370,12,12,30
1371,12,12,30
1372,12,12,30
1373,12,12,30
1374,12,12,30
1375,12,12,30
1376,12,12,30
1377,12,12,30
1378,12,12,30
1379,12,12,30
1380,12,12,30
1381,12,12,30
1382,12,12,30
1383,12,12,30
1384,12,12,30
1385,12,12,30
1386,12,12,30
1387,12,12,30
1388,12,12,30
1389,12,12,30
1390,12,12,30
1391,12,12,30
1392,12,12,30
1393,12,12,30
1394,12,12,30
1395,12,12,30
1396,12,12,30
1397,12,12,30
1398,12,12,30
1399,12,12,30
1400,12,12,30
1401,12,12,30
1402,12,12,30
1403,12,12,30
1404,12,12,30
1405,12,12,30
1406,12,12,30
1407,12,12,30
1408,12,12,30
1409,12,12,30
1410,12,12,30
1411,12,12,30
1412,12,12,30
1413,12,12,30
1414,12,12,30
1415,12,12,30
1416,12,12,30
1417,12,12,30
1418,12,12,30
1419,12,12,30
1420,12,12,30
1421,12,12,30
1422,12,12,30
1423,12,12,30
1424,12,12,30
1425,12,12,30
1426,12,12,30
1427,12,12,30
1428,12,12,30
1429,12,12,30
1430,12,12,30
1431,12,12,30
1432,12,12,30
1433,12,12,30
1434,12,12,30
1435,12,12,30
1436,12,12,30
1437,12,12,30
1438,12,12,30
1439,12,12,30
1440,12,12,30
1441,12,12,30
1442,12,12,30
1443,12,12,30
1444,12,12,30
1445,12,12,30
1446,12,12,30
1447,12,12,30
1448,12,12,30
1449,12,12,30
1450,12,12,30
1451,12,12,29
1452,12,12,30
1453,12,12,30
1454,12,12,30
1455,12,12,30
1456,12,12,30
1457,12,12,30
1458,12,12,30
1459,12,12,30
1460,12,12,30
1461,12,12,30
1462,12,12,30
1463,12,12,30
1464,12,12,30
1465,12,12,30
1466,12,12,30
1467,12,12,30
1468,12,12,30
1469,12,12,30
1470,12,12,30
1471,12,12,30
1472,12,12,30
1473,12,12,30
1474,12,12,30
1475,12,12,30
1476,12,12,30
1477,12,12,30
1478,12,12,30
1479,12,12,30
1480,12,12,30
1481,12,12,30
1482,12,12,30
1483,12,12,30
1484,12,12,30
1485,12,12,30
1486,12,12,30
1487,12,12,30
1488,12,12,30
1489,12,12,30
1490,12,12,30
1491,12,12,30
1492,12,12,30
1493,12,12,30
1494,12,12,30
1495,12,12,30
1496,12,12,30
1497,12,12,30
1498,12,12,30
1499,12,12,30
1500,12,12,30
1501,12,12,30
1502,12,12,30
1503,12,12,30
1504,12,12,30
1505,12,12,30
1506,12,12,30
1507,12,12,30
1508,12,12,30
1509,12,12,30
1510,12,12,30
1511,12,12,30
1512,12,12,30
1513,12,12,30
1514,12,12,30
1515,12,12,30
1516,12,12,30
1517,12,12,30
1518,12,12,30
1519,12,12,30
1520,12,12,30
1521,12,12,30
1522,12,12,30
1523,12,12,30
1524,12,12,30
1525,12,12,30
1526,12,12,30
1527,12,12,30
1528,12,12,30
1529,12,12,30
1530,12,12,30
1531,12,12,30
1532,12,12,30
1533,12,12,30
1534,12,12,30
1535,12,12,30
1536,12,12,30
1537,12,12,30
1538,12,12,30
1539,12,12,30
1540,12,12,30
1541,12,12,30
1542,12,12,30
1543,12,12,30
1544,12,12,30
1545,12,12,30
1546,12,12,30
1547,12,12,30
1548,12,12,30
1549,12,12,30
1550,12,12,30
1551,12,12,30
1552,12,12,30
1553,12,12,30
1554,12,12,30
1555,12,12,30
1556,12,12,30
1557,12,12,30
1558,12,12,30
1559,12,12,30
1560,12,12,30
1561,12,12,30
1562,12,12,30
1563,12,12,30
1564,12,12,30
1565,12,12,30
1566,12,12,30
1567,12,12,30
1568,12,12,30
1569,12,12,30
1570,12,12,30
1571,12,12,30
1572,12,12,30
1573,12,12,30
1574,12,12,30
1575,12,12,30
1576,12,12,30
1577,12,12,30
1578,12,12,30
1579,12,12,30
1580,12,12,30
1581,12,12,30
1582,12,12,30
1583,12,12,30
1584,12,12,30
1585,12,12,30
1586,12,12,30
1587,12,12,30
1588,12,12,30
1589,12,12,30
1590,12,12,30
1591,12,12,30
1592,12,12,30
1593,12,12,30
1594,12,12,30
1595,12,12,30
1596,12,12,30
1597,12,12,30
1598,12,12,30
1599,12,12,30
1600,12,12,30
1601,12,12,30
1602,12,12,30
1603,12,12,30
1604,12,12,30
1605,12,12,30
1606,12,12,30
1607,12,12,30
1608,12,12,30
1609,12,12,30
1610,12,12,30
1611,12,12,30
1612,12,12,30
1613,12,12,30
1614,12,12,30
1615,12,12,30
1616,12,12,30
1617,12,12,30
1618,12,12,30
1619,12,12,30
1620,12,12,30
1621,12,12,30
1622,12,12,30
1623,12,12,30
1624,12,12,30
1625,12,12,30
1626,12,12,30
1627,12,12,30
1628,12,12,30
1629,12,12,30
1630,12,12,30
1631,12,12,30
1632,12,12,30
1633,12,12,30
1634,12,12,30
1635,12,12,30
1636,12,12,30
1637,12,12,30
1638,12,12,30
1639,12,12,30
1640,12,12,30
1641,12,12,30
1642,12,12,30
1643,12,12,30
1644,12,12,30
1645,12,12,30
1646,12,12,30
1647,12,12,30
1648,12,12,30
1649,12,12,30
1650,12,12,30
1651,12,12,30
1652,12,12,30
1653,12,12,30
1654,12,12,30
1655,12,12,30
1656,12,12,30
1657,12,12,30
1658,12,12,30
1659,12,12,30
1660,12,12,30
1661,12,12,30
1662,12,12,30
1663,12,12,30
1664,12,12,30
1665,12,12,30
1666,12,12,30
1667,12,12,30
1668,12,12,30
1669,12,12,30
1670,12,12,30
1671,12,12,30
1672,12,12,30
1673,12,12,30
1674,12,12,30
1675,12,12,30
1676,12,12,30
1677,12,12,30
1678,12,12,30
1679,12,12,30
1680,12,12,30
1681,12,12,30
1682,12,12,30
1683,12,12,30
1684,12,12,30
1685,12,12,30
1686,12,12,30
1687,12,12,30
1688,12,12,30
1689,12,12,30
1690,12,12,30
1691,12,12,30
1692,12,12,30
1693,12,12,30
1694,12,12,30
1695,12,12,30
1696,12,12,30
1697,12,12,30
1698,12,12,30
1699,12,12,30
1700,12,12,30
1701,12,12,30
1702,12,12,29
1703,12,12,30
1704,12,12,30
1705,12,12,30
1706,12,12,30
1707,12,12,30
1708,12,12,30
1709,12,12,30
1710,12,12,30
1711,12,12,30
1712,12,12,30
1713,12,12,30
1714,12,12,30
1715,12,12,30
1716,12,12,30
1717,12,12,30
1718,12,12,30
1719,12,12,30
1720,12,12,30
1721,12,12,30
1722,12,12,30
1723,12,12,30
1724,12,12,30
1725,12,12,30
1726,12,12,30
1727,12,12,30
1728,12,12,30
1729,12,12,30
1730,12,12,30
1731,12,12,30
1732,12,12,30
1733,12,12,30
1734,12,12,30
1735,12,12,30
1736,12,12,30
1737,12,12,30
1738,12,12,30
1739,12,12,30
1740,12,12,30
1741,12,12,30
1742,12,12,30
1743,12,12,30
1744,12,12,30
1745,12,12,30
1746,12,12,30
1747,12,12,30
1748,12,12,30
1749,12,12,30
1750,12,12,30
1751,12,12,30
1752,12,12,30
1753,12,12,30
1754,12,12,30
1755,12,12,30
1756,12,12,30
1757,12,12,30
1758,12,12,30
1759,12,12,30
1760,12,12,30
1761,12,12,30
1762,12,12,30
1763,12,12,30
1764,12,12,30
1765,12,12,30
1766,12,12,30
1767,12,12,30
1768,12,12,30
1769,12,12,30
1770,12,12,30
1771,12,12,30
1772,12,12,30
1773,12,12,30
1774,12,12,30
1775,12,12,30
1776,12,12,30
1777,12,12,30
1778,12,12,30
1779,12,12,30
1780,12,12,30
1781,12,12,30
1782,12,12,30
1783,12,12,30
1784,12,12,30
1785,12,12,30
1786,12,12,30
1787,12,12,30
1788,12,12,30
1789,12,12,30
1790,12,12,30
1791,12,12,30
1792,12,12,30
1793,12,12,30
1794,12,12,30
1795,12,12,30
1796,12,12,30
1797,12,12,30
1798,12,12,30
1799,12,12,30
1800,12,12,30
1801,12,12,30
1802,12,12,30
1803,12,12,30
1804,12,12,30
1805,12,12,30
1806,12,12,30
1807,12,12,30
1808,12,12,30
1809,12,12,30
1810,12,12,30
1811,12,12,30
1812,12,12,30
1813,12,12,30
1814,12,12,30
1815,12,12,30
1816,12,12,30
1817,12,12,30
1818,12,12,30
1819,12,12,30
1820,12,12,30
1821,12,12,30
1822,12,12,30
1823,12,12,30
1824,12,12,30
1825,12,12,29
1826,12,12,30
1827,12,12,30
1828,12,12,30
1829,12,12,30
1830,12,12,30
1831,12,12,30
1832,12,12,30
1833,12,12,30
1834,12,12,30
1835,12,12,30
1836,12,12,30
1837,12,12,30
1838,12,12,30
1839,12,12,30
1840,12,12,30
1841,12,12,30
1842,12,12,30
1843,12,12,30
1844,12,12,30
1845,12,12,30
1846,12,12,30
1847,12,12,30
1848,12,12,30
1849,12,12,30
1850,12,12,29
1851,12,12,30
1852,12,12,30
1853,12,12,30
1854,12,12,30
1855,12,12,30
1856,12,12,30
1857,12,12,30
1858,12,12,30
1859,12,12,30
1860,12,12,29
1861,12,12,30
1862,12,12,30
1863,12,12,30
1864,12,12,30
1865,12,12,30
1866,12,12,30
1867,12,12,30
1868,12,12,30
1869,12,12,30
1870,12,12,30
1871,12,12,30
1872,12,12,30
1873,12,12,30
1874,12,12,30
1875,12,12,30
1876,12,12,30
1877,12,12,30
1878,12,12,30
1879,12,12,30
1880,12,12,30
1881,12,12,30
1882,12,12,30
1883,12,12,30
1884,12,12,30
1885,12,12,30
1886,12,12,30
1887,12,12,30
1888,12,12,30
1889,12,12,30
1890,12,12,30
1891,12,12,30
1892,12,12,30
1893,12,12,30
1894,12,12,30
1895,12,12,30
1896,12,12,30
1897,12,12,30
1898,12,12,30
1899,12,12,30
1900,12,12,30
1901,12,12,30
1902,12,12,30
1903,12,12,30
1904,12,12,30
1905,12,12,30
1906,12,12,30
1907,12,12,30
1908,12,12,30
1909,12,12,30
1910,12,12,30
1911,12,12,30
1912,12,12,30
1913,12,12,29
1914,12,12,30
1915,12,12,30
1916,12,12,30
1917,12,12,30
1918,12,12,30
1919,12,12,30
1920,12,12,30
1921,12,12,30
1922,12,12,30
1923,12,12,30
1924,12,12,30
1925,12,12,30
1926,12,12,30
1927,12,12,30
1928,12,12,30
1929,12,12,30
1930,12,12,30
1931,12,12,30
1932,12,12,30
1933,12,12,30
1934,12,12,30
1935,12,12,30
1936,12,12,30
1937,12,12,30
1938,12,12,30
1939,12,12,30
1940,12,12,30
1941,12,12,30
1942,12,12,30
1943,12,12,30
1944,12,12,30
1945,12,12,30
1946,12,12,30
1947,12,12,30
1948,12,12,30
1949,12,12,30
1950,12,12,30
1951,12,12,30
1952,12,12,30
1953,12,12,30
1954,12,12,30
1955,12,12,30
1956,12,12,30
1957,12,12,30
1958,12,12,30
1959,12,12,30
1960,12,12,30
1961,12,12,30
1962,12,12,30
1963,12,12,30
1964,12,12,30
1965,12,12,30
1966,12,12,30
1967,12,12,30
1968,12,12,30
1969,12,12,30
1970,12,12,30
1971,12,12,30
1972,12,12,30
1973,12,12,30
1974,12,12,30
1975,12,12,30
1976,12,12,30
1977,12,12,30
1978,12,12,30
1979,12,12,30
1980,12,12,30
1981,12,12,30
1982,12,12,30
1983,12,12,30
1984,12,12,30
1985,12,12,30
1986,12,12,30
1987,12,12,30
1988,12,12,30
1989,12,12,30
1990,12,12,30
1991,12,12,30
1992,12,12,30
1993,12,12,30
1994,12,12,30
1995,12,12,30
1996,12,12,30
1997,12,12,30
1998,12,12,30
1999,12,12,30
