0,0,0,0
1,1,0,0
2,1,0,0
3,2,0,0
4,2,0,0
5,2,0,0
6,2,0,0
7,3,0,0
8,3,0,0
9,3,2,1
10,4,0,0
11,3,0,0
12,3,0,0
13,3,0,0
14,4,2,1
15,4,2,1
16,4,2,1
17,4,2,1
18,3,2,1
19,4,0,0
20,4,0,0
21,4,2,1
22,3,2,1
23,3,0,0
24,3,2,1
25,3,2,1
26,3,2,1
27,2,2,1
28,2,0,0
29,2,0,0
30,2,2,1
31,2,0,0
32,2,0,0
33,2,0,0
34,2,0,0
35,2,0,0
36,2,0,0
37,2,0,0
38,2,0,0
39,2,0,0
40,2,0,0
41,2,0,0
42,2,0,0
43,2,0,0
44,2,0,0
45,2,0,0
46,2,0,0
47,2,0,0
48,2,0,0
49,2,0,0
50,2,0,0
51,2,0,0
52,2,0,0
53,2,0,0
54,2,0,0
55,4,0,0
56,3,0,0
57,4,0,0
58,2,0,0
59,2,0,0
60,3,0,0
61,3,0,0
62,3,0,0
63,3,0,0
64,3,0,0
65,3,0,0
66,2,0,0
67,2,0,0
68,1,0,0
69,1,0,0
70,1,0,0
71,2,0,0
72,1,0,0
73,1,0,0
74,1,0,0
75,1,0,0
76,1,0,0
77,1,0,0
78,1,0,0
79,2,0,0
80,2,0,0
81,2,0,0
82,2,0,0
83,1,0,0
84,1,0,0
85,1,0,0
86,1,0,0
87,1,0,0
88,1,0,0
89,2,0,0
90,2,0,0
91,2,0,0
92,3,0,0
93,2,0,0
94,2,2,1
95,1,0,0
96,1,0,0
97,1,0,0
98,1,0,0
99,1,0,0
100,2,0,0
101,1,0,0
102,0,0,0
103,0,0,0
104,0,0,0
105,1,0,0
106,2,0,0
107,1,0,0
108,1,0,0
109,2,0,0
110,2,0,0
111,1,0,0
112,1,0,0
113,2,0,0
114,2,0,0
115,2,0,0
116,1,0,0
117,2,0,0
118,1,0,0
119,1,0,0
120,1,0,0
121,1,0,0
122,1,0,0
123,1,0,0
124,1,0,0
125,1,0,0
126,1,0,0
127,1,0,0
128,1,0,0
129,2,0,0
130,1,0,0
131,1,0,0
132,1,0,0
133,1,0,0
134,1,0,0
135,1,0,0
136,1,0,0
137,1,0,0
138,1,0,0
139,1,0,0
140,1,0,0
141,1,0,0
142,2,0,0
143,2,0,0
144,2,0,0
145,2,0,0
146,2,0,0
147,1,0,0
148,2,0,0
149,3,0,0
150,1,0,0
151,1,0,0
152,2,0,0
153,3,0,0
154,3,0,0
155,3,0,0
156,2,0,0
157,3,0,0
158,4,2,1
159,4,2,1
160,5,3,3
161,4,0,0
162,5,0,0
163,3,0,0
164,2,0,0
165,2,0,0
166,2,2,1
167,2,0,0
168,2,0,0
169,2,0,0
170,2,0,0
171,2,0,0
172,3,0,0
173,2,0,0
174,3,0,0
175,3,0,0
176,3,0,0
177,3,0,0
178,3,0,0
179,3,0,0
180,3,0,0
181,3,0,0
182,4,0,0
183,1,0,0
184,1,0,0
185,1,0,0
186,1,0,0
187,1,0,0
188,1,0,0
189,1,0,0
190,1,0,0
191,1,0,0
192,1,0,0
193,1,0,0
194,1,0,0
195,1,0,0
196,1,0,0
197,1,0,0
198,2,0,0
199,2,0,0
200,2,0,0
201,2,0,0
202,1,0,0
203,1,0,0
204,1,0,0
205,1,0,0
206,2,0,0
207,2,0,0
208,2,0,0
209,2,0,0
210,3,3,2
211,3,3,3
212,3,3,2
213,4,4,3
214,4,4,4
215,4,4,4
216,4,4,4
217,4,4,4
218,4,4,5
219,5,4,3
220,4,4,5
221,4,4,5
222,4,4,5
223,5,4,5
224,5,4,3
225,5,4,4
226,5,4,3
227,5,4,4
228,5,4,4
229,5,4,5
230,5,4,4
231,5,4,4
232,5,4,4
233,5,4,5
234,5,4,5
235,5,4,5
236,5,4,5
237,5,5,5
238,5,4,3
239,4,4,3
240,4,4,4
241,4,4,5
242,4,3,3
243,5,3,2
244,5,4,4
245,5,5,4
246,5,4,5
247,4,3,2
248,5,3,2
249,5,3,2
250,5,4,4
251,5,3,3
252,5,3,2
253,4,3,3
254,4,3,3
255,4,3,2
256,4,3,2
257,3,3,2
258,3,3,3
259,3,3,2
260,3,3,3
261,3,3,3
262,3,3,3
263,3,3,3
264,3,3,2
265,4,4,4
266,4,3,3
267,4,0,0
268,4,0,0
269,4,0,0
270,3,0,0
271,3,0,0
272,3,0,0
273,3,0,0
274,3,0,0
275,3,0,0
276,3,0,0
277,3,0,0
278,1,0,0
279,0,0,0
280,2,0,0
281,2,0,0
282,2,0,0
283,2,0,0
284,2,0,0
285,2,2,1
286,2,0,0
287,2,0,0
288,2,2,1
289,2,0,0
290,2,0,0
291,2,0,0
292,2,0,0
293,2,0,0
294,2,0,0
295,3,0,0
296,2,0,0
297,2,0,0
298,2,0,0
299,2,0,0
300,2,0,0
301,3,0,0
302,3,0,0
303,3,0,0
304,3,0,0
305,2,0,0
306,2,0,0
307,2,0,0
308,2,0,0
309,2,0,0
310,2,0,0
311,2,0,0
312,2,0,0
313,2,0,0
314,2,0,0
315,2,0,0
316,2,0,0
317,2,0,0
318,3,0,0
319,2,0,0
320,1,0,0
321,1,0,0
322,2,0,0
323,2,0,0
324,2,0,0
325,2,0,0
326,2,0,0
327,3,0,0
328,3,0,0
329,1,0,0
330,2,0,0
331,2,0,0
332,2,0,0
333,2,2,1
334,2,0,0
335,2,2,1
336,2,0,0
337,2,0,0
338,2,0,0
339,2,0,0
340,2,0,0
341,2,0,0
342,2,0,0
343,2,0,0
344,3,0,0
345,3,0,0
346,3,0,0
347,3,0,0
348,3,0,0
349,3,0,0
350,2,0,0
351,3,0,0
352,3,0,0
353,3,0,0
354,3,0,0
355,3,0,0
356,3,0,0
357,3,0,0
358,3,2,1
359,3,0,0
360,3,0,0
361,3,0,0
362,2,0,0
363,3,0,0
364,3,0,0
365,3,0,0
366,3,0,0
367,3,0,0
368,3,0,0
369,3,0,0
370,3,0,0
371,4,0,0
372,3,0,0
373,3,0,0
374,3,0,0
375,3,0,0
376,3,0,0
377,2,0,0
378,3,0,0
379,2,0,0
380,3,0,0
381,3,0,0
382,2,0,0
383,2,0,0
384,2,0,0
385,2,0,0
386,2,2,1
387,2,0,0
388,2,0,0
389,2,0,0
390,2,0,0
391,2,0,0
392,1,0,0
393,2,0,0
394,2,0,0
395,1,0,0
396,1,0,0
397,2,0,0
398,3,0,0
399,3,0,0
400,3,2,1
401,3,0,0
402,2,0,0
403,2,0,0
404,2,0,0
405,2,0,0
406,2,0,0
407,2,0,0
408,2,0,0
409,2,0,0
410,2,0,0
411,2,0,0
412,2,0,0
413,2,0,0
414,1,0,0
415,2,0,0
416,2,0,0
417,1,0,0
418,2,0,0
419,1,0,0
420,1,0,0
421,2,0,0
422,2,0,0
423,2,0,0
424,2,0,0
425,2,0,0
426,3,0,0
427,2,0,0
428,2,0,0
429,2,0,0
430,3,0,0
431,2,0,0
432,2,0,0
433,2,0,0
434,2,0,0
435,1,0,0
436,2,0,0
437,2,0,0
438,1,0,0
439,1,0,0
440,1,0,0
441,1,0,0
442,1,0,0
443,1,0,0
444,1,0,0
445,1,0,0
446,1,0,0
447,1,0,0
448,1,0,0
449,1,0,0
450,2,0,0
451,2,0,0
452,2,0,0
453,2,0,0
454,3,0,0
455,3,0,0
456,2,0,0
457,3,0,0
458,1,0,0
459,1,0,0
460,2,0,0
461,1,0,0
462,2,0,0
463,2,0,0
464,2,0,0
465,2,0,0
466,3,0,0
467,2,0,0
468,3,0,0
469,2,0,0
470,2,0,0
471,2,0,0
472,2,0,0
473,3,0,0
474,2,0,0
475,3,0,0
476,3,0,0
477,3,0,0
478,3,0,0
479,2,0,0
480,3,0,0
481,3,0,0
482,3,0,0
483,3,0,0
484,3,0,0
485,3,2,1
486,3,0,0
487,4,0,0
488,4,0,0
489,4,0,0
490,4,0,0
491,3,2,1
492,3,0,0
493,3,0,0
494,3,2,1
495,3,0,0
496,2,0,0
497,2,0,0
498,3,0,0
499,3,0,0
500,2,0,0
501,2,0,0
502,2,0,0
503,2,0,0
504,2,0,0
505,2,0,0
506,2,0,0
507,1,0,0
508,1,0,0
509,1,0,0
510,3,0,0
511,2,2,1
512,2,2,1
513,2,0,0
514,2,0,0
515,2,0,0
516,3,0,0
517,3,0,0
518,3,0,0
519,2,0,0
520,2,0,0
521,2,0,0
522,2,0,0
523,3,0,0
524,4,0,0
525,2,0,0
526,3,0,0
527,3,0,0
528,4,2,1
529,4,2,1
530,3,2,1
531,4,2,1
532,3,2,1
533,3,2,1
534,3,2,1
535,3,2,1
536,3,2,1
537,3,2,1
538,3,2,1
539,3,0,0
540,3,0,0
541,3,0,0
542,3,0,0
543,3,0,0
544,3,0,0
545,2,0,0
546,3,0,0
547,3,0,0
548,3,0,0
549,3,0,0
550,1,0,0
551,4,0,0
552,4,2,1
553,4,2,1
554,4,2,1
555,4,2,1
556,4,2,1
557,5,2,1
558,5,2,1
559,5,3,2
560,5,3,2
561,4,3,3
562,4,3,2
563,4,3,3
564,3,3,2
565,3,3,2
566,3,3,2
567,3,3,2
568,3,3,2
569,3,3,2
570,3,3,2
571,3,3,3
572,3,3,3
573,3,3,2
574,3,3,3
575,3,3,3
576,3,3,2
577,3,3,3
578,3,3,2
579,3,3,3
580,3,3,3
581,3,3,3
582,3,3,3
583,3,3,2
584,3,3,2
585,3,3,3
586,4,3,3
587,4,3,2
588,4,3,2
589,4,3,2
590,4,3,3
591,4,3,2
592,4,3,3
593,4,3,2
594,4,3,2
595,4,3,3
596,4,3,3
597,3,2,1
598,4,3,3
599,3,3,3
600,4,3,2
601,4,3,2
602,4,3,2
603,4,3,3
604,4,2,1
605,4,3,2
606,4,3,3
607,4,3,3
608,4,3,2
609,4,3,2
610,4,3,3
611,4,2,1
612,3,2,1
613,4,0,0
614,4,2,1
615,4,0,0
616,4,0,0
617,4,0,0
618,4,0,0
619,4,0,0
620,4,0,0
621,4,0,0
622,4,0,0
623,4,0,0
624,5,3,2
625,4,0,0
626,5,0,0
627,4,0,0
628,3,0,0
629,4,0,0
630,4,0,0
631,4,0,0
632,4,2,1
633,4,2,1
634,4,0,0
635,4,2,1
636,4,0,0
637,4,2,1
638,3,0,0
639,3,0,0
640,3,0,0
641,3,2,1
642,4,0,0
643,2,0,0
644,2,0,0
645,2,0,0
646,2,0,0
647,2,0,0
648,2,0,0
649,2,0,0
650,3,0,0
651,2,0,0
652,3,0,0
653,3,0,0
654,2,0,0
655,2,0,0
656,1,0,0
657,2,0,0
658,1,0,0
659,1,0,0
660,1,0,0
661,1,0,0
662,2,0,0
663,2,0,0
664,2,0,0
665,1,0,0
666,1,0,0
667,1,0,0
668,1,0,0
669,1,0,0
670,2,0,0
671,2,0,0
672,2,0,0
673,3,0,0
674,3,0,0
675,2,0,0
676,2,0,0
677,2,0,0
678,2,0,0
679,3,0,0
680,3,0,0
681,3,0,0
682,2,0,0
683,2,0,0
684,2,0,0
685,2,0,0
686,3,0,0
687,2,0,0
688,3,0,0
689,2,0,0
690,3,0,0
691,2,0,0
692,2,0,0
693,2,0,0
694,2,0,0
695,2,0,0
696,2,0,0
697,2,0,0
698,2,0,0
699,2,0,0
700,1,0,0
701,1,0,0
702,2,0,0
703,1,0,0
704,2,0,0
705,2,0,0
706,2,0,0
707,1,0,0
708,2,0,0
709,2,0,0
710,2,0,0
711,2,0,0
712,2,0,0
713,2,0,0
714,2,0,0
715,1,0,0
716,1,0,0
717,1,0,0
718,1,0,0
719,2,0,0
720,2,0,0
721,2,0,0
722,2,0,0
723,2,0,0
724,2,0,0
725,2,0,0
726,2,0,0
727,2,0,0
728,2,0,0
729,2,0,0
730,1,0,0
731,1,0,0
732,1,0,0
733,1,0,0
734,1,0,0
735,1,0,0
736,1,0,0
737,1,0,0
738,1,0,0
739,1,0,0
740,1,0,0
741,2,0,0
742,2,0,0
743,2,0,0
744,2,0,0
745,2,0,0
746,2,0,0
747,2,0,0
748,2,0,0
749,2,0,0
750,2,0,0
751,2,0,0
752,2,2,1
753,2,0,0
754,2,0,0
755,2,0,0
756,2,0,0
757,3,0,0
758,3,0,0
759,2,0,0
760,2,0,0
761,2,2,1
762,2,0,0
763,2,0,0
764,3,0,0
765,3,0,0
766,3,2,1
767,3,2,1
768,3,2,1
769,3,0,0
770,4,2,1
771,4,0,0
772,4,0,0
773,4,0,0
774,3,0,0
775,4,0,0
776,5,2,1
777,4,0,0
778,4,0,0
779,4,0,0
780,4,0,0
781,4,2,1
782,4,0,0
783,4,0,0
784,4,2,1
785,3,2,1
786,3,2,1
787,3,2,1
788,3,0,0
789,3,2,1
790,3,2,1
791,3,2,1
792,3,2,1
793,3,2,1
794,3,2,1
795,3,2,1
796,3,2,1
797,3,0,0
798,3,0,0
799,3,0,0
800,4,0,0
801,4,0,0
802,4,0,0
803,4,0,0
804,4,0,0
805,4,0,0
806,3,0,0
807,3,0,0
808,3,2,1
809,3,2,1
810,3,0,0
811,3,0,0
812,2,0,0
813,2,0,0
814,1,0,0
815,2,0,0
816,3,0,0
817,2,0,0
818,2,0,0
819,3,0,0
820,3,0,0
821,2,0,0
822,2,0,0
823,3,0,0
824,2,0,0
825,2,0,0
826,2,0,0
827,2,0,0
828,2,0,0
829,2,0,0
830,2,0,0
831,2,0,0
832,2,0,0
833,2,2,1
834,2,2,1
835,2,2,1
836,2,2,1
837,2,2,1
838,2,0,0
839,2,0,0
840,2,0,0
841,2,0,0
842,2,0,0
843,3,0,0
844,3,0,0
845,3,0,0
846,3,0,0
847,3,0,0
848,3,0,0
849,3,0,0
850,2,0,0
851,2,0,0
852,2,0,0
853,3,0,0
854,3,0,0
855,3,0,0
856,3,0,0
857,3,0,0
858,3,2,1
859,3,0,0
860,4,0,0
861,4,0,0
862,3,0,0
863,2,0,0
864,2,0,0
865,2,0,0
866,2,0,0
867,2,0,0
868,2,0,0
869,3,0,0
870,3,0,0
871,3,0,0
872,2,0,0
873,2,0,0
874,2,0,0
875,3,0,0
876,1,0,0
877,0,0,0
878,0,0,0
879,0,0,0
880,0,0,0
881,0,0,0
882,1,0,0
883,2,0,0
884,1,0,0
885,1,0,0
886,1,0,0
887,1,0,0
888,1,0,0
889,2,0,0
890,2,0,0
891,2,0,0
892,2,0,0
893,2,0,0
894,2,2,1
895,2,0,0
896,2,0,0
897,3,0,0
898,2,0,0
899,2,0,0
900,3,0,0
901,3,0,0
902,3,0,0
903,4,0,0
904,3,0,0
905,3,0,0
906,3,0,0
907,4,0,0
908,3,0,0
909,3,0,0
910,3,0,0
911,3,0,0
912,3,2,1
913,4,0,0
914,3,0,0
915,3,0,0
916,3,0,0
917,3,0,0
918,2,0,0
919,2,0,0
920,2,0,0
921,2,0,0
922,2,0,0
923,2,0,0
924,2,0,0
925,2,0,0
926,2,0,0
927,1,0,0
928,1,0,0
929,1,0,0
930,1,0,0
931,1,0,0
932,1,0,0
933,1,0,0
934,0,0,0
935,0,0,0
936,0,0,0
937,0,0,0
938,1,0,0
939,2,0,0
940,2,0,0
941,2,0,0
942,2,0,0
943,2,0,0
944,1,0,0
945,1,0,0
946,1,0,0
947,1,0,0
948,1,0,0
949,2,0,0
950,2,0,0
951,2,0,0
952,2,0,0
953,2,0,0
954,2,0,0
955,3,0,0
956,2,0,0
957,1,0,0
958,1,0,0
959,1,0,0
960,1,0,0
961,0,0,0
962,0,0,0
963,0,0,0
964,1,0,0
965,0,0,0
966,2,0,0
967,1,0,0
968,1,0,0
969,1,0,0
970,1,0,0
971,1,0,0
972,1,0,0
973,1,0,0
974,1,0,0
975,1,0,0
976,1,0,0
977,1,0,0
978,1,0,0
979,1,0,0
980,2,0,0
981,2,0,0
982,2,0,0
983,2,0,0
984,3,0,0
985,3,0,0
986,3,0,0
987,2,0,0
988,2,0,0
989,2,0,0
990,2,0,0
991,3,0,0
992,4,0,0
993,4,0,0
994,3,0,0
995,3,0,0
996,3,0,0
997,3,2,1
998,3,2,1
999,3,0,0
1000,3,0,0
1001,3,0,0
1002,3,0,0
1003,2,0,0
1004,2,2,1
1005,2,0,0
1006,3,0,0
1007,2,0,0
1008,2,0,0
1009,2,0,0
1010,2,0,0
1011,2,0,0
1012,2,0,0
1013,2,2,1
1014,2,0,0
1015,2,2,1
1016,2,0,0
1017,2,0,0
1018,2,0,0
1019,2,0,0
1020,2,0,0
1021,2,0,0
1022,2,0,0
1023,2,0,0
1024,2,0,0
1025,2,0,0
1026,2,0,0
1027,2,0,0
1028,3,0,0
1029,2,0,0
1030,1,0,0
1031,1,0,0
1032,1,0,0
1033,1,0,0
1034,1,0,0
1035,1,0,0
1036,1,0,0
1037,1,0,0
1038,2,0,0
1039,2,0,0
1040,2,0,0
1041,2,0,0
1042,2,0,0
1043,2,0,0
1044,2,0,0
1045,3,0,0
1046,2,0,0
1047,3,0,0
1048,3,0,0
1049,2,0,0
1050,2,0,0
1051,2,0,0
1052,2,0,0
1053,2,0,0
1054,2,0,0
1055,2,0,0
1056,2,0,0
1057,1,0,0
1058,1,0,0
1059,1,0,0
1060,1,0,0
1061,2,0,0
1062,1,0,0
1063,1,0,0
1064,1,0,0
1065,1,0,0
1066,1,0,0
1067,1,0,0
1068,1,0,0
1069,2,0,0
1070,2,0,0
1071,3,0,0
1072,4,0,0
1073,5,0,0
1074,3,0,0
1075,3,0,0
1076,3,0,0
1077,3,0,0
1078,4,0,0
1079,3,2,1
1080,2,0,0
1081,3,0,0
1082,1,0,0
1083,2,0,0
1084,2,0,0
1085,1,0,0
1086,1,0,0
1087,1,0,0
1088,1,0,0
1089,1,0,0
1090,2,0,0
1091,2,0,0
1092,2,0,0
1093,2,0,0
1094,2,0,0
1095,2,0,0
1096,2,0,0
1097,2,0,0
1098,2,0,0
1099,2,0,0
1100,2,0,0
1101,2,0,0
1102,2,0,0
1103,2,0,0
1104,2,0,0
1105,2,0,0
1106,2,0,0
1107,1,0,0
1108,2,0,0
1109,2,0,0
1110,2,0,0
1111,2,0,0
1112,2,0,0
1113,2,0,0
1114,2,0,0
1115,2,0,0
1116,2,0,0
1117,3,0,0
1118,3,2,1
1119,3,2,1
1120,3,0,0
1121,3,0,0
1122,3,2,1
1123,2,0,0
1124,2,0,0
1125,2,0,0
1126,2,0,0
1127,1,0,0
1128,1,0,0
1129,1,0,0
1130,1,0,0
1131,1,0,0
1132,1,0,0
1133,1,0,0
1134,1,0,0
1135,1,0,0
1136,1,0,0
1137,1,0,0
1138,1,0,0
1139,2,0,0
1140,2,0,0
1141,2,0,0
1142,1,0,0
1143,1,0,0
1144,2,0,0
1145,1,0,0
1146,1,0,0
1147,2,0,0
1148,2,0,0
1149,2,0,0
1150,2,0,0
1151,2,0,0
1152,1,0,0
1153,1,0,0
1154,1,0,0
1155,1,0,0
1156,1,0,0
1157,1,0,0
1158,2,0,0
1159,1,0,0
1160,1,0,0
1161,1,0,0
1162,1,0,0
1163,1,0,0
1164,1,0,0
1165,2,0,0
1166,3,0,0
1167,3,0,0
1168,2,0,0
1169,2,0,0
1170,1,0,0
1171,1,0,0
1172,1,0,0
1173,1,0,0
1174,2,0,0
1175,2,0,0
1176,1,0,0
1177,1,0,0
1178,1,0,0
1179,1,0,0
1180,1,0,0
1181,1,0,0
1182,1,0,0
1183,1,0,0
1184,1,0,0
1185,1,0,0
1186,1,0,0
1187,1,0,0
1188,1,0,0
1189,1,0,0
1190,1,0,0
1191,2,0,0
1192,1,0,0
1193,1,0,0
1194,1,0,0
1195,2,0,0
1196,3,0,0
1197,3,0,0
1198,3,0,0
1199,3,0,0
1200,3,0,0
1201,2,0,0
1202,2,0,0
1203,2,0,0
1204,2,0,0
1205,2,0,0
1206,2,0,0
1207,2,0,0
1208,2,0,0
1209,2,0,0
1210,2,0,0
1211,2,0,0
1212,2,0,0
1213,2,0,0
1214,2,0,0
1215,2,0,0
1216,2,0,0
1217,2,0,0
1218,2,0,0
1219,2,0,0
1220,2,0,0
1221,2,0,0
1222,1,0,0
1223,1,0,0
1224,1,0,0
1225,1,0,0
1226,1,0,0
1227,1,0,0
1228,2,0,0
1229,1,0,0
1230,1,0,0
1231,1,0,0
1232,1,0,0
1233,1,0,0
1234,1,0,0
1235,1,0,0
1236,2,0,0
1237,1,0,0
1238,1,0,0
1239,2,0,0
1240,2,0,0
1241,2,0,0
1242,2,0,0
1243,2,0,0
1244,2,0,0
1245,2,0,0
1246,2,0,0
1247,2,0,0
1248,2,0,0
1249,2,0,0
1250,3,0,0
1251,2,0,0
1252,2,0,0
1253,2,0,0
1254,2,0,0
1255,1,0,0
1256,3,0,0
1257,2,0,0
1258,2,0,0
1259,2,0,0
1260,2,0,0
1261,2,0,0
1262,2,0,0
1263,2,0,0
1264,2,0,0
1265,2,0,0
1266,2,0,0
1267,2,0,0
1268,3,0,0
1269,3,0,0
1270,3,0,0
1271,3,0,0
1272,2,0,0
1273,2,0,0
1274,2,0,0
1275,2,0,0
1276,2,0,0
1277,1,0,0
1278,1,0,0
1279,1,0,0
1280,1,0,0
1281,1,0,0
1282,1,0,0
1283,1,0,0
1284,1,0,0
1285,1,0,0
1286,1,0,0
1287,1,0,0
1288,1,0,0
1289,1,0,0
1290,1,0,0
1291,2,0,0
1292,2,0,0
1293,2,0,0
1294,2,0,0
1295,2,0,0
1296,2,0,0
1297,2,0,0
1298,2,0,0
1299,2,0,0
1300,2,0,0
1301,1,0,0
1302,1,0,0
1303,2,0,0
1304,1,0,0
1305,1,0,0
1306,1,0,0
1307,1,0,0
1308,2,0,0
1309,1,0,0
1310,2,0,0
1311,3,0,0
1312,2,2,1
1313,3,0,0
1314,3,0,0
1315,3,0,0
1316,3,0,0
1317,3,0,0
1318,4,0,0
1319,4,0,0
1320,3,0,0
1321,3,0,0
1322,3,0,0
1323,3,0,0
1324,1,0,0
1325,1,0,0
1326,3,0,0
1327,3,0,0
1328,2,0,0
1329,2,0,0
1330,3,0,0
1331,3,0,0
1332,3,0,0
1333,3,0,0
1334,3,0,0
1335,2,0,0
1336,2,0,0
1337,2,0,0
1338,3,0,0
1339,3,0,0
1340,3,2,1
1341,3,0,0
1342,3,0,0
1343,3,0,0
1344,3,2,1
1345,3,0,0
1346,3,0,0
1347,3,0,0
1348,4,0,0
1349,2,0,0
1350,3,0,0
1351,2,0,0
1352,2,0,0
1353,3,0,0
1354,3,0,0
1355,3,0,0
1356,4,0,0
1357,5,2,1
1358,5,2,1
1359,4,0,0
1360,4,0,0
1361,3,0,0
1362,4,0,0
1363,3,0,0
1364,3,0,0
1365,3,0,0
1366,3,0,0
1367,3,0,0
1368,4,0,0
1369,3,0,0
1370,3,0,0
1371,3,0,0
1372,3,0,0
1373,3,0,0
1374,2,0,0
1375,2,0,0
1376,2,0,0
1377,2,0,0
1378,2,0,0
1379,2,0,0
1380,2,0,0
1381,2,0,0
1382,2,0,0
1383,2,0,0
1384,2,0,0
1385,2,0,0
1386,1,0,0
1387,2,0,0
1388,2,0,0
1389,3,0,0
1390,3,0,0
1391,3,0,0
1392,3,0,0
1393,3,0,0
1394,3,0,0
1395,2,0,0
1396,2,0,0
1397,2,0,0
1398,2,0,0
1399,3,0,0
1400,2,0,0
1401,2,0,0
1402,2,0,0
1403,2,0,0
1404,2,0,0
1405,2,0,0
1406,2,0,0
1407,3,2,1
1408,2,0,0
1409,2,0,0
1410,3,0,0
1411,2,0,0
1412,2,0,0
1413,2,0,0
1414,2,0,0
1415,2,0,0
1416,2,2,1
1417,3,0,0
1418,2,0,0
1419,2,0,0
1420,2,0,0
1421,2,0,0
1422,3,0,0
1423,4,0,0
1424,3,0,0
1425,2,0,0
1426,3,0,0
1427,3,0,0
1428,3,2,1
1429,3,2,1
1430,3,2,1
1431,3,2,1
1432,3,2,1
1433,3,2,1
1434,3,2,1
1435,2,0,0
1436,3,0,0
1437,2,0,0
1438,2,0,0
1439,2,0,0
1440,2,0,0
1441,1,0,0
1442,1,0,0
1443,1,0,0
1444,1,0,0
1445,1,0,0
1446,1,0,0
1447,1,0,0
1448,1,0,0
1449,1,0,0
1450,1,0,0
1451,1,0,0
1452,2,0,0
1453,1,0,0
1454,1,0,0
1455,1,0,0
1456,1,0,0
1457,1,0,0
1458,1,0,0
1459,1,0,0
1460,1,0,0
1461,1,0,0
1462,1,0,0
1463,1,0,0
1464,1,0,0
1465,1,0,0
1466,1,0,0
1467,1,0,0
1468,2,0,0
1469,1,0,0
1470,1,0,0
1471,1,0,0
1472,1,0,0
1473,2,0,0
1474,3,0,0
1475,3,0,0
1476,3,0,0
1477,3,0,0
1478,3,0,0
1479,2,0,0
1480,2,0,0
1481,2,0,0
1482,2,2,1
1483,2,0,0
1484,1,0,0
1485,1,0,0
1486,1,0,0
1487,1,0,0
1488,1,0,0
1489,1,0,0
1490,1,0,0
1491,1,0,0
1492,1,0,0
1493,1,0,0
1494,1,0,0
1495,2,0,0
1496,2,0,0
1497,2,0,0
1498,2,0,0
1499,3,0,0
1500,3,2,1
1501,3,0,0
1502,3,0,0
1503,2,0,0
1504,3,0,0
1505,3,0,0
1506,3,0,0
1507,3,0,0
1508,3,2,1
1509,3,2,1
1510,3,0,0
1511,3,0,0
1512,3,2,1
1513,3,2,1
1514,3,2,1
1515,4,2,1
1516,4,0,0
1517,4,2,1
1518,4,0,0
1519,4,0,0
1520,4,0,0
1521,4,0,0
1522,4,0,0
1523,4,0,0
1524,4,2,1
1525,4,0,0
1526,4,0,0
1527,4,0,0
1528,3,0,0
1529,3,2,1
1530,3,0,0
1531,3,0,0
1532,3,0,0
1533,3,0,0
1534,3,0,0
1535,3,0,0
1536,3,2,1
1537,3,0,0
1538,3,0,0
1539,3,2,1
1540,3,0,0
1541,3,2,1
1542,3,2,1
1543,4,3,3
1544,3,3,3
1545,3,2,1
1546,3,3,3
1547,3,3,3
1548,3,3,2
1549,3,3,2
1550,3,3,3
1551,3,3,2
1552,3,3,2
1553,3,3,3
1554,3,3,3
1555,3,3,3
1556,2,2,1
1557,3,3,2
1558,3,3,3
1559,3,3,2
1560,3,3,3
1561,4,3,2
1562,4,3,2
1563,4,3,2
1564,4,3,3
1565,4,2,1
1566,4,2,1
1567,4,3,2
1568,4,0,0
1569,4,0,0
1570,4,0,0
1571,2,0,0
1572,2,0,0
1573,2,0,0
1574,1,0,0
1575,1,0,0
1576,1,0,0
1577,1,0,0
1578,2,0,0
1579,2,0,0
1580,2,0,0
1581,2,0,0
1582,2,0,0
1583,2,0,0
1584,2,0,0
1585,2,0,0
1586,2,0,0
1587,2,0,0
1588,2,0,0
1589,2,0,0
1590,2,0,0
1591,3,0,0
1592,4,0,0
1593,2,0,0
1594,2,0,0
1595,3,0,0
1596,3,0,0
1597,3,0,0
1598,3,0,0
1599,3,0,0
1600,3,0,0
1601,3,0,0
1602,3,0,0
1603,4,0,0
1604,3,2,1
1605,3,2,1
1606,3,2,1
1607,3,2,1
1608,3,2,1
1609,3,2,1
1610,3,2,1
1611,3,2,1
1612,4,0,0
1613,4,2,1
1614,4,0,0
1615,4,3,2
1616,3,2,1
1617,4,2,1
1618,4,2,1
1619,3,2,1
1620,4,2,1
1621,4,2,1
1622,4,0,0
1623,4,0,0
1624,4,0,0
1625,4,0,0
1626,4,0,0
1627,3,0,0
1628,3,0,0
1629,3,2,1
1630,3,0,0
1631,3,0,0
1632,3,0,0
1633,3,0,0
1634,2,0,0
1635,3,0,0
1636,3,0,0
1637,2,0,0
1638,3,0,0
1639,2,0,0
1640,3,0,0
1641,3,0,0
1642,3,0,0
1643,2,0,0
1644,2,0,0
1645,2,0,0
1646,2,0,0
1647,2,0,0
1648,4,0,0
1649,3,0,0
1650,2,0,0
1651,2,0,0
1652,3,0,0
1653,3,0,0
1654,4,3,2
1655,3,3,2
1656,3,3,2
1657,4,2,1
1658,4,3,2
1659,4,3,2
1660,4,3,2
1661,4,3,2
1662,4,3,2
1663,4,3,2
1664,4,3,3
1665,4,3,3
1666,4,3,3
1667,3,3,3
1668,3,3,2
1669,3,3,2
1670,3,0,0
1671,3,0,0
1672,4,2,1
1673,3,0,0
1674,3,0,0
1675,3,0,0
1676,3,0,0
1677,3,2,1
1678,3,0,0
1679,3,0,0
1680,3,0,0
1681,3,0,0
1682,3,0,0
1683,3,0,0
1684,3,0,0
1685,3,0,0
1686,3,0,0
1687,3,0,0
1688,3,0,0
1689,3,2,1
1690,2,0,0
1691,2,0,0
1692,2,0,0
1693,2,0,0
1694,2,0,0
1695,2,0,0
1696,2,0,0
1697,3,0,0
1698,3,0,0
1699,3,0,0
1700,3,0,0
1701,2,0,0
1702,2,0,0
1703,2,0,0
1704,2,0,0
1705,2,0,0
1706,2,0,0
1707,2,0,0
1708,2,2,1
1709,3,0,0
1710,3,2,1
1711,3,2,1
1712,3,2,1
1713,3,2,1
1714,3,2,1
1715,3,2,1
1716,3,2,1
1717,3,2,1
1718,3,2,1
1719,2,2,1
1720,3,2,1
1721,2,0,0
1722,2,0,0
1723,2,0,0
1724,2,0,0
1725,2,0,0
1726,2,0,0
1727,2,0,0
1728,2,0,0
1729,2,0,0
1730,2,0,0
1731,2,0,0
1732,2,0,0
1733,2,0,0
1734,3,0,0
1735,3,0,0
1736,2,0,0
1737,3,0,0
1738,3,0,0
1739,2,0,0
1740,2,0,0
1741,2,0,0
1742,2,0,0
1743,2,0,0
1744,2,0,0
1745,2,0,0
1746,2,0,0
1747,2,0,0
1748,2,0,0
1749,2,0,0
1750,2,0,0
1751,2,0,0
1752,2,0,0
1753,2,0,0
1754,3,0,0
1755,3,0,0
1756,3,0,0
1757,3,0,0
1758,3,0,0
1759,3,0,0
1760,3,0,0
1761,3,0,0
1762,2,0,0
1763,2,0,0
1764,2,0,0
1765,2,0,0
1766,3,0,0
1767,3,0,0
1768,2,0,0
1769,1,0,0
1770,2,0,0
1771,1,0,0
1772,1,0,0
1773,2,0,0
1774,2,0,0
1775,1,0,0
1776,2,0,0
1777,2,0,0
1778,1,0,0
1779,1,0,0
1780,2,0,0
1781,2,0,0
1782,2,0,0
1783,2,0,0
1784,2,0,0
1785,2,0,0
1786,2,0,0
1787,3,0,0
1788,2,0,0
1789,2,0,0
1790,2,0,0
1791,3,0,0
1792,3,0,0
1793,3,2,1
1794,3,3,2
1795,3,3,3
1796,3,3,2
1797,3,3,2
1798,4,3,2
1799,3,3,3
1800,3,3,3
1801,3,2,1
1802,3,3,2
1803,3,3,2
1804,3,2,1
1805,3,2,1
1806,3,0,0
1807,3,2,1
1808,3,2,1
1809,3,2,1
1810,3,3,2
1811,3,2,1
1812,3,3,2
1813,3,3,2
1814,3,3,3
1815,3,3,2
1816,3,3,3
1817,3,3,2
1818,3,3,3
1819,3,3,3
1820,3,3,3
1821,3,3,3
1822,3,3,3
1823,3,3,3
1824,3,3,2
1825,4,3,3
1826,4,3,3
1827,4,3,3
1828,4,3,3
1829,4,3,2
1830,4,3,2
1831,4,2,1
1832,4,3,3
1833,4,3,3
1834,4,3,3
1835,4,2,1
1836,4,3,2
1837,4,4,4
1838,4,4,4
1839,4,4,5
1840,4,4,5
1841,5,4,5
1842,4,4,4
1843,4,3,3
1844,4,4,5
1845,4,4,4
1846,4,4,3
1847,3,3,3
1848,4,4,4
1849,4,4,4
1850,4,4,4
1851,4,4,5
1852,5,4,5
1853,5,4,5
1854,5,4,5
1855,5,4,4
1856,5,4,5
1857,5,4,5
1858,5,4,5
1859,5,4,4
1860,5,4,5
1861,5,4,5
1862,5,4,4
1863,5,4,5
1864,5,4,5
1865,5,4,3
1866,4,4,4
1867,4,4,4
1868,5,4,4
1869,5,4,5
1870,5,4,4
1871,5,5,4
1872,6,6,8
1873,6,6,9
1874,6,6,8
1875,6,6,8
1876,6,6,10
1877,6,6,10
1878,6,6,10
1879,6,6,10
1880,6,6,10
1881,6,6,10
1882,6,6,10
1883,6,6,10
1884,6,6,10
1885,6,6,10
1886,6,6,10
1887,6,6,9
1888,6,6,10
1889,6,6,10
1890,6,6,10
1891,7,6,7
1892,7,6,7
1893,7,6,8
1894,7,6,9
1895,7,6,10
1896,7,6,10
1897,7,6,10
1898,7,6,10
1899,7,6,10
1900,7,6,10
1901,7,6,10
1902,7,6,10
1903,7,6,10
1904,7,6,10
1905,7,6,10
1906,7,7,11
1907,7,6,10
1908,7,6,10
1909,7,7,11
1910,7,6,10
1911,7,6,10
1912,7,6,9
1913,7,6,10
1914,7,6,10
1915,7,6,10
1916,7,7,9
1917,7,6,10
1918,7,6,9
1919,7,6,8
1920,7,6,10
1921,8,7,11
1922,7,7,12
1923,8,7,12
1924,7,7,12
1925,7,7,12
1926,7,7,12
1927,8,7,12
1928,8,7,12
1929,8,7,12
1930,8,7,12
1931,8,7,11
1932,8,7,11
1933,8,7,12
1934,8,7,11
1935,8,7,12
1936,8,7,12
1937,8,7,12
1938,8,7,12
1939,8,7,11
1940,8,7,12
1941,7,7,12
1942,8,7,12
1943,8,7,11
1944,8,7,11
1945,8,7,12
1946,8,7,11
1947,7,6,10
1948,7,7,11
1949,8,8,15
1950,8,8,14
1951,8,8,15
1952,8,8,15
1953,8,8,15
1954,8,8,14
1955,8,8,13
1956,7,7,12
1957,8,8,14
1958,8,8,15
1959,8,8,14
1960,8,8,15
1961,8,8,15
1962,8,8,13
1963,8,8,15
1964,8,8,15
1965,8,8,15
1966,8,8,15
1967,8,8,15
1968,8,8,15
1969,8,8,15
1970,8,8,15
1971,8,8,14
1972,8,8,15
1973,8,8,15
1974,8,8,14
1975,8,8,15
1976,8,8,15
1977,8,8,12
1978,8,8,13
1979,8,8,12
1980,8,8,14
1981,8,8,13
1982,8,8,14
1983,8,7,12
1984,8,7,12
1985,8,7,12
1986,8,7,12
1987,8,7,12
1988,8,8,13
1989,8,8,14
1990,8,8,14
1991,8,8,14
1992,8,8,14
1993,8,8,14
1994,8,8,13
1995,8,8,14
1996,8,8,13
1997,8,8,12
1998,8,8,12
1999,8,8,14
