0,0,0,0
1,1,0,0
2,1,0,0
3,2,0,0
4,2,0,0
5,1,0,0
6,2,0,0
7,2,2,1
8,2,0,0
9,1,0,0
10,1,0,0
11,2,0,0
12,2,0,0
13,2,0,0
14,2,0,0
15,2,0,0
16,3,0,0
17,3,0,0
18,3,0,0
19,3,0,0
20,3,2,1
21,3,0,0
22,2,0,0
23,2,0,0
24,2,0,0
25,2,0,0
26,2,0,0
27,2,0,0
28,2,0,0
29,2,0,0
30,2,0,0
31,2,0,0
32,1,0,0
33,1,0,0
34,1,0,0
35,1,0,0
36,1,0,0
37,1,0,0
38,1,0,0
39,1,0,0
40,1,0,0
41,1,0,0
42,1,0,0
43,1,0,0
44,1,0,0
45,1,0,0
46,1,0,0
47,1,0,0
48,1,0,0
49,1,0,0
50,2,0,0
51,2,0,0
52,2,0,0
53,2,0,0
54,2,0,0
55,2,0,0
56,2,0,0
57,1,0,0
58,1,0,0
59,1,0,0
60,1,0,0
61,1,0,0
62,1,0,0
63,1,0,0
64,1,0,0
65,1,0,0
66,0,0,0
67,2,0,0
68,2,0,0
69,1,0,0
70,1,0,0
71,2,0,0
72,2,0,0
73,2,0,0
74,1,0,0
75,1,0,0
76,2,0,0
77,2,0,0
78,2,0,0
79,2,0,0
80,2,0,0
81,2,0,0
82,2,0,0
83,2,0,0
84,3,0,0
85,3,0,0
86,2,2,1
87,3,0,0
88,3,0,0
89,3,0,0
90,3,0,0
91,3,0,0
92,3,0,0
93,3,0,0
94,3,0,0
95,3,0,0
96,4,0,0
97,3,0,0
98,3,0,0
99,3,0,0
100,3,0,0
101,3,2,1
102,3,0,0
103,2,0,0
104,1,0,0
105,1,0,0
106,2,0,0
107,2,0,0
108,2,0,0
109,3,0,0
110,3,0,0
111,3,0,0
112,2,0,0
113,2,0,0
114,2,0,0
115,3,0,0
116,2,0,0
117,2,0,0
118,2,0,0
119,2,0,0
120,2,0,0
121,3,0,0
122,3,0,0
123,2,0,0
124,2,0,0
125,2,0,0
126,2,0,0
127,2,0,0
128,2,0,0
129,3,0,0
130,2,0,0
131,3,0,0
132,3,0,0
133,3,0,0
134,3,0,0
135,3,2,1
136,2,0,0
137,2,0,0
138,2,0,0
139,2,0,0
140,2,0,0
141,2,0,0
142,2,0,0
143,2,0,0
144,2,0,0
145,2,0,0
146,2,0,0
147,2,0,0
148,2,0,0
149,1,0,0
150,1,0,0
151,1,0,0
152,1,0,0
153,1,0,0
154,1,0,0
155,1,0,0
156,1,0,0
157,1,0,0
158,1,0,0
159,1,0,0
160,1,0,0
161,1,0,0
162,2,0,0
163,1,0,0
164,1,0,0
165,1,0,0
166,1,0,0
167,2,0,0
168,3,0,0
169,2,0,0
170,3,0,0
171,3,0,0
172,2,0,0
173,2,0,0
174,3,0,0
175,2,0,0
176,2,0,0
177,3,0,0
178,3,0,0
179,2,0,0
180,2,0,0
181,2,0,0
182,2,0,0
183,2,0,0
184,2,0,0
185,3,0,0
186,3,0,0
187,3,0,0
188,3,0,0
189,3,0,0
190,3,0,0
191,3,0,0
192,3,0,0
193,2,0,0
194,2,0,0
195,2,0,0
196,2,0,0
197,3,0,0
198,2,0,0
199,2,0,0
200,2,0,0
201,2,0,0
202,3,0,0
203,3,2,1
204,3,0,0
205,2,0,0
206,2,0,0
207,2,0,0
208,2,0,0
209,2,0,0
210,2,0,0
211,1,0,0
212,1,0,0
213,1,0,0
214,1,0,0
215,1,0,0
216,2,0,0
217,2,0,0
218,2,0,0
219,2,0,0
220,2,0,0
221,2,0,0
222,2,0,0
223,2,0,0
224,2,0,0
225,2,2,1
226,2,2,1
227,2,0,0
228,2,0,0
229,3,0,0
230,2,0,0
231,2,0,0
232,2,0,0
233,2,0,0
234,2,0,0
235,2,0,0
236,3,0,0
237,3,0,0
238,1,0,0
239,1,0,0
240,1,0,0
241,2,0,0
242,2,0,0
243,1,0,0
244,1,0,0
245,1,0,0
246,0,0,0
247,0,0,0
248,1,0,0
249,1,0,0
250,1,0,0
251,1,0,0
252,1,0,0
253,2,0,0
254,1,0,0
255,2,0,0
256,2,0,0
257,2,0,0
258,2,0,0
259,3,0,0
260,2,0,0
261,2,0,0
262,2,0,0
263,3,0,0
264,3,0,0
265,3,2,1
266,3,0,0
267,2,0,0
268,2,0,0
269,2,0,0
270,2,0,0
271,2,0,0
272,2,0,0
273,2,0,0
274,1,0,0
275,1,0,0
276,1,0,0
277,1,0,0
278,1,0,0
279,1,0,0
280,2,0,0
281,2,0,0
282,3,0,0
283,3,0,0
284,2,0,0
285,3,0,0
286,3,0,0
287,3,0,0
288,3,0,0
289,3,0,0
290,3,0,0
291,2,0,0
292,2,0,0
293,2,0,0
294,2,0,0
295,3,0,0
296,2,0,0
297,2,0,0
298,2,0,0
299,2,0,0
300,2,0,0
301,2,0,0
302,2,0,0
303,2,0,0
304,2,0,0
305,2,0,0
306,2,0,0
307,1,0,0
308,2,0,0
309,2,0,0
310,2,0,0
311,2,0,0
312,2,0,0
313,1,0,0
314,1,0,0
315,2,0,0
316,2,0,0
317,1,0,0
318,1,0,0
319,2,0,0
320,1,0,0
321,2,0,0
322,2,0,0
323,2,0,0
324,3,0,0
325,2,0,0
326,2,0,0
327,2,0,0
328,2,0,0
329,1,0,0
330,1,0,0
331,1,0,0
332,1,0,0
333,1,0,0
334,1,0,0
335,1,0,0
336,2,0,0
337,2,0,0
338,2,0,0
339,1,0,0
340,2,0,0
341,2,0,0
342,2,0,0
343,2,0,0
344,1,0,0
345,1,0,0
346,1,0,0
347,2,0,0
348,1,0,0
349,2,0,0
350,2,0,0
351,2,0,0
352,1,0,0
353,1,0,0
354,1,0,0
355,1,0,0
356,3,0,0
357,3,0,0
358,2,0,0
359,2,0,0
360,2,0,0
361,2,0,0
362,2,0,0
363,2,0,0
364,2,0,0
365,2,0,0
366,2,0,0
367,2,0,0
368,2,0,0
369,2,0,0
370,2,2,1
371,2,2,1
372,2,0,0
373,2,0,0
374,2,0,0
375,3,0,0
376,2,0,0
377,2,0,0
378,1,0,0
379,2,0,0
380,3,0,0
381,2,0,0
382,1,0,0
383,1,0,0
384,2,0,0
385,1,0,0
386,2,0,0
387,2,0,0
388,2,0,0
389,2,0,0
390,2,0,0
391,3,0,0
392,2,0,0
393,2,0,0
394,2,0,0
395,1,0,0
396,1,0,0
397,1,0,0
398,2,0,0
399,2,0,0
400,2,0,0
401,2,0,0
402,2,0,0
403,2,0,0
404,2,0,0
405,2,0,0
406,2,0,0
407,2,0,0
408,2,0,0
409,2,0,0
410,3,0,0
411,4,0,0
412,3,2,1
413,3,2,1
414,3,2,1
415,3,2,1
416,3,0,0
417,3,0,0
418,3,0,0
419,2,0,0
420,2,2,1
421,2,0,0
422,2,0,0
423,2,0,0
424,2,0,0
425,2,0,0
426,2,0,0
427,2,0,0
428,1,0,0
429,1,0,0
430,2,0,0
431,2,0,0
432,3,0,0
433,2,0,0
434,2,0,0
435,2,0,0
436,2,0,0
437,3,0,0
438,1,0,0
439,2,0,0
440,4,0,0
441,3,0,0
442,4,0,0
443,4,2,1
444,4,0,0
445,4,0,0
446,2,0,0
447,2,0,0
448,2,0,0
449,2,0,0
450,2,0,0
451,2,0,0
452,2,0,0
453,2,0,0
454,2,0,0
455,2,0,0
456,2,0,0
457,3,0,0
458,2,0,0
459,2,0,0
460,2,0,0
461,2,0,0
462,2,0,0
463,2,0,0
464,3,0,0
465,2,0,0
466,2,0,0
467,2,0,0
468,2,0,0
469,2,0,0
470,2,0,0
471,2,0,0
472,2,0,0
473,2,0,0
474,4,0,0
475,3,0,0
476,3,0,0
477,3,0,0
478,3,2,1
479,3,0,0
480,4,0,0
481,3,0,0
482,3,0,0
483,3,0,0
484,3,0,0
485,3,0,0
486,3,0,0
487,4,3,2
488,4,0,0
489,4,0,0
490,4,0,0
491,4,0,0
492,3,0,0
493,5,0,0
494,5,0,0
495,4,0,0
496,4,0,0
497,4,0,0
498,4,0,0
499,4,0,0
500,4,0,0
501,3,0,0
502,3,0,0
503,4,0,0
504,3,2,1
505,3,0,0
506,3,0,0
507,3,0,0
508,3,2,1
509,3,0,0
510,2,0,0
511,2,0,0
512,3,0,0
513,2,0,0
514,1,0,0
515,2,0,0
516,2,0,0
517,2,0,0
518,1,0,0
519,1,0,0
520,2,0,0
521,3,0,0
522,2,0,0
523,2,0,0
524,2,0,0
525,2,0,0
526,2,0,0
527,2,0,0
528,3,0,0
529,3,0,0
530,2,0,0
531,3,0,0
532,3,0,0
533,3,0,0
534,3,0,0
535,3,0,0
536,3,2,1
537,2,0,0
538,3,0,0
539,2,0,0
540,2,0,0
541,2,0,0
542,2,0,0
543,2,0,0
544,2,0,0
545,2,0,0
546,2,0,0
547,2,0,0
548,2,0,0
549,2,0,0
550,2,0,0
551,2,0,0
552,2,0,0
553,2,0,0
554,2,0,0
555,2,0,0
556,2,0,0
557,2,0,0
558,3,0,0
559,2,0,0
560,2,0,0
561,3,0,0
562,3,0,0
563,3,0,0
564,2,0,0
565,3,0,0
566,2,0,0
567,2,0,0
568,2,0,0
569,2,2,1
570,2,2,1
571,3,2,1
572,3,2,1
573,4,0,0
574,3,0,0
575,3,0,0
576,2,0,0
577,2,2,1
578,2,2,1
579,2,0,0
580,2,0,0
581,2,0,0
582,2,0,0
583,2,0,0
584,2,0,0
585,2,0,0
586,2,0,0
587,2,0,0
588,1,0,0
589,1,0,0
590,1,0,0
591,1,0,0
592,1,0,0
593,1,0,0
594,1,0,0
595,1,0,0
596,1,0,0
597,1,0,0
598,1,0,0
599,1,0,0
600,1,0,0
601,1,0,0
602,1,0,0
603,1,0,0
604,1,0,0
605,1,0,0
606,1,0,0
607,1,0,0
608,2,0,0
609,2,0,0
610,3,0,0
611,2,0,0
612,2,0,0
613,1,0,0
614,1,0,0
615,1,0,0
616,1,0,0
617,1,0,0
618,2,0,0
619,3,0,0
620,2,0,0
621,2,0,0
622,2,0,0
623,2,0,0
624,2,0,0
625,1,0,0
626,1,0,0
627,1,0,0
628,1,0,0
629,1,0,0
630,1,0,0
631,1,0,0
632,1,0,0
633,2,0,0
634,1,0,0
635,1,0,0
636,2,0,0
637,2,0,0
638,2,0,0
639,2,0,0
640,2,0,0
641,2,0,0
642,2,0,0
643,2,0,0
644,2,0,0
645,2,0,0
646,2,0,0
647,2,0,0
648,2,0,0
649,2,0,0
650,2,0,0
651,2,0,0
652,2,0,0
653,2,0,0
654,1,0,0
655,1,0,0
656,1,0,0
657,1,0,0
658,1,0,0
659,1,0,0
660,3,0,0
661,3,0,0
662,2,0,0
663,2,0,0
664,1,0,0
665,1,0,0
666,1,0,0
667,1,0,0
668,1,0,0
669,1,0,0
670,2,0,0
671,2,0,0
672,2,0,0
673,2,0,0
674,2,0,0
675,2,0,0
676,2,0,0
677,2,0,0
678,2,0,0
679,2,0,0
680,2,0,0
681,2,0,0
682,2,0,0
683,2,0,0
684,2,0,0
685,2,0,0
686,3,0,0
687,2,0,0
688,2,0,0
689,2,0,0
690,2,0,0
691,2,0,0
692,2,0,0
693,2,0,0
694,2,0,0
695,2,0,0
696,2,0,0
697,2,0,0
698,2,0,0
699,2,0,0
700,2,2,1
701,2,2,1
702,3,0,0
703,3,0,0
704,4,0,0
705,3,0,0
706,2,0,0
707,2,0,0
708,2,0,0
709,2,0,0
710,2,0,0
711,2,0,0
712,2,0,0
713,2,0,0
714,3,0,0
715,2,0,0
716,2,0,0
717,3,0,0
718,2,0,0
719,1,0,0
720,1,0,0
721,1,0,0
722,1,0,0
723,1,0,0
724,1,0,0
725,1,0,0
726,1,0,0
727,1,0,0
728,1,0,0
729,1,0,0
730,1,0,0
731,1,0,0
732,1,0,0
733,1,0,0
734,1,0,0
735,2,0,0
736,2,0,0
737,2,0,0
738,3,0,0
739,3,0,0
740,3,2,1
741,3,3,2
742,3,3,2
743,3,3,2
744,3,3,2
745,3,0,0
746,3,0,0
747,3,0,0
748,3,0,0
749,3,2,1
750,3,0,0
751,3,0,0
752,3,0,0
753,3,0,0
754,3,0,0
755,4,0,0
756,4,2,1
757,4,0,0
758,4,0,0
759,3,0,0
760,3,0,0
761,3,0,0
762,2,0,0
763,3,0,0
764,2,0,0
765,2,2,1
766,2,0,0
767,2,0,0
768,3,0,0
769,3,0,0
770,2,0,0
771,3,0,0
772,3,0,0
773,2,0,0
774,2,0,0
775,2,0,0
776,3,0,0
777,3,0,0
778,3,0,0
779,3,0,0
780,3,0,0
781,3,0,0
782,2,0,0
783,2,0,0
784,2,0,0
785,2,0,0
786,2,0,0
787,2,0,0
788,2,0,0
789,2,0,0
790,2,0,0
791,2,0,0
792,2,0,0
793,2,0,0
794,1,0,0
795,1,0,0
796,1,0,0
797,1,0,0
798,1,0,0
799,1,0,0
800,1,0,0
801,1,0,0
802,1,0,0
803,2,0,0
804,2,0,0
805,3,0,0
806,3,0,0
807,3,0,0
808,3,0,0
809,3,0,0
810,3,0,0
811,3,0,0
812,3,0,0
813,3,0,0
814,3,0,0
815,4,0,0
816,3,2,1
817,4,0,0
818,5,0,0
819,3,0,0
820,4,0,0
821,4,0,0
822,4,0,0
823,4,0,0
824,5,0,0
825,5,0,0
826,5,0,0
827,5,2,1
828,5,2,1
829,4,2,1
830,4,2,1
831,4,2,1
832,4,0,0
833,4,2,1
834,4,0,0
835,4,0,0
836,3,0,0
837,3,0,0
838,2,0,0
839,2,0,0
840,2,0,0
841,3,0,0
842,2,0,0
843,2,0,0
844,2,0,0
845,2,0,0
846,2,0,0
847,2,0,0
848,2,0,0
849,2,0,0
850,1,0,0
851,1,0,0
852,2,0,0
853,1,0,0
854,2,0,0
855,1,0,0
856,1,0,0
857,1,0,0
858,1,0,0
859,1,0,0
860,1,0,0
861,1,0,0
862,1,0,0
863,1,0,0
864,1,0,0
865,1,0,0
866,1,0,0
867,1,0,0
868,1,0,0
869,1,0,0
870,2,0,0
871,2,0,0
872,1,0,0
873,2,0,0
874,1,0,0
875,1,0,0
876,1,0,0
877,2,0,0
878,2,0,0
879,2,0,0
880,2,0,0
881,2,0,0
882,2,0,0
883,2,0,0
884,2,0,0
885,3,2,1
886,2,0,0
887,2,2,1
888,2,0,0
889,2,0,0
890,1,0,0
891,1,0,0
892,1,0,0
893,2,0,0
894,2,0,0
895,1,0,0
896,1,0,0
897,1,0,0
898,1,0,0
899,1,0,0
900,1,0,0
901,1,0,0
902,1,0,0
903,1,0,0
904,1,0,0
905,1,0,0
906,2,0,0
907,2,0,0
908,2,0,0
909,2,0,0
910,2,0,0
911,2,0,0
912,2,0,0
913,1,0,0
914,1,0,0
915,1,0,0
916,2,0,0
917,2,0,0
918,1,0,0
919,1,0,0
920,2,0,0
921,2,0,0
922,2,0,0
923,3,0,0
924,2,0,0
925,2,0,0
926,2,0,0
927,2,0,0
928,2,0,0
929,2,0,0
930,2,0,0
931,2,0,0
932,2,0,0
933,2,0,0
934,2,0,0
935,2,0,0
936,2,0,0
937,3,0,0
938,3,2,1
939,3,0,0
940,3,0,0
941,3,0,0
942,3,0,0
943,3,0,0
944,3,0,0
945,3,0,0
946,3,0,0
947,3,0,0
948,2,0,0
949,2,0,0
950,2,0,0
951,2,0,0
952,2,0,0
953,2,0,0
954,2,0,0
955,2,0,0
956,2,0,0
957,2,0,0
958,2,0,0
959,2,0,0
960,2,0,0
961,2,0,0
962,2,0,0
963,2,0,0
964,2,0,0
965,2,0,0
966,2,0,0
967,2,0,0
968,2,0,0
969,2,0,0
970,2,0,0
971,1,0,0
972,1,0,0
973,1,0,0
974,1,0,0
975,1,0,0
976,1,0,0
977,1,0,0
978,1,0,0
979,1,0,0
980,1,0,0
981,1,0,0
982,1,0,0
983,1,0,0
984,1,0,0
985,2,0,0
986,1,0,0
987,1,0,0
988,1,0,0
989,1,0,0
990,2,0,0
991,2,0,0
992,2,0,0
993,2,0,0
994,2,0,0
995,2,0,0
996,2,0,0
997,2,0,0
998,2,0,0
999,2,0,0
1000,2,2,1
1001,2,2,1
1002,2,2,1
1003,2,0,0
1004,2,0,0
1005,2,0,0
1006,2,0,0
1007,2,0,0
1008,3,0,0
1009,3,0,0
1010,2,0,0
1011,2,0,0
1012,2,0,0
1013,3,0,0
1014,3,0,0
1015,3,0,0
1016,3,0,0
1017,3,0,0
1018,3,0,0
1019,3,0,0
1020,3,2,1
1021,3,0,0
1022,3,0,0
1023,3,0,0
1024,3,0,0
1025,4,0,0
1026,3,0,0
1027,2,0,0
1028,3,0,0
1029,3,0,0
1030,3,0,0
1031,3,3,2
1032,3,3,2
1033,3,0,0
1034,2,0,0
1035,3,0,0
1036,3,0,0
1037,3,2,1
1038,2,2,1
1039,2,2,1
1040,3,0,0
1041,4,0,0
1042,3,2,1
1043,3,0,0
1044,3,2,1
1045,4,0,0
1046,3,0,0
1047,3,2,1
1048,2,0,0
1049,2,0,0
1050,1,0,0
1051,2,0,0
1052,1,0,0
1053,1,0,0
1054,1,0,0
1055,1,0,0
1056,1,0,0
1057,1,0,0
1058,1,0,0
1059,1,0,0
1060,1,0,0
1061,1,0,0
1062,1,0,0
1063,2,0,0
1064,3,0,0
1065,3,0,0
1066,3,2,1
1067,2,0,0
1068,3,0,0
1069,3,0,0
1070,3,0,0
1071,3,0,0
1072,3,0,0
1073,3,0,0
1074,3,0,0
1075,3,0,0
1076,3,0,0
1077,3,0,0
1078,4,2,1
1079,4,2,1
1080,3,2,1
1081,3,2,1
1082,3,2,1
1083,3,0,0
1084,3,0,0
1085,4,0,0
1086,3,0,0
1087,3,0,0
1088,3,0,0
1089,3,0,0
1090,3,0,0
1091,3,0,0
1092,3,2,1
1093,3,0,0
1094,3,0,0
1095,3,2,1
1096,3,2,1
1097,3,0,0
1098,3,0,0
1099,3,0,0
1100,3,0,0
1101,3,2,1
1102,2,0,0
1103,2,0,0
1104,3,2,1
1105,3,0,0
1106,3,0,0
1107,2,0,0
1108,2,0,0
1109,3,0,0
1110,3,0,0
1111,3,0,0
1112,2,0,0
1113,2,0,0
1114,2,0,0
1115,2,0,0
1116,2,0,0
1117,2,0,0
1118,2,0,0
1119,3,0,0
1120,2,0,0
1121,2,0,0
1122,2,0,0
1123,2,0,0
1124,2,0,0
1125,2,0,0
1126,3,0,0
1127,3,0,0
1128,4,0,0
1129,3,0,0
1130,4,0,0
1131,4,0,0
1132,4,0,0
1133,4,0,0
1134,4,0,0
1135,4,0,0
1136,5,2,1
1137,5,0,0
1138,4,2,1
1139,1,0,0
1140,1,0,0
1141,2,0,0
1142,2,0,0
1143,3,0,0
1144,3,0,0
1145,3,0,0
1146,3,0,0
1147,3,2,1
1148,3,0,0
1149,2,0,0
1150,2,0,0
1151,2,0,0
1152,3,0,0
1153,3,0,0
1154,3,0,0
1155,3,0,0
1156,3,0,0
1157,3,0,0
1158,3,0,0
1159,3,0,0
1160,3,0,0
1161,3,0,0
1162,3,0,0
1163,3,0,0
1164,3,0,0
1165,3,0,0
1166,2,0,0
1167,2,0,0
1168,3,0,0
1169,3,0,0
1170,2,0,0
1171,1,0,0
1172,2,0,0
1173,2,0,0
1174,3,0,0
1175,3,0,0
1176,3,0,0
1177,3,0,0
1178,3,0,0
1179,2,0,0
1180,2,0,0
1181,2,0,0
1182,2,2,1
1183,2,2,1
1184,2,2,1
1185,2,2,1
1186,2,2,1
1187,2,2,1
1188,2,0,0
1189,2,0,0
1190,2,0,0
1191,2,0,0
1192,2,0,0
1193,2,0,0
1194,2,0,0
1195,3,0,0
1196,3,0,0
1197,3,0,0
1198,3,0,0
1199,3,0,0
1200,3,0,0
1201,3,2,1
1202,3,2,1
1203,3,2,1
1204,3,0,0
1205,3,0,0
1206,3,0,0
1207,3,0,0
1208,3,0,0
1209,2,0,0
1210,2,0,0
1211,2,0,0
1212,2,0,0
1213,2,2,1
1214,2,0,0
1215,3,2,1
1216,3,0,0
1217,3,0,0
1218,3,0,0
1219,3,0,0
1220,3,0,0
1221,3,0,0
1222,3,0,0
1223,2,0,0
1224,2,0,0
1225,2,0,0
1226,2,0,0
1227,3,0,0
1228,2,0,0
1229,2,0,0
1230,2,0,0
1231,2,0,0
1232,2,0,0
1233,1,0,0
1234,1,0,0
1235,1,0,0
1236,1,0,0
1237,1,0,0
1238,2,0,0
1239,1,0,0
1240,1,0,0
1241,1,0,0
1242,1,0,0
1243,1,0,0
1244,2,0,0
1245,1,0,0
1246,1,0,0
1247,1,0,0
1248,2,0,0
1249,1,0,0
1250,1,0,0
1251,1,0,0
1252,1,0,0
1253,1,0,0
1254,1,0,0
1255,1,0,0
1256,1,0,0
1257,1,0,0
1258,1,0,0
1259,1,0,0
1260,1,0,0
1261,1,0,0
1262,2,0,0
1263,1,0,0
1264,1,0,0
1265,1,0,0
1266,1,0,0
1267,1,0,0
1268,1,0,0
1269,3,0,0
1270,2,0,0
1271,2,2,1
1272,2,0,0
1273,3,0,0
1274,3,0,0
1275,3,0,0
1276,3,0,0
1277,3,0,0
1278,3,3,2
1279,2,0,0
1280,2,0,0
1281,2,0,0
1282,2,0,0
1283,2,0,0
1284,2,0,0
1285,2,0,0
1286,3,0,0
1287,2,0,0
1288,2,0,0
1289,2,0,0
1290,3,0,0
1291,2,0,0
1292,2,0,0
1293,2,0,0
1294,2,0,0
1295,2,0,0
1296,2,0,0
1297,2,0,0
1298,2,0,0
1299,2,0,0
1300,1,0,0
1301,1,0,0
1302,1,0,0
1303,2,0,0
1304,2,0,0
1305,3,0,0
1306,3,0,0
1307,3,0,0
1308,3,0,0
1309,3,0,0
1310,3,0,0
1311,3,0,0
1312,3,0,0
1313,3,0,0
1314,3,0,0
1315,3,0,0
1316,3,0,0
1317,3,0,0
1318,3,0,0
1319,3,0,0
1320,3,0,0
1321,3,0,0
1322,4,0,0
1323,4,0,0
1324,4,0,0
1325,4,0,0
1326,4,0,0
1327,4,2,1
1328,4,2,1
1329,4,2,1
1330,4,2,1
1331,4,0,0
1332,4,0,0
1333,4,0,0
1334,4,0,0
1335,4,0,0
1336,4,0,0
1337,4,0,0
1338,4,0,0
1339,4,0,0
1340,5,0,0
1341,4,0,0
1342,4,0,0
1343,4,0,0
1344,4,2,1
1345,3,2,1
1346,4,3,3
1347,4,2,1
1348,4,2,1
1349,4,2,1
1350,4,3,2
1351,4,3,2
1352,4,3,3
1353,4,3,3
1354,4,3,3
1355,4,3,3
1356,4,3,3
1357,4,3,3
1358,4,3,3
1359,3,3,3
1360,3,3,2
1361,3,3,2
1362,3,3,2
1363,3,3,3
1364,3,3,2
1365,3,3,2
1366,3,3,2
1367,3,3,2
1368,3,3,3
1369,3,3,2
1370,3,3,2
1371,3,3,2
1372,3,2,1
1373,3,3,2
1374,3,3,2
1375,3,3,2
1376,3,3,2
1377,3,3,2
1378,3,3,2
1379,3,3,3
1380,3,3,2
1381,3,3,2
1382,3,3,2
1383,3,3,3
1384,3,3,3
1385,3,3,3
1386,3,3,3
1387,3,3,2
1388,3,3,2
1389,3,2,1
1390,4,3,2
1391,3,0,0
1392,3,0,0
1393,2,0,0
1394,3,0,0
1395,3,0,0
1396,2,0,0
1397,2,0,0
1398,2,0,0
1399,2,0,0
1400,2,0,0
1401,2,0,0
1402,2,0,0
1403,2,0,0
1404,2,0,0
1405,2,0,0
1406,2,2,1
1407,2,2,1
1408,2,0,0
1409,2,0,0
1410,2,0,0
1411,2,0,0
1412,3,0,0
1413,3,0,0
1414,3,0,0
1415,3,0,0
1416,4,0,0
1417,4,0,0
1418,4,0,0
1419,4,0,0
1420,4,0,0
1421,4,0,0
1422,4,0,0
1423,4,3,2
1424,4,0,0
1425,4,0,0
1426,4,2,1
1427,3,2,1
1428,3,2,1
1429,4,3,2
1430,4,0,0
1431,3,0,0
1432,3,0,0
1433,3,0,0
1434,3,0,0
1435,3,0,0
1436,3,0,0
1437,3,0,0
1438,3,0,0
1439,3,0,0
1440,3,2,1
1441,3,2,1
1442,3,0,0
1443,3,0,0
1444,3,0,0
1445,3,2,1
1446,3,2,1
1447,3,2,1
1448,4,3,2
1449,4,3,3
1450,4,2,1
1451,4,2,1
1452,2,2,1
1453,3,3,2
1454,3,3,2
1455,3,3,3
1456,3,3,2
1457,3,3,3
1458,3,3,2
1459,3,0,0
1460,3,0,0
1461,3,2,1
1462,3,2,1
1463,2,2,1
1464,2,2,1
1465,2,0,0
1466,2,0,0
1467,2,0,0
1468,2,0,0
1469,2,0,0
1470,2,0,0
1471,2,0,0
1472,3,2,1
1473,3,0,0
1474,3,0,0
1475,3,0,0
1476,3,0,0
1477,3,0,0
1478,3,3,2
1479,3,3,3
1480,3,3,3
1481,3,3,3
1482,3,3,2
1483,3,3,2
1484,3,3,3
1485,3,3,2
1486,3,3,3
1487,3,3,3
1488,3,3,3
1489,3,3,2
1490,3,3,2
1491,3,3,2
1492,3,3,2
1493,3,3,3
1494,3,3,3
1495,4,3,2
1496,4,3,3
1497,4,4,4
1498,4,4,5
1499,4,4,5
1500,4,4,4
1501,4,4,5
1502,4,4,5
1503,5,4,4
1504,5,4,5
1505,5,4,5
1506,6,4,5
1507,6,4,5
1508,6,4,5
1509,5,4,5
1510,5,4,5
1511,5,4,5
1512,5,4,5
1513,5,4,5
1514,5,4,5
1515,4,4,5
1516,5,4,5
1517,4,4,4
1518,4,4,4
1519,4,4,4
1520,4,4,4
1521,4,4,4
1522,4,4,5
1523,4,4,4
1524,5,4,5
1525,4,4,5
1526,4,4,5
1527,4,4,5
1528,4,4,3
1529,3,2,1
1530,3,3,3
1531,3,3,3
1532,4,4,5
1533,4,4,5
1534,4,4,5
1535,4,4,5
1536,4,4,5
1537,4,4,4
1538,4,4,5
1539,4,4,4
1540,4,4,4
1541,4,4,5
1542,4,4,4
1543,4,4,3
1544,4,4,4
1545,3,3,2
1546,3,0,0
1547,3,2,1
1548,4,3,2
1549,4,3,3
1550,4,4,3
1551,5,3,3
1552,4,3,3
1553,5,4,3
1554,5,3,2
1555,5,4,4
1556,4,3,2
1557,5,4,4
1558,5,3,2
1559,5,4,5
1560,4,3,3
1561,6,4,4
1562,6,4,4
1563,5,3,3
1564,6,4,5
1565,6,4,5
1566,6,4,4
1567,5,4,3
1568,5,4,5
1569,5,4,5
1570,5,4,5
1571,5,4,5
1572,5,4,5
1573,5,4,4
1574,5,3,2
1575,5,4,4
1576,6,4,4
1577,6,4,3
1578,6,4,5
1579,5,4,3
1580,5,4,4
1581,5,5,7
1582,5,5,5
1583,5,5,7
1584,6,5,5
1585,5,5,7
1586,5,5,6
1587,4,4,4
1588,5,5,7
1589,5,5,7
1590,5,5,6
1591,5,5,6
1592,5,5,7
1593,5,5,7
1594,5,5,7
1595,5,5,7
1596,5,5,7
1597,5,5,7
1598,6,6,8
1599,6,6,10
1600,6,6,10
1601,6,6,9
1602,6,6,10
1603,6,6,10
1604,6,6,9
1605,6,6,10
1606,6,6,9
1607,6,6,9
1608,6,6,10
1609,6,6,10
1610,6,6,10
1611,6,6,10
1612,6,6,10
1613,6,6,10
1614,6,6,10
1615,6,6,10
1616,6,6,9
1617,7,6,8
1618,7,7,11
1619,7,6,10
1620,7,6,10
1621,6,6,10
1622,8,6,10
1623,8,6,10
1624,8,6,10
1625,8,7,9
1626,7,6,10
1627,8,7,11
1628,8,7,10
1629,8,7,11
1630,8,7,10
1631,8,7,10
1632,8,7,11
1633,8,7,12
1634,8,7,12
1635,7,7,12
1636,7,7,12
1637,7,7,12
1638,7,7,12
1639,7,7,12
1640,7,7,12
1641,7,7,12
1642,7,6,10
1643,7,6,10
1644,7,6,9
1645,7,6,8
1646,6,6,10
1647,6,6,10
1648,6,6,10
1649,6,6,9
1650,6,6,10
1651,6,6,10
1652,6,6,10
1653,6,6,10
1654,6,6,9
1655,6,6,10
1656,7,6,10
1657,6,6,10
1658,6,6,10
1659,7,6,10
1660,6,6,10
1661,6,6,10
1662,6,6,10
1663,7,6,10
1664,7,6,10
1665,7,6,10
1666,7,6,10
1667,7,6,10
1668,7,7,11
1669,7,7,12
1670,7,7,12
1671,7,7,12
1672,7,7,11
1673,7,7,12
1674,7,6,9
1675,7,6,10
1676,7,6,10
1677,7,6,9
1678,7,6,9
1679,7,6,10
1680,7,6,10
1681,7,6,9
1682,7,6,10
1683,7,6,10
1684,7,6,10
1685,7,6,9
1686,7,6,10
1687,6,6,10
1688,6,6,10
1689,6,6,10
1690,6,6,10
1691,6,6,10
1692,6,6,9
1693,6,6,10
1694,6,6,9
1695,6,6,9
1696,6,6,9
1697,7,7,12
1698,7,7,12
1699,7,7,12
1700,7,7,12
1701,7,7,12
1702,7,7,11
1703,7,7,12
1704,7,7,12
1705,7,7,12
1706,7,7,12
1707,7,7,12
1708,7,7,12
1709,7,7,12
1710,7,7,12
1711,7,7,12
1712,7,7,12
1713,7,7,12
1714,7,7,12
1715,7,7,12
1716,7,7,12
1717,7,7,12
1718,7,7,12
1719,7,7,12
1720,7,7,12
1721,7,7,12
1722,7,7,12
1723,7,7,12
1724,7,7,12
1725,7,7,12
1726,7,7,12
1727,7,7,12
1728,7,7,12
1729,7,7,12
1730,7,7,12
1731,7,7,12
1732,7,7,12
1733,7,7,11
1734,7,7,11
1735,7,6,9
1736,8,7,10
1737,7,7,12
1738,7,7,12
1739,7,7,12
1740,7,7,12
1741,7,7,12
1742,7,7,11
1743,7,7,12
1744,7,7,12
1745,7,6,10
1746,7,7,12
1747,7,7,12
1748,7,7,12
1749,7,7,12
1750,7,7,12
1751,7,7,12
1752,7,7,12
1753,7,7,12
1754,7,7,12
1755,7,7,12
1756,7,7,11
1757,7,7,12
1758,7,7,12
1759,7,7,12
1760,7,7,12
1761,7,7,12
1762,7,7,12
1763,7,7,12
1764,7,7,12
1765,7,7,12
1766,7,7,12
1767,7,7,12
1768,7,7,12
1769,7,7,12
1770,7,7,11
1771,7,7,12
1772,7,7,10
1773,7,7,12
1774,7,7,12
1775,6,6,10
1776,7,7,12
1777,7,7,12
1778,7,7,10
1779,7,7,12
1780,7,7,12
1781,7,7,11
1782,7,7,12
1783,7,7,12
1784,7,7,12
1785,7,7,12
1786,7,7,11
1787,6,6,10
1788,6,6,10
1789,7,7,10
1790,7,7,12
1791,7,7,10
1792,7,7,12
1793,7,7,12
1794,7,7,12
1795,7,7,12
1796,7,7,12
1797,7,7,11
1798,6,6,10
1799,7,7,11
1800,7,6,10
1801,6,6,10
1802,6,6,10
1803,6,6,10
1804,6,6,10
1805,6,6,10
1806,6,6,9
1807,6,6,9
1808,6,6,10
1809,6,6,10
1810,6,6,10
1811,6,6,10
1812,6,6,10
1813,6,6,10
1814,6,6,10
1815,6,6,10
1816,7,6,10
1817,7,7,11
1818,6,6,9
1819,7,6,10
1820,7,6,10
1821,7,6,10
1822,7,6,10
1823,7,6,9
1824,7,6,9
1825,7,6,9
1826,7,6,10
1827,7,6,10
1828,7,6,10
1829,7,6,9
1830,7,6,10
1831,7,6,10
1832,7,6,10
1833,7,6,10
1834,7,6,9
1835,7,6,8
1836,6,6,9
1837,7,6,8
1838,6,6,9
1839,6,6,10
1840,6,6,10
1841,6,6,9
1842,6,6,10
1843,6,6,10
1844,6,6,10
1845,6,6,10
1846,6,6,10
1847,6,6,9
1848,6,6,10
1849,6,6,10
1850,6,6,10
1851,6,6,10
1852,6,6,10
1853,6,6,10
1854,6,6,9
1855,6,6,10
1856,6,6,9
1857,6,6,10
1858,6,6,7
1859,6,6,9
1860,6,6,8
1861,6,6,8
1862,6,6,10
1863,6,6,7
1864,6,6,8
1865,6,6,6
1866,6,6,8
1867,6,5,6
1868,6,6,9
1869,6,6,7
1870,6,6,10
1871,6,6,9
1872,6,6,9
1873,6,6,9
1874,6,6,10
1875,6,6,10
1876,6,6,10
1877,6,6,10
1878,6,6,10
1879,6,6,9
1880,6,6,10
1881,6,6,10
1882,6,6,10
1883,6,6,10
1884,6,6,10
1885,6,6,9
1886,6,6,8
1887,6,6,9
1888,7,7,11
1889,7,7,12
1890,7,7,11
1891,7,7,11
1892,7,7,12
1893,7,7,12
1894,7,7,12
1895,7,7,11
1896,7,7,12
1897,7,7,11
1898,7,7,12
1899,7,7,12
1900,7,7,12
1901,7,7,12
1902,7,7,12
1903,7,7,12
1904,7,7,12
1905,7,7,11
1906,7,7,11
1907,7,7,11
1908,7,7,10
1909,7,6,10
1910,7,6,10
1911,7,6,10
1912,7,7,12
1913,7,7,12
1914,7,7,12
1915,7,7,12
1916,7,7,12
1917,7,7,12
1918,7,7,12
1919,7,7,12
1920,7,7,12
1921,6,6,10
1922,6,6,10
1923,6,6,10
1924,6,6,10
1925,7,6,10
1926,6,6,10
1927,6,6,10
1928,6,6,10
1929,6,6,10
1930,6,6,9
1931,6,6,9
1932,6,6,9
1933,6,6,9
1934,6,6,9
1935,6,6,10
1936,6,6,10
1937,6,6,9
1938,6,6,10
1939,6,6,10
1940,6,6,10
1941,6,6,10
1942,6,6,10
1943,6,6,10
1944,6,6,10
1945,6,6,10
1946,6,6,9
1947,6,6,10
1948,6,6,10
1949,6,6,9
1950,6,6,10
1951,6,6,10
1952,7,6,10
1953,7,6,10
1954,7,6,10
1955,7,6,10
1956,6,6,10
1957,6,6,10
1958,6,6,10
1959,6,6,10
1960,6,6,10
1961,6,6,10
1962,6,6,10
1963,6,6,10
1964,6,6,9
1965,6,6,10
1966,6,6,10
1967,6,6,10
1968,6,6,10
1969,6,6,10
1970,6,6,10
1971,6,6,10
1972,6,6,10
1973,6,6,10
1974,6,6,10
1975,6,6,9
1976,6,6,9
1977,6,6,10
1978,6,6,10
1979,6,6,10
1980,6,6,10
1981,6,6,10
1982,6,6,10
1983,6,6,10
1984,6,6,10
1985,6,6,10
1986,6,6,9
1987,6,6,10
1988,6,6,10
1989,6,6,10
1990,6,6,9
1991,6,6,9
1992,6,6,9
1993,6,6,10
1994,6,6,10
1995,6,6,7
1996,6,6,8
1997,6,6,10
1998,6,6,10
1999,6,6,10
