0,0,0,0
1,1,0,0
2,1,0,0
3,1,0,0
4,1,0,0
5,0,0,0
6,1,0,0
7,2,0,0
8,2,0,0
9,2,0,0
10,3,0,0
11,3,0,0
12,3,0,0
13,3,0,0
14,3,0,0
15,3,0,0
16,3,0,0
17,3,0,0
18,3,0,0
19,3,2,1
20,2,0,0
21,2,0,0
22,2,0,0
23,2,0,0
24,2,0,0
25,2,0,0
26,3,0,0
27,2,0,0
28,2,0,0
29,2,0,0
30,2,0,0
31,2,0,0
32,3,0,0
33,3,0,0
34,3,0,0
35,3,0,0
36,3,0,0
37,3,0,0
38,3,0,0
39,3,2,1
40,3,0,0
41,2,0,0
42,2,0,0
43,2,0,0
44,2,0,0
45,1,0,0
46,2,2,1
47,2,0,0
48,2,2,1
49,3,0,0
50,2,0,0
51,2,0,0
52,2,0,0
53,2,0,0
54,2,0,0
55,2,0,0
56,2,0,0
57,2,0,0
58,2,0,0
59,2,0,0
60,2,0,0
61,2,0,0
62,3,0,0
63,2,0,0
64,2,0,0
65,2,0,0
66,2,0,0
67,2,0,0
68,2,0,0
69,2,0,0
70,1,0,0
71,1,0,0
72,1,0,0
73,0,0,0
74,0,0,0
75,0,0,0
76,1,0,0
77,0,0,0
78,1,0,0
79,1,0,0
80,1,0,0
81,2,0,0
82,1,0,0
83,1,0,0
84,1,0,0
85,1,0,0
86,1,0,0
87,1,0,0
88,2,0,0
89,2,0,0
90,2,0,0
91,2,0,0
92,2,0,0
93,1,0,0
94,1,0,0
95,2,0,0
96,2,0,0
97,2,0,0
98,2,0,0
99,2,0,0
100,2,0,0
101,2,0,0
102,2,0,0
103,3,0,0
104,2,0,0
105,2,0,0
106,2,0,0
107,1,0,0
108,1,0,0
109,2,0,0
110,1,0,0
111,2,0,0
112,2,0,0
113,2,0,0
114,3,0,0
115,3,0,0
116,2,0,0
117,2,0,0
118,2,2,1
119,2,2,1
120,3,0,0
121,3,0,0
122,3,0,0
123,3,0,0
124,3,0,0
125,3,0,0
126,3,0,0
127,3,0,0
128,3,0,0
129,3,0,0
130,2,0,0
131,2,0,0
132,2,0,0
133,2,0,0
134,3,0,0
135,3,0,0
136,3,0,0
137,3,0,0
138,3,0,0
139,2,0,0
140,2,0,0
141,2,0,0
142,2,0,0
143,2,0,0
144,2,0,0
145,3,0,0
146,3,0,0
147,3,0,0
148,3,0,0
149,3,0,0
150,2,0,0
151,2,0,0
152,2,0,0
153,2,0,0
154,2,0,0
155,2,0,0
156,2,0,0
157,2,0,0
158,2,0,0
159,2,0,0
160,2,0,0
161,3,0,0
162,3,0,0
163,3,0,0
164,3,0,0
165,2,0,0
166,2,0,0
167,2,0,0
168,2,0,0
169,2,0,0
170,2,0,0
171,3,0,0
172,3,0,0
173,3,0,0
174,3,2,1
175,3,0,0
176,3,0,0
177,3,0,0
178,3,2,1
179,3,0,0
180,3,2,1
181,3,0,0
182,3,0,0
183,3,2,1
184,3,2,1
185,3,0,0
186,3,0,0
187,3,0,0
188,3,2,1
189,3,2,1
190,3,2,1
191,3,2,1
192,3,0,0
193,3,0,0
194,2,0,0
195,2,0,0
196,2,0,0
197,2,0,0
198,3,0,0
199,3,2,1
200,3,0,0
201,3,0,0
202,3,0,0
203,4,0,0
204,4,0,0
205,4,0,0
206,4,0,0
207,4,0,0
208,4,0,0
209,4,0,0
210,4,0,0
211,4,0,0
212,4,0,0
213,4,0,0
214,4,0,0
215,4,0,0
216,4,0,0
217,4,0,0
218,2,0,0
219,3,0,0
220,4,0,0
221,4,0,0
222,2,0,0
223,3,2,1
224,3,0,0
225,3,0,0
226,3,0,0
227,3,0,0
228,2,0,0
229,2,0,0
230,2,0,0
231,2,0,0
232,2,0,0
233,2,0,0
234,3,0,0
235,2,0,0
236,2,0,0
237,2,0,0
238,3,0,0
239,3,0,0
240,2,0,0
241,3,0,0
242,2,0,0
243,2,0,0
244,2,0,0
245,2,0,0
246,1,0,0
247,2,0,0
248,2,0,0
249,2,0,0
250,2,0,0
251,2,2,1
252,2,2,1
253,2,0,0
254,2,0,0
255,2,0,0
256,2,0,0
257,2,0,0
258,3,0,0
259,2,0,0
260,3,0,0
261,2,0,0
262,2,0,0
263,2,0,0
264,2,0,0
265,2,0,0
266,2,0,0
267,2,0,0
268,3,0,0
269,3,0,0
270,3,0,0
271,3,0,0
272,3,0,0
273,3,0,0
274,3,0,0
275,3,0,0
276,3,0,0
277,3,0,0
278,3,0,0
279,3,0,0
280,4,0,0
281,3,0,0
282,3,0,0
283,2,0,0
284,2,0,0
285,2,0,0
286,2,0,0
287,2,0,0
288,2,0,0
289,2,0,0
290,2,0,0
291,2,0,0
292,2,0,0
293,2,0,0
294,2,0,0
295,2,0,0
296,3,0,0
297,3,0,0
298,3,0,0
299,3,0,0
300,4,0,0
301,3,0,0
302,3,0,0
303,3,2,1
304,3,0,0
305,3,0,0
306,2,0,0
307,2,0,0
308,2,0,0
309,2,0,0
310,2,0,0
311,2,0,0
312,2,0,0
313,2,0,0
314,2,0,0
315,2,0,0
316,2,0,0
317,2,0,0
318,2,0,0
319,2,0,0
320,2,0,0
321,2,0,0
322,2,0,0
323,2,0,0
324,2,0,0
325,2,0,0
326,3,0,0
327,2,0,0
328,2,0,0
329,2,0,0
330,2,0,0
331,2,0,0
332,3,0,0
333,2,0,0
334,1,0,0
335,2,0,0
336,1,0,0
337,2,0,0
338,2,0,0
339,2,0,0
340,2,0,0
341,2,0,0
342,2,0,0
343,3,0,0
344,2,0,0
345,3,0,0
346,3,0,0
347,3,0,0
348,3,0,0
349,3,0,0
350,4,0,0
351,3,0,0
352,3,0,0
353,3,2,1
354,3,0,0
355,3,0,0
356,3,0,0
357,3,0,0
358,3,0,0
359,2,0,0
360,2,0,0
361,2,0,0
362,2,0,0
363,1,0,0
364,1,0,0
365,2,0,0
366,1,0,0
367,1,0,0
368,1,0,0
369,1,0,0
370,1,0,0
371,1,0,0
372,1,0,0
373,1,0,0
374,2,0,0
375,1,0,0
376,1,0,0
377,2,0,0
378,2,0,0
379,2,0,0
380,3,0,0
381,3,0,0
382,3,0,0
383,2,0,0
384,2,0,0
385,2,0,0
386,2,0,0
387,1,0,0
388,1,0,0
389,1,0,0
390,1,0,0
391,1,0,0
392,1,0,0
393,2,0,0
394,2,0,0
395,2,0,0
396,2,0,0
397,2,0,0
398,2,0,0
399,2,0,0
400,3,0,0
401,3,0,0
402,4,0,0
403,3,0,0
404,3,0,0
405,3,0,0
406,3,0,0
407,3,0,0
408,3,0,0
409,3,2,1
410,3,0,0
411,3,0,0
412,3,0,0
413,3,0,0
414,4,0,0
415,3,0,0
416,3,0,0
417,4,0,0
418,2,0,0
419,3,0,0
420,2,0,0
421,2,0,0
422,2,0,0
423,2,0,0
424,1,0,0
425,2,0,0
426,1,0,0
427,1,0,0
428,1,0,0
429,1,0,0
430,1,0,0
431,1,0,0
432,2,0,0
433,1,0,0
434,1,0,0
435,1,0,0
436,2,0,0
437,2,0,0
438,3,0,0
439,2,0,0
440,2,0,0
441,2,0,0
442,2,0,0
443,1,0,0
444,1,0,0
445,1,0,0
446,1,0,0
447,1,0,0
448,2,0,0
449,1,0,0
450,1,0,0
451,1,0,0
452,1,0,0
453,1,0,0
454,1,0,0
455,1,0,0
456,2,0,0
457,2,0,0
458,2,0,0
459,2,0,0
460,2,0,0
461,2,0,0
462,2,2,1
463,2,0,0
464,2,0,0
465,2,0,0
466,2,0,0
467,3,0,0
468,2,0,0
469,2,0,0
470,2,0,0
471,2,0,0
472,1,0,0
473,1,0,0
474,1,0,0
475,1,0,0
476,2,0,0
477,2,0,0
478,2,0,0
479,2,0,0
480,2,0,0
481,2,0,0
482,2,0,0
483,1,0,0
484,1,0,0
485,1,0,0
486,2,0,0
487,2,0,0
488,2,0,0
489,3,0,0
490,3,0,0
491,3,0,0
492,2,0,0
493,3,0,0
494,2,0,0
495,3,0,0
496,3,0,0
497,2,0,0
498,2,0,0
499,2,0,0
500,2,0,0
501,3,0,0
502,3,0,0
503,3,0,0
504,3,0,0
505,3,0,0
506,3,0,0
507,3,0,0
508,3,0,0
509,3,0,0
510,2,0,0
511,2,0,0
512,2,0,0
513,3,0,0
514,2,0,0
515,3,0,0
516,4,0,0
517,2,0,0
518,2,0,0
519,2,2,1
520,2,0,0
521,3,0,0
522,3,0,0
523,2,0,0
524,2,2,1
525,2,0,0
526,2,0,0
527,2,0,0
528,2,0,0
529,3,0,0
530,2,0,0
531,2,0,0
532,2,0,0
533,2,0,0
534,2,0,0
535,2,0,0
536,3,0,0
537,2,0,0
538,3,0,0
539,3,2,1
540,2,0,0
541,1,0,0
542,2,0,0
543,2,0,0
544,2,0,0
545,2,0,0
546,2,0,0
547,3,0,0
548,2,2,1
549,2,0,0
550,2,0,0
551,2,0,0
552,2,0,0
553,3,0,0
554,3,0,0
555,2,0,0
556,2,0,0
557,2,0,0
558,2,0,0
559,2,0,0
560,2,0,0
561,2,0,0
562,1,0,0
563,2,0,0
564,2,0,0
565,3,0,0
566,2,2,1
567,2,2,1
568,2,2,1
569,2,2,1
570,2,0,0
571,2,0,0
572,2,0,0
573,3,0,0
574,2,0,0
575,2,0,0
576,2,0,0
577,2,2,1
578,3,2,1
579,3,2,1
580,2,2,1
581,3,2,1
582,3,3,2
583,3,3,2
584,3,3,2
585,3,3,2
586,3,3,2
587,3,3,2
588,3,3,2
589,3,3,2
590,3,3,2
591,3,3,3
592,3,2,1
593,3,3,3
594,3,3,2
595,3,3,2
596,3,3,3
597,3,3,3
598,3,3,2
599,3,3,3
600,3,3,3
601,3,3,3
602,3,3,2
603,3,3,3
604,3,3,3
605,3,3,2
606,3,3,2
607,3,3,3
608,3,2,1
609,3,3,3
610,3,3,3
611,3,3,3
612,3,3,2
613,3,3,3
614,3,3,2
615,3,2,1
616,3,3,2
617,3,3,2
618,3,2,1
619,3,3,2
620,3,3,2
621,3,3,3
622,3,3,2
623,3,3,3
624,3,3,3
625,3,3,2
626,3,3,3
627,3,3,3
628,3,3,3
629,3,3,3
630,5,3,2
631,4,2,1
632,3,2,1
633,4,3,2
634,4,3,2
635,4,3,2
636,4,3,2
637,5,2,1
638,4,2,1
639,5,4,4
640,5,3,2
641,5,4,3
642,5,4,4
643,5,4,5
644,3,3,3
645,4,4,4
646,4,4,4
647,4,4,5
648,4,4,4
649,4,4,4
650,4,4,5
651,4,4,4
652,4,4,3
653,5,4,5
654,5,4,5
655,4,4,5
656,4,4,5
657,4,4,5
658,4,4,3
659,4,4,3
660,4,3,3
661,4,3,2
662,4,3,2
663,4,3,3
664,4,3,3
665,4,3,3
666,4,3,2
667,4,3,2
668,4,3,3
669,4,3,2
670,4,3,3
671,4,3,2
672,4,3,3
673,4,3,2
674,4,3,3
675,4,3,3
676,4,3,2
677,4,3,3
678,4,3,2
679,4,3,3
680,3,3,2
681,3,3,2
682,3,3,3
683,3,3,2
684,3,3,3
685,3,3,3
686,3,3,2
687,4,3,3
688,4,3,3
689,4,4,4
690,4,4,5
691,4,4,5
692,4,4,5
693,4,4,5
694,4,4,5
695,4,4,4
696,4,4,4
697,4,4,4
698,4,4,3
699,4,4,4
700,4,4,3
701,4,4,4
702,4,4,4
703,4,4,4
704,4,4,5
705,4,4,3
706,4,4,3
707,4,3,3
708,5,3,3
709,5,3,3
710,4,3,3
711,4,4,4
712,4,4,4
713,4,4,4
714,4,4,4
715,4,4,4
716,4,4,4
717,4,4,4
718,3,3,2
719,4,4,4
720,4,4,3
721,4,4,3
722,4,4,5
723,4,4,5
724,5,4,5
725,5,4,5
726,5,4,5
727,5,4,5
728,5,4,4
729,5,4,5
730,5,4,5
731,5,4,5
732,5,4,4
733,5,4,5
734,5,4,5
735,5,4,5
736,5,4,4
737,4,4,4
738,4,4,5
739,4,3,3
740,5,4,4
741,4,4,4
742,4,4,4
743,4,4,4
744,4,4,5
745,4,4,5
746,4,4,5
747,4,4,5
748,4,4,5
749,4,4,4
750,4,4,4
751,4,4,4
752,4,4,3
753,4,4,4
754,4,4,3
755,4,3,3
756,4,4,4
757,4,4,3
758,4,4,3
759,4,3,2
760,4,3,3
761,3,3,2
762,3,3,3
763,3,3,3
764,3,3,2
765,3,3,2
766,3,3,2
767,3,3,3
768,3,3,3
769,3,3,3
770,3,3,3
771,3,3,2
772,4,3,3
773,3,2,1
774,3,2,1
775,3,3,3
776,3,3,3
777,3,2,1
778,5,3,3
779,4,2,1
780,4,2,1
781,4,2,1
782,4,2,1
783,3,0,0
784,3,0,0
785,3,0,0
786,3,0,0
787,3,0,0
788,3,0,0
789,3,0,0
790,3,0,0
791,3,0,0
792,3,0,0
793,3,0,0
794,3,0,0
795,3,0,0
796,3,0,0
797,3,0,0
798,2,0,0
799,3,0,0
800,3,0,0
801,3,0,0
802,4,0,0
803,5,0,0
804,5,0,0
805,6,0,0
806,6,0,0
807,5,0,0
808,5,0,0
809,5,0,0
810,4,0,0
811,4,2,1
812,5,3,3
813,3,3,3
814,4,3,3
815,5,3,3
816,5,3,3
817,4,3,3
818,4,3,3
819,4,3,2
820,4,3,2
821,4,2,1
822,4,3,2
823,4,2,1
824,4,3,2
825,4,3,3
826,3,3,2
827,3,3,2
828,3,3,3
829,3,3,3
830,3,3,2
831,3,3,2
832,3,2,1
833,3,3,2
834,3,2,1
835,3,2,1
836,3,2,1
837,4,0,0
838,4,2,1
839,4,2,1
840,4,0,0
841,4,0,0
842,3,0,0
843,2,0,0
844,2,0,0
845,3,0,0
846,2,0,0
847,2,0,0
848,2,0,0
849,3,0,0
850,3,0,0
851,3,0,0
852,3,0,0
853,3,0,0
854,3,0,0
855,2,0,0
856,2,0,0
857,2,0,0
858,2,0,0
859,2,0,0
860,2,0,0
861,2,0,0
862,2,0,0
863,2,0,0
864,1,0,0
865,1,0,0
866,1,0,0
867,1,0,0
868,1,0,0
869,1,0,0
870,1,0,0
871,1,0,0
872,1,0,0
873,1,0,0
874,1,0,0
875,1,0,0
876,1,0,0
877,1,0,0
878,1,0,0
879,1,0,0
880,1,0,0
881,2,0,0
882,2,0,0
883,2,0,0
884,2,0,0
885,2,0,0
886,2,0,0
887,3,0,0
888,3,0,0
889,3,0,0
890,3,2,1
891,3,2,1
892,3,2,1
893,3,0,0
894,3,0,0
895,3,0,0
896,3,0,0
897,3,0,0
898,3,0,0
899,3,2,1
900,4,2,1
901,4,2,1
902,3,2,1
903,3,0,0
904,4,0,0
905,3,3,2
906,3,3,2
907,3,3,2
908,3,3,2
909,3,3,2
910,3,3,2
911,3,3,3
912,3,3,2
913,3,3,3
914,4,4,4
915,3,3,2
916,4,4,4
917,3,2,1
918,3,2,1
919,3,2,1
920,3,0,0
921,3,0,0
922,3,0,0
923,2,0,0
924,2,0,0
925,3,0,0
926,3,0,0
927,3,0,0
928,3,0,0
929,4,0,0
930,4,0,0
931,4,0,0
932,3,0,0
933,3,0,0
934,3,0,0
935,3,0,0
936,3,0,0
937,3,0,0
938,3,2,1
939,3,0,0
940,3,0,0
941,3,0,0
942,3,0,0
943,3,0,0
944,3,0,0
945,4,0,0
946,4,0,0
947,4,0,0
948,3,0,0
949,4,0,0
950,3,0,0
951,3,0,0
952,3,0,0
953,3,0,0
954,3,0,0
955,3,0,0
956,3,0,0
957,3,0,0
958,3,0,0
959,3,0,0
960,3,2,1
961,3,2,1
962,4,2,1
963,4,2,1
964,3,0,0
965,3,0,0
966,4,2,1
967,4,0,0
968,4,2,1
969,4,2,1
970,4,2,1
971,3,2,1
972,3,0,0
973,3,2,1
974,4,0,0
975,3,0,0
976,3,2,1
977,4,2,1
978,4,0,0
979,4,0,0
980,3,0,0
981,3,0,0
982,3,0,0
983,3,0,0
984,3,0,0
985,3,0,0
986,3,0,0
987,3,0,0
988,3,0,0
989,3,2,1
990,3,0,0
991,3,0,0
992,3,0,0
993,2,0,0
994,3,0,0
995,3,0,0
996,3,0,0
997,3,2,1
998,4,2,1
999,3,2,1
1000,4,0,0
1001,4,0,0
1002,4,0,0
1003,3,0,0
1004,3,2,1
1005,3,0,0
1006,4,0,0
1007,4,0,0
1008,4,2,1
1009,3,0,0
1010,3,2,1
1011,2,0,0
1012,2,0,0
1013,2,0,0
1014,2,0,0
1015,2,0,0
1016,3,2,1
1017,2,2,1
1018,2,0,0
1019,2,0,0
1020,2,0,0
1021,2,0,0
1022,2,0,0
1023,3,0,0
1024,2,0,0
1025,2,0,0
1026,2,0,0
1027,2,2,1
1028,2,0,0
1029,2,0,0
1030,2,0,0
1031,1,0,0
1032,2,0,0
1033,2,0,0
1034,3,0,0
1035,2,0,0
1036,2,0,0
1037,2,0,0
1038,2,0,0
1039,2,0,0
1040,2,0,0
1041,2,0,0
1042,1,0,0
1043,1,0,0
1044,1,0,0
1045,1,0,0
1046,1,0,0
1047,1,0,0
1048,1,0,0
1049,1,0,0
1050,2,0,0
1051,2,0,0
1052,1,0,0
1053,2,0,0
1054,2,0,0
1055,1,0,0
1056,1,0,0
1057,2,0,0
1058,1,0,0
1059,1,0,0
1060,1,0,0
1061,1,0,0
1062,1,0,0
1063,1,0,0
1064,1,0,0
1065,1,0,0
1066,1,0,0
1067,1,0,0
1068,1,0,0
1069,1,0,0
1070,3,0,0
1071,3,0,0
1072,2,0,0
1073,2,0,0
1074,1,0,0
1075,1,0,0
1076,3,0,0
1077,3,0,0
1078,2,0,0
1079,2,0,0
1080,3,0,0
1081,2,0,0
1082,2,0,0
1083,3,0,0
1084,2,0,0
1085,2,0,0
1086,3,0,0
1087,3,0,0
1088,2,0,0
1089,2,0,0
1090,3,0,0
1091,2,0,0
1092,3,0,0
1093,3,0,0
1094,3,0,0
1095,3,0,0
1096,3,0,0
1097,2,0,0
1098,2,0,0
1099,2,0,0
1100,2,0,0
1101,2,0,0
1102,2,0,0
1103,2,0,0
1104,2,0,0
1105,2,0,0
1106,2,0,0
1107,3,2,1
1108,2,0,0
1109,3,0,0
1110,4,2,1
1111,4,3,3
1112,4,3,2
1113,3,2,1
1114,3,3,2
1115,3,3,2
1116,4,3,2
1117,4,4,3
1118,5,4,3
1119,6,4,4
1120,5,3,2
1121,6,4,5
1122,5,4,4
1123,5,4,5
1124,5,4,5
1125,5,4,5
1126,5,4,5
1127,5,4,4
1128,5,4,5
1129,5,4,4
1130,5,4,4
1131,5,4,4
1132,5,4,4
1133,5,3,3
1134,5,5,6
1135,5,5,6
1136,5,5,6
1137,5,5,5
1138,5,5,7
1139,5,5,7
1140,4,4,4
1141,5,5,6
1142,5,4,5
1143,4,4,4
1144,3,3,2
1145,4,4,4
1146,4,3,3
1147,5,4,4
1148,4,4,4
1149,5,4,5
1150,5,4,5
1151,5,5,5
1152,5,5,5
1153,4,4,4
1154,5,5,7
1155,5,5,7
1156,5,5,6
1157,5,5,7
1158,5,5,7
1159,5,5,6
1160,5,5,7
1161,5,5,7
1162,5,5,7
1163,5,5,7
1164,5,5,7
1165,5,5,6
1166,5,5,7
1167,5,5,5
1168,5,5,5
1169,5,5,7
1170,5,5,7
1171,5,5,6
1172,5,5,6
1173,5,5,7
1174,5,5,7
1175,5,5,7
1176,5,5,7
1177,5,5,7
1178,5,5,6
1179,5,5,7
1180,5,5,7
1181,5,5,7
1182,5,5,7
1183,5,5,7
1184,5,5,7
1185,5,5,6
1186,5,5,6
1187,5,5,7
1188,5,5,7
1189,5,5,6
1190,5,5,6
1191,5,5,6
1192,5,5,7
1193,5,5,7
1194,5,5,6
1195,5,5,6
1196,5,5,6
1197,5,5,6
1198,5,5,6
1199,5,5,6
1200,5,5,7
1201,5,5,6
1202,4,4,5
1203,4,4,5
1204,4,4,5
1205,5,5,6
1206,5,5,7
1207,5,5,7
1208,5,5,7
1209,5,5,7
1210,5,5,7
1211,5,5,7
1212,5,5,6
1213,5,5,7
1214,5,5,7
1215,5,5,6
1216,5,5,5
1217,5,5,7
1218,5,5,7
1219,6,5,7
1220,6,5,7
1221,6,5,6
1222,6,6,9
1223,6,6,8
1224,6,6,9
1225,6,6,9
1226,6,6,9
1227,6,6,9
1228,6,6,9
1229,6,6,9
1230,6,6,9
1231,6,6,9
1232,6,6,7
1233,6,6,8
1234,6,6,8
1235,6,6,9
1236,6,6,9
1237,6,6,9
1238,5,5,7
1239,6,6,8
1240,5,5,7
1241,5,5,7
1242,6,6,8
1243,5,5,7
1244,5,5,7
1245,5,5,7
1246,5,5,6
1247,5,5,7
1248,5,5,6
1249,5,5,6
1250,5,5,7
1251,5,5,7
1252,5,4,5
1253,5,5,7
1254,5,5,7
1255,5,5,6
1256,5,5,7
1257,5,5,6
1258,5,5,7
1259,5,5,7
1260,5,5,7
1261,5,5,6
1262,5,5,7
1263,5,5,7
1264,5,5,7
1265,6,5,7
1266,5,5,7
1267,6,5,7
1268,6,5,7
1269,6,5,7
1270,6,5,7
1271,6,6,8
1272,6,6,9
1273,6,6,8
1274,6,6,9
1275,6,6,9
1276,6,6,9
1277,6,6,9
1278,6,6,9
1279,6,6,9
1280,7,6,8
1281,7,6,8
1282,7,6,8
1283,7,7,10
1284,7,6,6
1285,7,6,8
1286,6,6,8
1287,7,5,6
1288,7,6,8
1289,7,6,9
1290,6,6,9
1291,7,6,7
1292,6,5,7
1293,7,6,9
1294,7,6,8
1295,7,6,8
1296,7,7,11
1297,7,7,10
1298,7,7,12
1299,6,6,10
1300,7,7,12
1301,7,7,12
1302,7,7,10
1303,7,7,11
1304,7,7,12
1305,7,7,12
1306,7,7,12
1307,7,7,12
1308,7,7,12
1309,7,7,12
1310,7,7,11
1311,7,7,11
1312,7,7,12
1313,7,7,11
1314,7,6,10
1315,7,7,12
1316,7,7,12
1317,7,7,12
1318,7,7,12
1319,7,7,12
1320,7,7,12
1321,7,7,12
1322,7,7,12
1323,7,7,12
1324,7,7,11
1325,7,7,12
1326,7,7,10
1327,7,7,11
1328,7,7,12
1329,7,7,12
1330,7,7,12
1331,7,7,11
1332,7,7,12
1333,6,6,10
1334,6,6,10
1335,6,6,10
1336,6,6,10
1337,6,6,10
1338,6,6,10
1339,6,6,10
1340,7,7,11
1341,7,6,10
1342,7,6,9
1343,7,6,10
1344,7,6,10
1345,7,6,10
1346,7,6,9
1347,7,6,9
1348,7,6,9
1349,7,6,10
1350,7,6,10
1351,8,6,10
1352,7,6,10
1353,7,6,10
1354,7,7,11
1355,7,6,10
1356,7,6,10
1357,7,6,10
1358,7,6,10
1359,7,6,10
1360,7,6,10
1361,7,6,10
1362,7,6,10
1363,7,6,10
1364,7,6,10
1365,7,6,10
1366,7,6,9
1367,7,6,10
1368,6,6,10
1369,6,6,10
1370,6,6,10
1371,6,6,10
1372,6,6,10
1373,6,6,10
1374,6,6,10
1375,6,6,10
1376,6,6,10
1377,6,6,10
1378,6,6,10
1379,6,6,9
1380,6,6,10
1381,6,6,10
1382,6,6,10
1383,6,6,10
1384,6,6,10
1385,6,6,10
1386,6,6,10
1387,7,6,10
1388,7,6,10
1389,7,6,10
1390,7,7,11
1391,7,7,10
1392,7,7,12
1393,7,7,11
1394,7,7,12
1395,7,7,12
1396,7,7,12
1397,7,7,12
1398,7,7,12
1399,7,7,11
1400,8,7,12
1401,8,8,11
1402,8,8,14
1403,8,8,13
1404,8,8,13
1405,8,8,13
1406,8,8,13
1407,8,8,12
1408,8,8,14
1409,8,8,15
1410,8,8,14
1411,8,8,15
1412,8,8,15
1413,8,8,15
1414,8,8,14
1415,8,8,15
1416,8,8,15
1417,8,8,15
1418,8,8,15
1419,8,8,14
1420,8,8,15
1421,8,8,15
1422,8,8,15
1423,8,8,15
1424,8,8,15
1425,8,8,15
1426,8,8,15
1427,8,8,15
1428,8,8,15
1429,8,8,15
1430,8,8,15
1431,8,8,15
1432,8,8,15
1433,8,8,14
1434,8,8,14
1435,8,8,15
1436,8,8,14
1437,8,8,15
1438,8,8,14
1439,8,8,15
1440,8,8,15
1441,8,8,15
1442,8,8,15
1443,8,8,15
1444,8,8,15
1445,8,8,15
1446,8,8,15
1447,9,8,15
1448,9,8,15
1449,8,8,15
1450,8,8,15
1451,9,9,17
1452,9,9,16
1453,9,9,16
1454,9,9,17
1455,9,9,17
1456,9,9,16
1457,9,9,17
1458,9,9,16
1459,9,9,17
1460,9,9,17
1461,9,9,17
1462,9,9,17
1463,9,9,17
1464,9,9,17
1465,9,9,17
1466,9,9,16
1467,9,9,16
1468,9,9,17
1469,9,9,17
1470,9,9,17
1471,9,9,17
1472,9,9,17
1473,9,9,16
1474,9,9,17
1475,9,9,17
1476,9,9,17
1477,9,9,16
1478,9,9,17
1479,9,9,17
1480,9,9,17
1481,9,9,17
1482,9,9,17
1483,9,9,17
1484,9,9,17
1485,9,9,17
1486,9,9,17
1487,9,9,17
1488,9,9,17
1489,9,9,17
1490,9,9,17
1491,9,9,17
1492,9,9,17
1493,9,9,17
1494,9,9,17
1495,9,9,17
1496,9,9,17
1497,9,9,17
1498,9,9,17
1499,9,9,17
1500,9,9,17
1501,9,9,15
1502,9,9,17
1503,9,9,17
1504,9,9,17
1505,9,9,17
1506,9,9,17
1507,9,9,15
1508,9,9,16
1509,9,9,16
1510,9,9,17
1511,9,9,16
1512,9,9,17
1513,9,9,17
1514,9,9,17
1515,9,9,17
1516,9,9,17
1517,9,9,17
1518,9,9,17
1519,9,9,17
1520,9,9,17
1521,9,9,17
1522,9,9,17
1523,9,9,16
1524,9,9,17
1525,9,9,16
1526,9,9,17
1527,9,9,17
1528,9,9,17
1529,9,9,17
1530,9,9,17
1531,9,9,16
1532,9,9,17
1533,9,9,17
1534,9,9,17
1535,9,9,16
1536,9,9,16
1537,9,9,17
1538,9,9,17
1539,9,9,17
1540,9,9,17
1541,9,9,16
1542,9,9,17
1543,9,9,16
1544,9,9,17
1545,9,9,17
1546,9,9,17
1547,9,9,17
1548,9,9,17
1549,9,9,17
1550,9,9,17
1551,9,9,16
1552,9,9,16
1553,9,9,16
1554,9,9,17
1555,9,9,16
1556,9,9,17
1557,9,9,16
1558,9,9,15
1559,9,9,17
1560,9,9,17
1561,9,9,17
1562,9,9,17
1563,9,9,17
1564,9,9,17
1565,9,9,15
1566,9,9,16
1567,9,9,17
1568,8,8,15
1569,9,9,17
1570,8,8,15
1571,9,9,16
1572,9,8,14
1573,9,8,14
1574,8,8,15
1575,8,8,15
1576,8,8,15
1577,8,8,15
1578,8,8,14
1579,8,8,15
1580,8,8,15
1581,8,8,14
1582,8,8,14
1583,8,8,15
1584,8,8,14
1585,8,8,15
1586,8,8,15
1587,8,8,15
1588,8,8,15
1589,8,8,15
1590,8,8,15
1591,8,8,14
1592,8,8,14
1593,8,8,15
1594,8,8,15
1595,8,8,15
1596,8,8,15
1597,8,8,14
1598,8,8,15
1599,8,8,15
1600,8,8,15
1601,8,8,15
1602,8,8,14
1603,8,8,15
1604,8,8,15
1605,8,8,14
1606,8,8,15
1607,8,8,14
1608,8,8,13
1609,8,8,14
1610,8,8,15
1611,8,8,13
1612,8,8,13
1613,8,8,15
1614,8,8,15
1615,8,8,15
1616,8,8,14
1617,8,8,14
1618,8,8,15
1619,8,8,14
1620,8,8,15
1621,8,8,15
1622,8,8,14
1623,8,8,15
1624,8,8,15
1625,8,8,15
1626,8,8,14
1627,8,8,14
1628,7,7,12
1629,8,8,13
1630,8,8,15
1631,8,8,14
1632,8,8,15
1633,8,8,15
1634,8,8,15
1635,8,8,15
1636,8,8,15
1637,8,8,15
1638,8,8,15
1639,8,8,15
1640,8,8,15
1641,8,8,15
1642,8,8,15
1643,8,8,15
1644,8,8,15
1645,8,8,14
1646,8,8,15
1647,8,8,15
1648,8,8,15
1649,9,8,15
1650,9,8,15
1651,9,9,16
1652,9,9,17
1653,9,9,16
1654,9,9,16
1655,9,9,17
1656,9,9,17
1657,9,9,17
1658,9,9,16
1659,9,9,16
1660,9,9,17
1661,9,9,17
1662,9,9,16
1663,9,9,17
1664,9,9,17
1665,9,9,16
1666,9,9,15
1667,9,9,16
1668,9,9,17
1669,9,9,17
1670,9,9,17
1671,9,9,17
1672,8,8,15
1673,9,9,17
1674,9,9,17
1675,9,9,17
1676,8,8,15
1677,9,9,17
1678,9,9,17
1679,9,9,17
1680,9,9,17
1681,9,9,16
1682,9,8,15
1683,9,8,15
1684,9,8,15
1685,9,8,15
1686,8,8,15
1687,8,8,15
1688,8,8,15
1689,8,8,15
1690,8,8,15
1691,8,8,15
1692,8,8,15
1693,9,8,15
1694,9,8,15
1695,9,9,16
1696,9,9,17
1697,9,9,18
1698,9,9,18
1699,9,9,18
1700,9,9,18
1701,9,9,18
1702,10,10,21
1703,10,10,21
1704,10,10,21
1705,10,10,21
1706,10,10,21
1707,10,10,21
1708,10,10,21
1709,10,10,21
1710,10,10,21
1711,10,10,21
1712,10,10,21
1713,10,10,21
1714,10,10,21
1715,10,10,21
1716,10,10,21
1717,10,10,21
1718,10,10,21
1719,10,10,21
1720,10,10,21
1721,10,10,21
1722,10,10,21
1723,10,10,21
1724,10,10,21
1725,10,10,21
1726,10,10,21
1727,10,10,21
1728,10,10,21
1729,10,10,21
1730,10,10,21
1731,10,10,21
1732,10,10,21
1733,10,10,21
1734,10,10,20
1735,10,10,19
1736,10,10,21
1737,10,10,21
1738,10,10,21
1739,10,10,20
1740,10,10,21
1741,10,10,21
1742,10,10,21
1743,10,10,21
1744,10,10,21
1745,10,10,21
1746,10,10,21
1747,10,10,21
1748,10,10,21
1749,10,10,21
1750,10,10,21
1751,10,10,21
1752,10,10,21
1753,10,10,21
1754,10,10,21
1755,10,10,21
1756,10,10,20
1757,10,10,21
1758,10,10,21
1759,10,10,21
1760,10,10,21
1761,10,10,21
1762,10,10,21
1763,10,10,21
1764,10,10,21
1765,10,10,20
1766,10,10,21
1767,10,10,21
1768,10,10,20
1769,10,10,21
1770,10,10,21
1771,10,10,21
1772,10,10,21
1773,10,10,20
1774,10,10,21
1775,10,10,21
1776,10,10,21
1777,10,10,20
1778,10,10,21
1779,10,10,21
1780,10,10,21
1781,10,10,21
1782,10,10,21
1783,10,10,19
1784,10,10,21
1785,10,10,21
1786,10,10,21
1787,10,10,21
1788,10,10,20
1789,10,10,21
1790,10,10,21
1791,10,10,20
1792,10,10,19
1793,10,10,21
1794,10,10,21
1795,10,10,21
1796,10,10,21
1797,10,10,21
1798,10,10,21
1799,10,10,21
1800,10,10,21
1801,10,10,21
1802,10,10,21
1803,10,10,21
1804,10,10,20
1805,10,10,21
1806,10,10,21
1807,10,10,21
1808,10,10,21
1809,10,10,21
1810,10,10,21
1811,10,10,21
1812,10,10,21
1813,10,10,21
1814,10,10,21
1815,10,10,21
1816,11,11,23
1817,11,11,25
1818,11,11,24
1819,11,11,25
1820,11,11,25
1821,11,11,25
1822,11,11,25
1823,11,11,25
1824,11,11,25
1825,11,11,25
1826,11,11,25
1827,11,11,25
1828,11,11,25
1829,11,11,25
1830,11,11,25
1831,11,11,24
1832,11,11,25
1833,11,11,25
1834,11,11,25
1835,11,11,25
1836,11,11,25
1837,11,11,25
1838,11,11,25
1839,11,11,25
1840,11,11,25
1841,11,11,25
1842,11,11,25
1843,11,11,25
1844,11,11,25
1845,11,11,25
1846,11,11,25
1847,11,11,25
1848,11,11,25
1849,11,11,25
1850,11,11,25
1851,11,11,25
1852,11,11,25
1853,11,11,25
1854,11,11,25
1855,11,11,25
1856,11,11,25
1857,11,11,25
1858,11,11,25
1859,11,11,24
1860,11,11,25
1861,11,11,25
1862,11,11,25
1863,11,11,25
1864,11,11,25
1865,11,11,25
1866,11,11,24
1867,11,11,25
1868,11,11,24
1869,11,11,25
1870,11,11,25
1871,11,11,25
1872,11,11,25
1873,11,11,25
1874,11,11,25
1875,11,11,25
1876,11,11,25
1877,11,11,25
1878,11,11,25
1879,11,11,25
1880,11,11,25
1881,12,12,26
1882,12,12,30
1883,12,12,30
1884,12,12,30
1885,12,12,30
1886,12,12,30
1887,12,12,30
1888,12,12,30
1889,12,12,30
1890,12,12,30
1891,12,12,30
1892,12,12,30
1893,12,12,30
1894,12,12,30
1895,12,12,30
1896,12,12,30
1897,12,12,30
1898,12,12,30
1899,12,12,30
1900,12,12,30
1901,12,12,30
1902,12,12,30
1903,12,12,30
1904,12,12,30
1905,12,12,30
1906,12,12,30
1907,12,12,30
1908,12,12,30
1909,12,12,30
1910,12,12,30
1911,12,12,30
1912,12,12,30
1913,12,12,30
1914,12,12,30
1915,12,12,30
1916,12,12,30
1917,12,12,30
1918,12,12,30
1919,12,12,30
1920,12,12,30
1921,12,12,30
1922,12,12,30
1923,12,12,30
1924,12,12,30
1925,12,12,30
1926,12,12,30
1927,12,12,30
1928,12,12,30
1929,12,12,30
1930,12,12,30
1931,12,12,30
1932,12,12,30
1933,12,12,30
1934,12,12,30
1935,12,12,30
1936,12,12,30
1937,12,12,30
1938,12,12,30
1939,12,12,30
1940,12,12,30
1941,12,12,30
1942,12,12,30
1943,12,12,30
1944,12,12,30
1945,12,12,30
1946,12,12,30
1947,12,12,30
1948,12,12,30
1949,12,12,30
1950,12,12,30
1951,12,12,30
1952,12,12,30
1953,12,12,30
1954,12,12,30
1955,12,12,30
1956,12,12,30
1957,12,12,30
1958,12,12,30
1959,12,12,30
1960,12,12,30
1961,12,12,30
1962,12,12,30
1963,12,12,30
1964,12,12,30
1965,12,12,30
1966,12,12,30
1967,12,12,30
1968,12,12,30
1969,12,12,30
1970,12,12,30
1971,12,12,30
1972,12,12,30
1973,12,12,30
1974,12,12,30
1975,12,12,30
1976,12,12,30
1977,12,12,30
1978,12,12,30
1979,12,12,30
1980,12,12,30
1981,12,12,30
1982,12,12,30
1983,12,12,30
1984,12,12,30
1985,12,12,30
1986,12,12,30
1987,12,12,30
1988,12,12,30
1989,12,12,30
1990,12,12,30
1991,12,12,30
1992,12,12,30
1993,12,12,30
1994,12,12,30
1995,12,12,30
1996,12,12,30
1997,12,12,30
1998,12,12,30
1999,12,12,30
