0,0,0,0
1,1,0,0
2,1,0,0
3,1,0,0
4,1,0,0
5,1,0,0
6,1,0,0
7,1,0,0
8,1,0,0
9,1,0,0
10,2,0,0
11,1,0,0
12,2,0,0
13,2,0,0
14,2,0,0
15,2,0,0
16,0,0,0
17,1,0,0
18,2,0,0
19,1,0,0
20,1,0,0
21,1,0,0
22,2,0,0
23,3,0,0
24,3,0,0
25,2,0,0
26,2,0,0
27,2,0,0
28,3,0,0
29,2,0,0
30,3,0,0
31,2,0,0
32,3,0,0
33,2,0,0
34,2,0,0
35,2,0,0
36,2,0,0
37,2,0,0
38,2,0,0
39,2,0,0
40,2,0,0
41,2,0,0
42,2,0,0
43,2,0,0
44,2,2,1
45,2,0,0
46,2,2,1
47,2,2,1
48,2,0,0
49,2,0,0
50,2,0,0
51,2,0,0
52,2,2,1
53,2,0,0
54,2,0,0
55,2,0,0
56,2,0,0
57,2,0,0
58,2,0,0
59,2,0,0
60,2,0,0
61,2,0,0
62,1,0,0
63,1,0,0
64,2,0,0
65,1,0,0
66,1,0,0
67,2,0,0
68,3,0,0
69,2,0,0
70,3,0,0
71,3,0,0
72,2,0,0
73,3,0,0
74,3,0,0
75,3,0,0
76,3,0,0
77,2,0,0
78,2,0,0
79,2,0,0
80,3,0,0
81,2,0,0
82,2,0,0
83,2,0,0
84,3,0,0
85,2,0,0
86,2,0,0
87,2,0,0
88,2,0,0
89,2,0,0
90,2,0,0
91,3,0,0
92,2,0,0
93,4,0,0
94,3,0,0
95,3,0,0
96,4,0,0
97,3,0,0
98,3,0,0
99,4,0,0
100,3,0,0
101,2,0,0
102,2,0,0
103,3,0,0
104,3,0,0
105,2,0,0
106,3,0,0
107,2,0,0
108,3,2,1
109,3,0,0
110,4,0,0
111,4,0,0
112,3,0,0
113,2,0,0
114,4,0,0
115,4,0,0
116,4,0,0
117,4,0,0
118,3,0,0
119,4,0,0
120,3,0,0
121,3,0,0
122,3,0,0
123,3,0,0
124,3,0,0
125,3,0,0
126,3,0,0
127,3,0,0
128,1,0,0
129,1,0,0
130,1,0,0
131,1,0,0
132,1,0,0
133,1,0,0
134,1,0,0
135,1,0,0
136,1,0,0
137,1,0,0
138,1,0,0
139,2,0,0
140,1,0,0
141,1,0,0
142,1,0,0
143,3,0,0
144,2,0,0
145,3,0,0
146,2,0,0
147,2,0,0
148,1,0,0
149,1,0,0
150,1,0,0
151,1,0,0
152,0,0,0
153,1,0,0
154,1,0,0
155,1,0,0
156,1,0,0
157,2,0,0
158,1,0,0
159,1,0,0
160,2,0,0
161,2,0,0
162,2,0,0
163,2,0,0
164,3,0,0
165,3,0,0
166,3,0,0
167,4,0,0
168,2,0,0
169,2,0,0
170,2,0,0
171,1,0,0
172,1,0,0
173,2,0,0
174,1,0,0
175,1,0,0
176,2,0,0
177,2,0,0
178,2,0,0
179,2,0,0
180,1,0,0
181,1,0,0
182,1,0,0
183,1,0,0
184,1,0,0
185,1,0,0
186,1,0,0
187,1,0,0
188,1,0,0
189,2,0,0
190,2,0,0
191,2,0,0
192,2,0,0
193,1,0,0
194,1,0,0
195,1,0,0
196,2,0,0
197,2,0,0
198,3,0,0
199,2,0,0
200,2,0,0
201,2,0,0
202,2,0,0
203,2,0,0
204,2,0,0
205,2,0,0
206,2,0,0
207,2,0,0
208,2,0,0
209,2,0,0
210,2,0,0
211,2,0,0
212,2,0,0
213,2,0,0
214,2,0,0
215,2,0,0
216,2,0,0
217,2,0,0
218,2,0,0
219,2,0,0
220,3,0,0
221,2,0,0
222,2,0,0
223,3,0,0
224,3,0,0
225,2,0,0
226,3,0,0
227,3,0,0
228,3,0,0
229,3,0,0
230,3,0,0
231,2,0,0
232,2,0,0
233,3,0,0
234,3,0,0
235,2,0,0
236,3,0,0
237,3,0,0
238,2,0,0
239,2,0,0
240,1,0,0
241,1,0,0
242,1,0,0
243,1,0,0
244,1,0,0
245,1,0,0
246,2,0,0
247,2,0,0
248,2,0,0
249,2,0,0
250,2,0,0
251,2,0,0
252,2,0,0
253,2,0,0
254,2,0,0
255,2,0,0
256,2,0,0
257,3,0,0
258,3,0,0
259,2,0,0
260,2,0,0
261,2,0,0
262,2,0,0
263,2,0,0
264,2,0,0
265,2,0,0
266,2,0,0
267,2,0,0
268,2,0,0
269,2,0,0
270,3,0,0
271,2,2,1
272,2,0,0
273,2,0,0
274,2,0,0
275,2,0,0
276,2,0,0
277,2,0,0
278,2,0,0
279,2,0,0
280,2,0,0
281,2,0,0
282,1,0,0
283,1,0,0
284,1,0,0
285,1,0,0
286,2,0,0
287,2,0,0
288,1,0,0
289,1,0,0
290,1,0,0
291,1,0,0
292,1,0,0
293,1,0,0
294,1,0,0
295,1,0,0
296,2,0,0
297,2,0,0
298,2,0,0
299,2,0,0
300,3,0,0
301,3,0,0
302,3,0,0
303,3,0,0
304,3,0,0
305,3,0,0
306,3,0,0
307,3,0,0
308,4,0,0
309,4,0,0
310,4,0,0
311,3,0,0
312,3,0,0
313,3,0,0
314,3,2,1
315,3,0,0
316,3,0,0
317,3,0,0
318,3,0,0
319,4,0,0
320,4,0,0
321,4,2,1
322,4,2,1
323,3,3,2
324,3,3,2
325,3,3,2
326,3,3,2
327,3,2,1
328,3,2,1
329,3,0,0
330,2,0,0
331,2,0,0
332,3,0,0
333,2,0,0
334,3,2,1
335,3,0,0
336,2,0,0
337,2,0,0
338,2,0,0
339,3,0,0
340,2,0,0
341,2,0,0
342,2,0,0
343,2,0,0
344,2,0,0
345,2,0,0
346,1,0,0
347,0,0,0
348,0,0,0
349,1,0,0
350,1,0,0
351,1,0,0
352,1,0,0
353,2,0,0
354,2,0,0
355,2,0,0
356,2,0,0
357,2,0,0
358,2,0,0
359,2,0,0
360,2,0,0
361,2,0,0
362,2,0,0
363,2,0,0
364,2,0,0
365,2,0,0
366,2,0,0
367,3,0,0
368,2,0,0
369,1,0,0
370,2,0,0
371,1,0,0
372,1,0,0
373,1,0,0
374,1,0,0
375,1,0,0
376,1,0,0
377,1,0,0
378,1,0,0
379,1,0,0
380,1,0,0
381,1,0,0
382,2,0,0
383,1,0,0
384,1,0,0
385,1,0,0
386,1,0,0
387,3,0,0
388,3,0,0
389,1,0,0
390,2,0,0
391,2,0,0
392,2,0,0
393,2,0,0
394,2,0,0
395,2,0,0
396,2,2,1
397,2,2,1
398,2,2,1
399,2,0,0
400,2,0,0
401,2,0,0
402,2,0,0
403,2,0,0
404,1,0,0
405,1,0,0
406,1,0,0
407,2,0,0
408,3,0,0
409,2,0,0
410,2,0,0
411,2,0,0
412,2,0,0
413,2,0,0
414,3,0,0
415,2,0,0
416,1,0,0
417,2,0,0
418,2,0,0
419,2,0,0
420,2,0,0
421,2,0,0
422,2,0,0
423,2,0,0
424,2,0,0
425,2,0,0
426,3,0,0
427,3,0,0
428,2,0,0
429,2,0,0
430,2,0,0
431,2,0,0
432,2,0,0
433,2,0,0
434,2,0,0
435,2,0,0
436,2,0,0
437,2,0,0
438,2,0,0
439,2,0,0
440,2,0,0
441,2,0,0
442,2,0,0
443,2,0,0
444,2,0,0
445,2,0,0
446,2,0,0
447,2,0,0
448,2,0,0
449,2,0,0
450,2,0,0
451,2,0,0
452,2,0,0
453,1,0,0
454,1,0,0
455,1,0,0
456,1,0,0
457,2,0,0
458,1,0,0
459,1,0,0
460,2,0,0
461,2,0,0
462,1,0,0
463,1,0,0
464,1,0,0
465,2,0,0
466,2,0,0
467,2,0,0
468,2,0,0
469,2,0,0
470,1,0,0
471,1,0,0
472,2,0,0
473,3,0,0
474,2,0,0
475,3,0,0
476,3,2,1
477,3,2,1
478,3,0,0
479,2,0,0
480,2,0,0
481,2,0,0
482,2,0,0
483,2,0,0
484,2,0,0
485,3,0,0
486,4,0,0
487,4,0,0
488,4,0,0
489,5,0,0
490,5,0,0
491,5,0,0
492,6,0,0
493,5,0,0
494,5,0,0
495,4,0,0
496,4,0,0
497,5,0,0
498,5,0,0
499,4,0,0
500,4,0,0
501,3,0,0
502,3,0,0
503,3,0,0
504,3,0,0
505,3,0,0
506,3,0,0
507,3,0,0
508,3,0,0
509,3,0,0
510,3,0,0
511,3,0,0
512,3,2,1
513,4,2,1
514,3,0,0
515,3,0,0
516,3,0,0
517,3,0,0
518,3,0,0
519,3,0,0
520,3,0,0
521,3,0,0
522,3,0,0
523,3,2,1
524,3,2,1
525,3,2,1
526,4,2,1
527,4,2,1
528,3,2,1
529,4,3,2
530,3,3,3
531,3,3,3
532,3,3,3
533,3,3,3
534,3,3,2
535,3,3,2
536,3,3,2
537,4,3,2
538,4,3,3
539,4,3,3
540,4,3,3
541,4,3,3
542,3,2,1
543,4,3,2
544,4,3,2
545,4,3,3
546,4,3,2
547,5,3,3
548,5,3,3
549,5,3,3
550,5,3,2
551,5,3,2
552,5,3,2
553,5,3,3
554,5,4,4
555,5,5,5
556,5,5,6
557,5,4,5
558,5,4,5
559,5,4,4
560,5,4,5
561,5,4,5
562,5,4,5
563,5,4,4
564,5,4,4
565,5,4,4
566,5,4,5
567,5,4,5
568,5,4,5
569,4,4,5
570,4,4,5
571,4,4,5
572,4,4,5
573,5,5,7
574,5,5,7
575,5,5,6
576,5,5,6
577,5,5,7
578,5,5,6
579,5,5,5
580,6,5,6
581,6,5,6
582,5,5,6
583,5,5,7
584,4,4,4
585,4,4,5
586,4,4,5
587,5,5,7
588,4,4,4
589,5,5,7
590,5,5,7
591,5,5,6
592,5,5,6
593,5,5,6
594,5,5,7
595,5,5,6
596,5,5,7
597,5,5,7
598,5,5,7
599,5,5,5
600,5,4,3
601,5,4,3
602,5,4,5
603,5,4,5
604,5,4,4
605,4,4,5
606,5,4,5
607,5,4,4
608,5,4,4
609,5,4,5
610,5,4,5
611,5,4,5
612,4,4,5
613,4,4,5
614,5,5,5
615,5,4,5
616,5,4,5
617,5,4,5
618,5,4,5
619,5,4,5
620,4,4,5
621,4,4,5
622,4,4,5
623,4,4,4
624,4,4,5
625,4,4,5
626,4,4,4
627,4,4,5
628,4,4,4
629,4,4,4
630,4,4,3
631,4,4,5
632,4,4,4
633,4,4,5
634,4,4,5
635,4,4,5
636,4,4,3
637,5,4,5
638,5,4,5
639,4,4,3
640,4,4,4
641,5,4,4
642,5,4,4
643,5,5,5
644,4,4,3
645,5,4,5
646,5,5,6
647,5,5,6
648,5,5,7
649,5,5,6
650,6,5,7
651,5,5,6
652,5,5,5
653,5,5,7
654,5,5,7
655,5,5,7
656,5,5,7
657,5,5,6
658,5,5,7
659,5,5,6
660,5,5,7
661,4,4,4
662,5,5,5
663,5,5,5
664,5,5,6
665,5,5,4
666,4,4,4
667,4,4,3
668,5,4,4
669,5,4,5
670,4,3,3
671,5,4,3
672,4,4,3
673,4,3,3
674,4,3,3
675,4,3,3
676,4,3,3
677,4,3,3
678,4,3,3
679,4,3,3
680,4,3,2
681,4,3,3
682,4,3,3
683,3,3,2
684,3,3,3
685,3,3,3
686,3,3,3
687,3,3,3
688,3,3,2
689,3,3,2
690,3,3,3
691,4,2,1
692,3,3,2
693,3,3,3
694,3,3,2
695,3,3,2
696,3,3,3
697,3,3,3
698,3,3,2
699,3,3,2
700,3,3,3
701,3,2,1
702,3,2,1
703,3,3,3
704,3,3,3
705,3,3,2
706,3,3,3
707,3,3,2
708,3,3,3
709,3,3,3
710,3,3,3
711,3,3,2
712,4,3,2
713,4,3,2
714,4,3,3
715,4,3,3
716,4,3,2
717,4,4,4
718,4,4,5
719,5,4,5
720,5,4,5
721,5,4,5
722,5,4,5
723,5,5,6
724,5,4,5
725,5,4,5
726,4,4,4
727,4,4,4
728,4,4,5
729,4,4,5
730,4,4,5
731,4,4,5
732,4,4,5
733,5,4,5
734,4,4,5
735,4,4,5
736,4,4,5
737,4,4,4
738,4,4,3
739,3,3,2
740,4,4,4
741,4,4,5
742,5,4,5
743,4,4,5
744,4,4,3
745,4,4,4
746,4,4,4
747,5,4,3
748,5,4,4
749,5,4,5
750,5,4,3
751,5,3,3
752,5,4,5
753,5,4,5
754,5,4,5
755,4,4,5
756,4,4,5
757,4,4,5
758,4,4,5
759,4,4,4
760,4,3,3
761,4,4,5
762,4,4,3
763,4,4,5
764,4,4,5
765,4,4,5
766,4,4,4
767,4,4,4
768,4,4,4
769,4,4,4
770,4,4,3
771,3,3,2
772,4,4,3
773,4,4,5
774,3,3,3
775,4,4,4
776,4,3,3
777,3,2,1
778,4,3,2
779,3,3,2
780,3,3,2
781,3,3,3
782,3,3,2
783,3,3,2
784,3,3,2
785,4,3,2
786,4,2,1
787,4,2,1
788,4,0,0
789,4,2,1
790,3,0,0
791,3,0,0
792,3,2,1
793,3,0,0
794,4,0,0
795,4,2,1
796,4,2,1
797,4,0,0
798,4,0,0
799,4,0,0
800,3,0,0
801,3,0,0
802,3,0,0
803,3,0,0
804,3,2,1
805,3,0,0
806,3,0,0
807,3,0,0
808,3,0,0
809,3,2,1
810,3,2,1
811,3,2,1
812,3,2,1
813,3,2,1
814,3,0,0
815,3,0,0
816,4,0,0
817,3,0,0
818,3,0,0
819,3,0,0
820,3,0,0
821,3,0,0
822,4,0,0
823,4,0,0
824,4,0,0
825,4,0,0
826,4,0,0
827,3,0,0
828,3,3,2
829,3,2,1
830,3,0,0
831,3,0,0
832,3,0,0
833,3,0,0
834,3,0,0
835,2,0,0
836,2,0,0
837,2,0,0
838,2,0,0
839,2,0,0
840,2,0,0
841,3,2,1
842,3,0,0
843,3,0,0
844,3,0,0
845,3,0,0
846,3,0,0
847,3,0,0
848,3,0,0
849,3,2,1
850,3,2,1
851,3,0,0
852,3,0,0
853,3,0,0
854,3,0,0
855,2,0,0
856,2,0,0
857,2,0,0
858,2,0,0
859,2,0,0
860,2,0,0
861,2,0,0
862,2,0,0
863,2,0,0
864,1,0,0
865,1,0,0
866,2,0,0
867,2,0,0
868,2,2,1
869,2,2,1
870,2,2,1
871,2,0,0
872,2,0,0
873,2,0,0
874,2,0,0
875,2,0,0
876,2,0,0
877,2,2,1
878,2,2,1
879,2,2,1
880,2,2,1
881,2,2,1
882,2,2,1
883,2,2,1
884,2,2,1
885,2,2,1
886,2,2,1
887,2,0,0
888,2,0,0
889,2,0,0
890,2,0,0
891,3,0,0
892,2,0,0
893,1,0,0
894,1,0,0
895,2,0,0
896,2,0,0
897,2,0,0
898,2,0,0
899,2,0,0
900,2,0,0
901,2,0,0
902,2,0,0
903,2,0,0
904,2,0,0
905,2,0,0
906,2,0,0
907,2,0,0
908,2,2,1
909,2,2,1
910,2,2,1
911,2,0,0
912,3,3,2
913,3,0,0
914,3,0,0
915,3,0,0
916,3,0,0
917,3,0,0
918,3,0,0
919,2,0,0
920,2,0,0
921,2,0,0
922,2,0,0
923,2,0,0
924,1,0,0
925,2,0,0
926,2,0,0
927,3,0,0
928,3,0,0
929,3,0,0
930,3,0,0
931,3,0,0
932,3,0,0
933,3,0,0
934,3,0,0
935,3,0,0
936,3,0,0
937,3,0,0
938,3,0,0
939,3,2,1
940,3,0,0
941,3,0,0
942,3,0,0
943,3,0,0
944,2,0,0
945,2,0,0
946,2,0,0
947,2,0,0
948,2,0,0
949,2,2,1
950,2,2,1
951,2,2,1
952,2,2,1
953,2,2,1
954,2,0,0
955,2,0,0
956,2,0,0
957,2,0,0
958,2,0,0
959,2,0,0
960,2,0,0
961,2,0,0
962,2,0,0
963,2,0,0
964,2,0,0
965,2,0,0
966,2,0,0
967,2,0,0
968,2,2,1
969,2,2,1
970,2,2,1
971,2,0,0
972,2,0,0
973,2,0,0
974,2,0,0
975,2,0,0
976,2,0,0
977,2,0,0
978,2,0,0
979,2,0,0
980,2,0,0
981,2,0,0
982,2,0,0
983,3,2,1
984,3,2,1
985,1,0,0
986,1,0,0
987,2,0,0
988,2,0,0
989,2,0,0
990,1,0,0
991,2,0,0
992,2,0,0
993,2,0,0
994,2,0,0
995,2,0,0
996,1,0,0
997,2,0,0
998,2,0,0
999,2,0,0
1000,2,0,0
1001,2,0,0
1002,2,0,0
1003,2,0,0
1004,2,0,0
1005,2,0,0
1006,2,0,0
1007,2,0,0
1008,2,0,0
1009,2,0,0
1010,2,0,0
1011,2,0,0
1012,2,0,0
1013,2,0,0
1014,2,0,0
1015,2,0,0
1016,2,0,0
1017,2,0,0
1018,2,0,0
1019,2,0,0
1020,2,0,0
1021,2,0,0
1022,1,0,0
1023,1,0,0
1024,1,0,0
1025,1,0,0
1026,1,0,0
1027,1,0,0
1028,1,0,0
1029,1,0,0
1030,1,0,0
1031,1,0,0
1032,1,0,0
1033,1,0,0
1034,2,0,0
1035,2,2,1
1036,2,0,0
1037,2,0,0
1038,2,0,0
1039,2,0,0
1040,2,0,0
1041,2,0,0
1042,2,0,0
1043,2,0,0
1044,2,0,0
1045,2,0,0
1046,2,0,0
1047,2,0,0
1048,2,0,0
1049,2,0,0
1050,2,0,0
1051,2,0,0
1052,1,0,0
1053,2,0,0
1054,2,0,0
1055,2,0,0
1056,2,0,0
1057,2,0,0
1058,2,0,0
1059,2,0,0
1060,2,0,0
1061,2,0,0
1062,1,0,0
1063,2,0,0
1064,3,0,0
1065,2,0,0
1066,2,0,0
1067,2,0,0
1068,2,0,0
1069,2,0,0
1070,2,0,0
1071,2,0,0
1072,2,0,0
1073,2,0,0
1074,2,0,0
1075,2,0,0
1076,2,0,0
1077,2,0,0
1078,2,0,0
1079,2,0,0
1080,2,0,0
1081,2,0,0
1082,2,0,0
1083,2,0,0
1084,2,0,0
1085,2,0,0
1086,1,0,0
1087,1,0,0
1088,1,0,0
1089,1,0,0
1090,1,0,0
1091,2,0,0
1092,2,0,0
1093,2,0,0
1094,2,0,0
1095,1,0,0
1096,1,0,0
1097,2,0,0
1098,2,0,0
1099,2,0,0
1100,2,0,0
1101,2,0,0
1102,1,0,0
1103,1,0,0
1104,1,0,0
1105,1,0,0
1106,1,0,0
1107,1,0,0
1108,0,0,0
1109,0,0,0
1110,2,0,0
1111,1,0,0
1112,1,0,0
1113,2,0,0
1114,2,0,0
1115,1,0,0
1116,1,0,0
1117,0,0,0
1118,1,0,0
1119,1,0,0
1120,1,0,0
1121,1,0,0
1122,1,0,0
1123,1,0,0
1124,2,0,0
1125,1,0,0
1126,1,0,0
1127,2,0,0
1128,2,0,0
1129,2,0,0
1130,2,0,0
1131,2,0,0
1132,2,0,0
1133,3,0,0
1134,3,0,0
1135,3,0,0
1136,3,0,0
1137,3,0,0
1138,3,0,0
1139,3,0,0
1140,3,0,0
1141,3,0,0
1142,3,0,0
1143,3,0,0
1144,3,0,0
1145,2,0,0
1146,2,0,0
1147,2,0,0
1148,2,0,0
1149,1,0,0
1150,3,0,0
1151,2,0,0
1152,3,0,0
1153,2,0,0
1154,3,0,0
1155,4,0,0
1156,3,0,0
1157,4,0,0
1158,4,0,0
1159,3,0,0
1160,3,0,0
1161,3,2,1
1162,3,0,0
1163,3,0,0
1164,3,2,1
1165,3,2,1
1166,4,2,1
1167,3,2,1
1168,3,0,0
1169,4,0,0
1170,4,0,0
1171,4,0,0
1172,3,0,0
1173,2,0,0
1174,4,2,1
1175,3,0,0
1176,4,0,0
1177,4,0,0
1178,4,0,0
1179,3,0,0
1180,3,0,0
1181,3,0,0
1182,3,0,0
1183,3,0,0
1184,2,0,0
1185,2,0,0
1186,2,0,0
1187,3,0,0
1188,2,0,0
1189,2,0,0
1190,2,0,0
1191,3,0,0
1192,2,0,0
1193,1,0,0
1194,1,0,0
1195,2,0,0
1196,2,0,0
1197,1,0,0
1198,2,0,0
1199,1,0,0
1200,1,0,0
1201,1,0,0
1202,2,0,0
1203,1,0,0
1204,1,0,0
1205,1,0,0
1206,1,0,0
1207,1,0,0
1208,2,0,0
1209,3,2,1
1210,2,0,0
1211,3,2,1
1212,3,2,1
1213,3,0,0
1214,3,0,0
1215,3,0,0
1216,3,0,0
1217,2,0,0
1218,4,0,0
1219,3,2,1
1220,3,0,0
1221,3,0,0
1222,3,2,1
1223,2,0,0
1224,2,0,0
1225,3,0,0
1226,3,0,0
1227,3,0,0
1228,3,0,0
1229,3,0,0
1230,3,0,0
1231,3,0,0
1232,3,0,0
1233,3,2,1
1234,3,0,0
1235,3,0,0
1236,3,2,1
1237,3,0,0
1238,3,0,0
1239,3,0,0
1240,3,0,0
1241,3,0,0
1242,2,0,0
1243,2,0,0
1244,2,0,0
1245,2,0,0
1246,2,0,0
1247,2,2,1
1248,2,0,0
1249,2,0,0
1250,2,0,0
1251,2,0,0
1252,2,0,0
1253,2,0,0
1254,2,0,0
1255,2,0,0
1256,2,0,0
1257,2,0,0
1258,1,0,0
1259,1,0,0
1260,2,0,0
1261,2,0,0
1262,2,0,0
1263,2,0,0
1264,3,0,0
1265,3,0,0
1266,3,0,0
1267,3,0,0
1268,3,0,0
1269,3,2,1
1270,3,2,1
1271,3,0,0
1272,3,0,0
1273,3,0,0
1274,3,0,0
1275,2,0,0
1276,2,0,0
1277,2,0,0
1278,2,0,0
1279,3,0,0
1280,2,0,0
1281,3,0,0
1282,3,0,0
1283,3,0,0
1284,3,0,0
1285,3,0,0
1286,2,0,0
1287,2,0,0
1288,3,0,0
1289,2,0,0
1290,2,0,0
1291,2,0,0
1292,2,0,0
1293,2,0,0
1294,2,0,0
1295,2,0,0
1296,2,0,0
1297,2,0,0
1298,2,0,0
1299,2,0,0
1300,3,0,0
1301,3,0,0
1302,2,0,0
1303,2,0,0
1304,2,0,0
1305,2,0,0
1306,2,0,0
1307,2,0,0
1308,2,0,0
1309,2,0,0
1310,2,0,0
1311,2,0,0
1312,2,0,0
1313,2,0,0
1314,3,0,0
1315,4,0,0
1316,4,0,0
1317,2,0,0
1318,2,0,0
1319,3,0,0
1320,2,0,0
1321,2,0,0
1322,1,0,0
1323,1,0,0
1324,1,0,0
1325,1,0,0
1326,1,0,0
1327,1,0,0
1328,1,0,0
1329,0,0,0
1330,0,0,0
1331,0,0,0
1332,1,0,0
1333,2,0,0
1334,1,0,0
1335,1,0,0
1336,1,0,0
1337,2,0,0
1338,1,0,0
1339,2,0,0
1340,2,0,0
1341,2,0,0
1342,3,0,0
1343,2,0,0
1344,2,0,0
1345,2,0,0
1346,2,0,0
1347,3,0,0
1348,2,0,0
1349,2,0,0
1350,2,0,0
1351,2,0,0
1352,2,2,1
1353,3,0,0
1354,2,2,1
1355,2,0,0
1356,1,0,0
1357,1,0,0
1358,1,0,0
1359,1,0,0
1360,1,0,0
1361,1,0,0
1362,1,0,0
1363,1,0,0
1364,1,0,0
1365,1,0,0
1366,1,0,0
1367,2,0,0
1368,2,0,0
1369,2,0,0
1370,2,0,0
1371,2,0,0
1372,1,0,0
1373,1,0,0
1374,1,0,0
1375,1,0,0
1376,1,0,0
1377,1,0,0
1378,1,0,0
1379,1,0,0
1380,1,0,0
1381,2,0,0
1382,2,0,0
1383,2,0,0
1384,2,0,0
1385,2,2,1
1386,2,0,0
1387,2,0,0
1388,2,0,0
1389,2,0,0
1390,3,0,0
1391,3,2,1
1392,3,0,0
1393,3,0,0
1394,3,0,0
1395,3,0,0
1396,3,0,0
1397,3,2,1
1398,3,2,1
1399,3,0,0
1400,3,0,0
1401,3,2,1
1402,3,2,1
1403,3,0,0
1404,3,0,0
1405,2,0,0
1406,2,0,0
1407,2,0,0
1408,2,0,0
1409,2,0,0
1410,2,0,0
1411,2,0,0
1412,3,2,1
1413,2,0,0
1414,2,0,0
1415,2,0,0
1416,3,0,0
1417,3,0,0
1418,2,0,0
1419,2,0,0
1420,2,0,0
1421,2,0,0
1422,2,0,0
1423,2,0,0
1424,2,0,0
1425,2,0,0
1426,2,0,0
1427,3,2,1
1428,3,0,0
1429,3,0,0
1430,3,2,1
1431,3,0,0
1432,2,2,1
1433,2,0,0
1434,3,0,0
1435,3,2,1
1436,2,0,0
1437,2,0,0
1438,2,0,0
1439,2,0,0
1440,3,0,0
1441,2,0,0
1442,2,0,0
1443,2,0,0
1444,3,0,0
1445,3,0,0
1446,2,0,0
1447,2,0,0
1448,2,0,0
1449,2,2,1
1450,2,0,0
1451,2,0,0
1452,2,0,0
1453,2,0,0
1454,2,0,0
1455,3,0,0
1456,3,0,0
1457,3,0,0
1458,3,0,0
1459,3,0,0
1460,3,0,0
1461,3,0,0
1462,3,0,0
1463,3,0,0
1464,3,0,0
1465,3,0,0
1466,3,0,0
1467,3,0,0
1468,2,0,0
1469,2,0,0
1470,3,0,0
1471,3,0,0
1472,3,0,0
1473,3,0,0
1474,3,0,0
1475,3,0,0
1476,3,0,0
1477,3,0,0
1478,4,0,0
1479,3,0,0
1480,3,2,1
1481,3,0,0
1482,3,0,0
1483,3,0,0
1484,3,0,0
1485,3,0,0
1486,3,0,0
1487,3,0,0
1488,2,0,0
1489,1,0,0
1490,1,0,0
1491,1,0,0
1492,1,0,0
1493,2,0,0
1494,2,0,0
1495,1,0,0
1496,2,0,0
1497,1,0,0
1498,1,0,0
1499,1,0,0
1500,1,0,0
1501,0,0,0
1502,0,0,0
1503,1,0,0
1504,1,0,0
1505,1,0,0
1506,1,0,0
1507,1,0,0
1508,1,0,0
1509,1,0,0
1510,2,0,0
1511,2,0,0
1512,2,0,0
1513,3,0,0
1514,3,0,0
1515,3,0,0
1516,3,0,0
1517,3,0,0
1518,3,0,0
1519,3,0,0
1520,3,2,1
1521,3,0,0
1522,2,2,1
1523,2,2,1
1524,2,2,1
1525,2,2,1
1526,2,2,1
1527,2,2,1
1528,2,0,0
1529,2,2,1
1530,2,0,0
1531,2,0,0
1532,2,0,0
1533,2,0,0
1534,2,0,0
1535,2,0,0
1536,2,0,0
1537,2,0,0
1538,2,0,0
1539,2,0,0
1540,2,0,0
1541,2,2,1
1542,1,0,0
1543,1,0,0
1544,2,0,0
1545,2,0,0
1546,1,0,0
1547,1,0,0
1548,1,0,0
1549,1,0,0
1550,1,0,0
1551,1,0,0
1552,1,0,0
1553,1,0,0
1554,1,0,0
1555,1,0,0
1556,1,0,0
1557,1,0,0
1558,1,0,0
1559,1,0,0
1560,2,2,1
1561,3,0,0
1562,3,0,0
1563,2,0,0
1564,2,0,0
1565,2,0,0
1566,2,0,0
1567,2,0,0
1568,2,0,0
1569,2,0,0
1570,2,0,0
1571,2,0,0
1572,1,0,0
1573,1,0,0
1574,2,0,0
1575,2,0,0
1576,3,0,0
1577,3,0,0
1578,3,2,1
1579,3,0,0
1580,3,0,0
1581,3,0,0
1582,3,0,0
1583,3,0,0
1584,3,0,0
1585,3,0,0
1586,3,0,0
1587,3,0,0
1588,3,0,0
1589,3,0,0
1590,3,0,0
1591,3,0,0
1592,2,2,1
1593,2,0,0
1594,1,0,0
1595,2,0,0
1596,2,0,0
1597,2,2,1
1598,2,0,0
1599,2,0,0
1600,2,0,0
1601,2,0,0
1602,2,0,0
1603,2,0,0
1604,2,0,0
1605,2,0,0
1606,2,0,0
1607,2,0,0
1608,2,0,0
1609,3,0,0
1610,2,0,0
1611,2,0,0
1612,1,0,0
1613,2,0,0
1614,2,0,0
1615,2,0,0
1616,2,0,0
1617,1,0,0
1618,1,0,0
1619,1,0,0
1620,1,0,0
1621,1,0,0
1622,1,0,0
1623,1,0,0
1624,1,0,0
1625,1,0,0
1626,2,0,0
1627,2,0,0
1628,2,0,0
1629,2,0,0
1630,2,0,0
1631,2,0,0
1632,2,0,0
1633,2,2,1
1634,2,0,0
1635,2,0,0
1636,2,0,0
1637,2,0,0
1638,2,0,0
1639,2,0,0
1640,2,0,0
1641,3,2,1
1642,2,2,1
1643,2,2,1
1644,2,0,0
1645,3,0,0
1646,3,0,0
1647,3,0,0
1648,2,0,0
1649,1,0,0
1650,1,0,0
1651,1,0,0
1652,1,0,0
1653,2,0,0
1654,2,0,0
1655,2,0,0
1656,2,0,0
1657,2,0,0
1658,2,0,0
1659,2,0,0
1660,2,0,0
1661,2,0,0
1662,2,0,0
1663,2,0,0
1664,1,0,0
1665,1,0,0
1666,1,0,0
1667,1,0,0
1668,2,0,0
1669,1,0,0
1670,2,0,0
1671,2,0,0
1672,2,0,0
1673,2,0,0
1674,2,0,0
1675,1,0,0
1676,1,0,0
1677,1,0,0
1678,2,0,0
1679,2,0,0
1680,2,0,0
1681,2,0,0
1682,2,0,0
1683,2,0,0
1684,2,0,0
1685,1,0,0
1686,1,0,0
1687,1,0,0
1688,1,0,0
1689,1,0,0
1690,1,0,0
1691,1,0,0
1692,1,0,0
1693,2,0,0
1694,2,0,0
1695,1,0,0
1696,1,0,0
1697,1,0,0
1698,2,0,0
1699,2,0,0
1700,3,0,0
1701,2,0,0
1702,2,0,0
1703,3,0,0
1704,3,0,0
1705,3,2,1
1706,3,0,0
1707,3,0,0
1708,3,0,0
1709,4,0,0
1710,3,0,0
1711,2,0,0
1712,2,0,0
1713,2,0,0
1714,2,0,0
1715,2,0,0
1716,2,0,0
1717,2,0,0
1718,1,0,0
1719,2,0,0
1720,2,0,0
1721,2,0,0
1722,2,0,0
1723,2,0,0
1724,3,0,0
1725,3,0,0
1726,3,0,0
1727,3,0,0
1728,3,0,0
1729,2,0,0
1730,2,0,0
1731,2,0,0
1732,2,0,0
1733,3,0,0
1734,4,0,0
1735,4,0,0
1736,4,0,0
1737,4,0,0
1738,3,0,0
1739,3,0,0
1740,3,0,0
1741,3,0,0
1742,2,0,0
1743,2,0,0
1744,2,0,0
1745,2,0,0
1746,1,0,0
1747,1,0,0
1748,2,0,0
1749,2,0,0
1750,2,0,0
1751,2,0,0
1752,2,0,0
1753,2,0,0
1754,3,0,0
1755,3,0,0
1756,2,0,0
1757,3,0,0
1758,2,0,0
1759,2,0,0
1760,2,0,0
1761,2,0,0
1762,2,0,0
1763,2,0,0
1764,3,0,0
1765,3,0,0
1766,3,0,0
1767,3,0,0
1768,3,0,0
1769,3,0,0
1770,3,0,0
1771,3,2,1
1772,3,2,1
1773,3,3,2
1774,3,3,3
1775,3,3,3
1776,3,3,3
1777,3,3,2
1778,3,3,2
1779,3,3,2
1780,3,3,2
1781,3,3,2
1782,3,3,2
1783,3,3,2
1784,3,3,2
1785,3,0,0
1786,2,0,0
1787,3,2,1
1788,4,3,2
1789,4,0,0
1790,4,0,0
1791,4,0,0
1792,4,0,0
1793,3,0,0
1794,4,0,0
1795,4,0,0
1796,3,0,0
1797,3,0,0
1798,3,0,0
1799,2,0,0
1800,2,0,0
1801,3,0,0
1802,2,0,0
1803,2,0,0
1804,2,0,0
1805,4,0,0
1806,3,2,1
1807,2,0,0
1808,3,0,0
1809,3,0,0
1810,3,0,0
1811,3,0,0
1812,2,0,0
1813,2,0,0
1814,3,0,0
1815,3,0,0
1816,4,0,0
1817,4,0,0
1818,4,0,0
1819,3,0,0
1820,3,0,0
1821,3,0,0
1822,3,0,0
1823,3,0,0
1824,3,2,1
1825,3,0,0
1826,3,0,0
1827,2,0,0
1828,4,0,0
1829,3,0,0
1830,3,0,0
1831,3,0,0
1832,3,0,0
1833,3,0,0
1834,4,0,0
1835,3,2,1
1836,3,0,0
1837,3,0,0
1838,5,0,0
1839,4,0,0
1840,4,0,0
1841,4,2,1
1842,4,0,0
1843,4,0,0
1844,3,0,0
1845,2,0,0
1846,3,2,1
1847,3,0,0
1848,3,0,0
1849,3,0,0
1850,3,0,0
1851,3,0,0
1852,3,0,0
1853,3,0,0
1854,3,0,0
1855,2,0,0
1856,3,2,1
1857,3,2,1
1858,2,0,0
1859,2,0,0
1860,2,0,0
1861,2,0,0
1862,4,0,0
1863,4,0,0
1864,3,0,0
1865,3,0,0
1866,3,2,1
1867,3,0,0
1868,3,0,0
1869,3,0,0
1870,3,0,0
1871,2,0,0
1872,2,0,0
1873,2,0,0
1874,2,0,0
1875,2,0,0
1876,2,0,0
1877,2,0,0
1878,2,0,0
1879,2,0,0
1880,2,0,0
1881,2,0,0
1882,2,0,0
1883,2,0,0
1884,2,0,0
1885,2,0,0
1886,2,0,0
1887,2,0,0
1888,2,0,0
1889,2,0,0
1890,3,0,0
1891,2,0,0
1892,2,0,0
1893,2,0,0
1894,2,0,0
1895,1,0,0
1896,2,0,0
1897,1,0,0
1898,1,0,0
1899,1,0,0
1900,2,0,0
1901,1,0,0
1902,1,0,0
1903,2,0,0
1904,3,0,0
1905,2,0,0
1906,1,0,0
1907,1,0,0
1908,1,0,0
1909,1,0,0
1910,1,0,0
1911,1,0,0
1912,1,0,0
1913,1,0,0
1914,1,0,0
1915,1,0,0
1916,2,0,0
1917,2,0,0
1918,2,0,0
1919,2,0,0
1920,2,0,0
1921,2,0,0
1922,3,0,0
1923,2,0,0
1924,2,0,0
1925,2,0,0
1926,2,0,0
1927,2,0,0
1928,2,0,0
1929,2,0,0
1930,2,0,0
1931,2,0,0
1932,2,0,0
1933,1,0,0
1934,2,0,0
1935,1,0,0
1936,1,0,0
1937,1,0,0
1938,1,0,0
1939,1,0,0
1940,1,0,0
1941,1,0,0
1942,1,0,0
1943,1,0,0
1944,1,0,0
1945,1,0,0
1946,1,0,0
1947,1,0,0
1948,2,0,0
1949,3,0,0
1950,3,0,0
1951,3,0,0
1952,3,0,0
1953,3,0,0
1954,3,2,1
1955,3,2,1
1956,3,2,1
1957,3,2,1
1958,3,2,1
1959,3,2,1
1960,2,2,1
1961,2,2,1
1962,2,0,0
1963,2,2,1
1964,2,0,0
1965,2,0,0
1966,2,0,0
1967,2,0,0
1968,2,0,0
1969,2,0,0
1970,2,0,0
1971,2,2,1
1972,2,0,0
1973,2,0,0
1974,2,0,0
1975,2,0,0
1976,2,0,0
1977,2,0,0
1978,2,0,0
1979,2,0,0
1980,2,0,0
1981,3,0,0
1982,3,0,0
1983,3,0,0
1984,3,0,0
1985,2,0,0
1986,2,0,0
1987,2,0,0
1988,2,0,0
1989,2,0,0
1990,2,0,0
1991,1,0,0
1992,2,0,0
1993,1,0,0
1994,1,0,0
1995,2,0,0
1996,2,0,0
1997,2,0,0
1998,2,0,0
1999,2,0,0
