0,0,0,0
1,1,0,0
2,1,0,0
3,1,0,0
4,2,0,0
5,2,0,0
6,1,0,0
7,1,0,0
8,1,0,0
9,1,0,0
10,1,0,0
11,1,0,0
12,2,0,0
13,3,0,0
14,1,0,0
15,2,0,0
16,3,2,1
17,3,0,0
18,4,0,0
19,3,0,0
20,3,3,2
21,3,2,1
22,3,2,1
23,3,2,1
24,3,2,1
25,3,2,1
26,3,2,1
27,3,2,1
28,3,2,1
29,3,0,0
30,3,0,0
31,3,0,0
32,3,0,0
33,4,3,2
34,3,0,0
35,2,0,0
36,2,0,0
37,2,0,0
38,2,0,0
39,2,0,0
40,4,0,0
41,3,0,0
42,2,0,0
43,2,0,0
44,2,0,0
45,2,2,1
46,2,0,0
47,2,0,0
48,2,0,0
49,2,0,0
50,2,0,0
51,2,0,0
52,2,0,0
53,2,0,0
54,3,0,0
55,2,0,0
56,2,0,0
57,2,0,0
58,2,0,0
59,2,0,0
60,2,0,0
61,2,0,0
62,3,2,1
63,2,0,0
64,2,0,0
65,3,0,0
66,3,2,1
67,3,0,0
68,3,0,0
69,3,0,0
70,3,0,0
71,3,0,0
72,3,0,0
73,3,0,0
74,4,0,0
75,4,0,0
76,4,0,0
77,3,0,0
78,4,0,0
79,3,0,0
80,4,2,1
81,4,2,1
82,4,2,1
83,4,2,1
84,4,2,1
85,4,2,1
86,3,0,0
87,3,0,0
88,3,0,0
89,3,0,0
90,3,0,0
91,3,0,0
92,4,0,0
93,3,0,0
94,3,0,0
95,3,0,0
96,4,0,0
97,3,0,0
98,3,0,0
99,2,0,0
100,3,0,0
101,2,0,0
102,2,0,0
103,1,0,0
104,1,0,0
105,2,0,0
106,2,0,0
107,2,0,0
108,2,0,0
109,1,0,0
110,2,0,0
111,2,0,0
112,1,0,0
113,1,0,0
114,2,0,0
115,2,0,0
116,2,0,0
117,2,0,0
118,2,0,0
119,2,0,0
120,2,0,0
121,2,0,0
122,2,0,0
123,2,0,0
124,2,0,0
125,2,0,0
126,1,0,0
127,2,0,0
128,1,0,0
129,1,0,0
130,1,0,0
131,1,0,0
132,1,0,0
133,1,0,0
134,1,0,0
135,0,0,0
136,0,0,0
137,0,0,0
138,0,0,0
139,0,0,0
140,0,0,0
141,0,0,0
142,0,0,0
143,0,0,0
144,1,0,0
145,1,0,0
146,0,0,0
147,0,0,0
148,1,0,0
149,1,0,0
150,1,0,0
151,1,0,0
152,0,0,0
153,1,0,0
154,0,0,0
155,1,0,0
156,0,0,0
157,1,0,0
158,0,0,0
159,2,0,0
160,1,0,0
161,1,0,0
162,1,0,0
163,1,0,0
164,1,0,0
165,1,0,0
166,1,0,0
167,1,0,0
168,1,0,0
169,1,0,0
170,1,0,0
171,1,0,0
172,1,0,0
173,1,0,0
174,1,0,0
175,1,0,0
176,1,0,0
177,1,0,0
178,1,0,0
179,1,0,0
180,1,0,0
181,1,0,0
182,1,0,0
183,1,0,0
184,1,0,0
185,2,0,0
186,2,0,0
187,2,0,0
188,2,0,0
189,2,0,0
190,2,0,0
191,2,2,1
192,3,0,0
193,2,0,0
194,2,0,0
195,2,0,0
196,2,0,0
197,2,0,0
198,2,0,0
199,2,0,0
200,2,0,0
201,2,0,0
202,2,0,0
203,2,0,0
204,2,0,0
205,2,0,0
206,2,0,0
207,2,0,0
208,3,0,0
209,3,0,0
210,3,0,0
211,3,0,0
212,3,0,0
213,2,0,0
214,2,0,0
215,2,0,0
216,3,2,1
217,3,2,1
218,3,2,1
219,3,2,1
220,3,0,0
221,3,0,0
222,2,0,0
223,2,0,0
224,2,0,0
225,3,0,0
226,3,0,0
227,3,2,1
228,3,0,0
229,3,2,1
230,2,0,0
231,3,2,1
232,2,0,0
233,2,0,0
234,2,0,0
235,2,0,0
236,2,0,0
237,2,0,0
238,2,0,0
239,2,0,0
240,2,0,0
241,1,0,0
242,1,0,0
243,1,0,0
244,1,0,0
245,1,0,0
246,2,0,0
247,2,0,0
248,2,0,0
249,2,0,0
250,2,0,0
251,2,0,0
252,3,0,0
253,2,0,0
254,2,0,0
255,2,0,0
256,2,0,0
257,2,0,0
258,2,0,0
259,2,0,0
260,2,0,0
261,2,0,0
262,2,0,0
263,1,0,0
264,3,0,0
265,3,0,0
266,3,0,0
267,2,0,0
268,1,0,0
269,1,0,0
270,1,0,0
271,1,0,0
272,1,0,0
273,1,0,0
274,1,0,0
275,1,0,0
276,1,0,0
277,1,0,0
278,1,0,0
279,1,0,0
280,1,0,0
281,1,0,0
282,1,0,0
283,1,0,0
284,1,0,0
285,1,0,0
286,1,0,0
287,1,0,0
288,1,0,0
289,1,0,0
290,1,0,0
291,1,0,0
292,2,0,0
293,2,0,0
294,1,0,0
295,1,0,0
296,1,0,0
297,2,0,0
298,2,0,0
299,3,0,0
300,2,0,0
301,2,0,0
302,2,0,0
303,2,0,0
304,2,0,0
305,2,0,0
306,2,0,0
307,2,0,0
308,2,0,0
309,2,0,0
310,3,0,0
311,3,0,0
312,2,0,0
313,2,0,0
314,2,0,0
315,2,0,0
316,2,2,1
317,1,0,0
318,2,0,0
319,2,0,0
320,2,0,0
321,3,0,0
322,2,0,0
323,2,0,0
324,2,0,0
325,1,0,0
326,2,0,0
327,2,0,0
328,2,0,0
329,3,0,0
330,2,0,0
331,3,0,0
332,4,0,0
333,4,0,0
334,3,0,0
335,3,0,0
336,3,0,0
337,4,2,1
338,4,0,0
339,4,0,0
340,4,0,0
341,4,0,0
342,4,0,0
343,4,0,0
344,4,0,0
345,5,0,0
346,3,0,0
347,3,0,0
348,5,0,0
349,3,0,0
350,3,0,0
351,3,0,0
352,3,0,0
353,3,0,0
354,3,0,0
355,2,0,0
356,2,0,0
357,2,0,0
358,2,0,0
359,2,0,0
360,2,0,0
361,2,2,1
362,3,0,0
363,3,0,0
364,3,0,0
365,3,0,0
366,2,0,0
367,2,0,0
368,2,0,0
369,3,2,1
370,3,0,0
371,4,0,0
372,3,0,0
373,3,2,1
374,3,0,0
375,3,0,0
376,3,0,0
377,3,0,0
378,3,0,0
379,3,0,0
380,3,3,2
381,3,2,1
382,3,2,1
383,3,0,0
384,3,0,0
385,3,0,0
386,3,0,0
387,4,2,1
388,2,0,0
389,2,2,1
390,2,0,0
391,2,0,0
392,3,0,0
393,3,0,0
394,4,0,0
395,3,0,0
396,4,0,0
397,4,0,0
398,3,0,0
399,3,0,0
400,3,0,0
401,3,0,0
402,2,0,0
403,2,0,0
404,2,0,0
405,2,0,0
406,2,0,0
407,3,0,0
408,3,0,0
409,3,0,0
410,3,0,0
411,3,2,1
412,3,0,0
413,2,0,0
414,2,0,0
415,2,0,0
416,2,0,0
417,2,0,0
418,3,0,0
419,3,0,0
420,4,0,0
421,5,0,0
422,4,0,0
423,4,0,0
424,4,0,0
425,4,0,0
426,4,0,0
427,5,0,0
428,4,0,0
429,4,0,0
430,3,0,0
431,3,0,0
432,3,0,0
433,3,0,0
434,3,0,0
435,3,0,0
436,3,0,0
437,3,0,0
438,3,0,0
439,3,0,0
440,2,0,0
441,2,0,0
442,2,2,1
443,2,2,1
444,2,0,0
445,2,0,0
446,2,0,0
447,2,0,0
448,1,0,0
449,2,0,0
450,1,0,0
451,1,0,0
452,1,0,0
453,0,0,0
454,0,0,0
455,0,0,0
456,0,0,0
457,0,0,0
458,2,0,0
459,2,0,0
460,2,0,0
461,2,0,0
462,2,0,0
463,2,0,0
464,1,0,0
465,1,0,0
466,1,0,0
467,1,0,0
468,1,0,0
469,1,0,0
470,1,0,0
471,1,0,0
472,1,0,0
473,1,0,0
474,1,0,0
475,2,0,0
476,2,0,0
477,3,0,0
478,3,0,0
479,3,2,1
480,3,0,0
481,4,0,0
482,4,0,0
483,4,2,1
484,5,0,0
485,5,0,0
486,5,0,0
487,5,0,0
488,6,0,0
489,5,2,1
490,6,0,0
491,6,0,0
492,4,2,1
493,4,2,1
494,4,2,1
495,4,3,2
496,4,0,0
497,4,0,0
498,4,2,1
499,4,0,0
500,3,0,0
501,4,2,1
502,3,0,0
503,4,0,0
504,3,0,0
505,3,0,0
506,4,0,0
507,4,3,2
508,3,0,0
509,4,2,1
510,4,0,0
511,4,0,0
512,4,0,0
513,4,0,0
514,4,0,0
515,4,2,1
516,3,2,1
517,3,2,1
518,3,2,1
519,3,2,1
520,3,2,1
521,3,2,1
522,3,2,1
523,3,2,1
524,2,0,0
525,3,0,0
526,2,0,0
527,2,0,0
528,2,0,0
529,2,0,0
530,2,0,0
531,2,0,0
532,3,0,0
533,3,0,0
534,2,0,0
535,2,0,0
536,2,0,0
537,3,0,0
538,3,0,0
539,3,0,0
540,3,0,0
541,3,0,0
542,3,0,0
543,3,0,0
544,3,2,1
545,3,0,0
546,3,2,1
547,3,0,0
548,3,0,0
549,3,0,0
550,3,0,0
551,5,0,0
552,5,0,0
553,4,0,0
554,6,2,1
555,5,3,2
556,3,3,2
557,3,3,2
558,3,3,2
559,3,3,3
560,3,3,3
561,3,3,2
562,3,3,3
563,3,3,3
564,3,3,3
565,3,3,3
566,3,3,3
567,3,3,3
568,3,3,2
569,4,2,1
570,4,0,0
571,3,0,0
572,4,0,0
573,3,0,0
574,3,0,0
575,3,0,0
576,3,0,0
577,3,0,0
578,3,0,0
579,3,0,0
580,3,0,0
581,2,0,0
582,2,0,0
583,3,0,0
584,2,0,0
585,2,0,0
586,2,0,0
587,3,0,0
588,4,0,0
589,3,2,1
590,3,0,0
591,4,0,0
592,3,0,0
593,3,2,1
594,3,0,0
595,3,0,0
596,3,0,0
597,3,0,0
598,3,2,1
599,3,3,2
600,3,3,2
601,3,3,3
602,3,3,2
603,3,3,3
604,3,3,2
605,3,3,2
606,3,3,2
607,3,3,3
608,3,3,2
609,3,3,3
610,3,3,3
611,3,3,3
612,3,3,3
613,3,3,3
614,3,3,3
615,3,3,3
616,4,3,3
617,4,3,3
618,3,3,2
619,3,2,1
620,3,0,0
621,4,0,0
622,4,0,0
623,4,0,0
624,4,0,0
625,4,0,0
626,4,0,0
627,4,2,1
628,4,0,0
629,4,0,0
630,3,2,1
631,3,3,2
632,3,2,1
633,3,3,2
634,2,2,1
635,2,2,1
636,3,3,3
637,3,3,2
638,3,3,3
639,3,3,3
640,3,3,2
641,3,2,1
642,3,3,2
643,3,3,2
644,3,2,1
645,3,2,1
646,3,0,0
647,3,2,1
648,2,2,1
649,2,2,1
650,2,2,1
651,2,0,0
652,2,2,1
653,3,0,0
654,3,0,0
655,1,0,0
656,1,0,0
657,1,0,0
658,1,0,0
659,1,0,0
660,1,0,0
661,1,0,0
662,1,0,0
663,1,0,0
664,1,0,0
665,1,0,0
666,1,0,0
667,1,0,0
668,1,0,0
669,2,0,0
670,1,0,0
671,1,0,0
672,1,0,0
673,1,0,0
674,1,0,0
675,1,0,0
676,1,0,0
677,2,0,0
678,2,0,0
679,1,0,0
680,1,0,0
681,2,0,0
682,1,0,0
683,2,0,0
684,2,0,0
685,2,0,0
686,2,0,0
687,2,0,0
688,2,0,0
689,1,0,0
690,1,0,0
691,1,0,0
692,1,0,0
693,1,0,0
694,1,0,0
695,1,0,0
696,1,0,0
697,1,0,0
698,1,0,0
699,2,0,0
700,1,0,0
701,1,0,0
702,1,0,0
703,1,0,0
704,1,0,0
705,1,0,0
706,1,0,0
707,1,0,0
708,1,0,0
709,1,0,0
710,1,0,0
711,2,0,0
712,1,0,0
713,2,0,0
714,0,0,0
715,1,0,0
716,1,0,0
717,1,0,0
718,1,0,0
719,1,0,0
720,3,0,0
721,2,0,0
722,3,0,0
723,3,0,0
724,3,0,0
725,3,0,0
726,2,0,0
727,3,0,0
728,3,0,0
729,3,0,0
730,3,0,0
731,3,2,1
732,3,0,0
733,3,0,0
734,3,0,0
735,3,0,0
736,3,0,0
737,3,0,0
738,2,0,0
739,2,0,0
740,2,0,0
741,2,0,0
742,2,0,0
743,2,0,0
744,2,0,0
745,2,0,0
746,3,0,0
747,3,0,0
748,3,0,0
749,3,0,0
750,4,0,0
751,3,0,0
752,2,2,1
753,2,2,1
754,3,0,0
755,2,0,0
756,3,0,0
757,3,2,1
758,3,0,0
759,3,2,1
760,3,0,0
761,3,0,0
762,2,2,1
763,2,0,0
764,2,0,0
765,2,0,0
766,2,0,0
767,2,0,0
768,1,0,0
769,1,0,0
770,1,0,0
771,1,0,0
772,1,0,0
773,1,0,0
774,2,0,0
775,1,0,0
776,0,0,0
777,0,0,0
778,0,0,0
779,1,0,0
780,1,0,0
781,1,0,0
782,1,0,0
783,1,0,0
784,1,0,0
785,1,0,0
786,1,0,0
787,1,0,0
788,1,0,0
789,1,0,0
790,1,0,0
791,1,0,0
792,2,0,0
793,2,0,0
794,2,0,0
795,2,0,0
796,2,0,0
797,2,0,0
798,2,0,0
799,2,0,0
800,2,0,0
801,2,0,0
802,2,0,0
803,2,0,0
804,2,0,0
805,2,0,0
806,3,0,0
807,2,2,1
808,2,2,1
809,2,0,0
810,2,0,0
811,2,0,0
812,3,0,0
813,3,0,0
814,3,0,0
815,2,0,0
816,2,0,0
817,2,0,0
818,2,0,0
819,2,0,0
820,2,0,0
821,2,0,0
822,2,0,0
823,2,0,0
824,2,0,0
825,2,0,0
826,2,0,0
827,2,0,0
828,2,0,0
829,2,0,0
830,2,0,0
831,2,0,0
832,2,0,0
833,2,0,0
834,2,0,0
835,2,0,0
836,2,0,0
837,2,0,0
838,2,0,0
839,2,0,0
840,2,0,0
841,1,0,0
842,2,0,0
843,2,0,0
844,2,0,0
845,2,2,1
846,2,2,1
847,2,2,1
848,2,2,1
849,2,2,1
850,2,2,1
851,2,2,1
852,2,0,0
853,2,0,0
854,2,0,0
855,2,0,0
856,2,0,0
857,2,0,0
858,2,0,0
859,2,0,0
860,2,0,0
861,2,0,0
862,2,0,0
863,2,0,0
864,2,0,0
865,2,0,0
866,2,0,0
867,2,0,0
868,2,0,0
869,1,0,0
870,1,0,0
871,2,0,0
872,2,0,0
873,2,0,0
874,2,0,0
875,2,0,0
876,2,2,1
877,2,0,0
878,2,2,1
879,3,2,1
880,3,0,0
881,3,0,0
882,3,2,1
883,2,0,0
884,2,0,0
885,2,0,0
886,2,0,0
887,2,0,0
888,2,0,0
889,3,0,0
890,2,0,0
891,2,0,0
892,2,0,0
893,2,0,0
894,2,0,0
895,2,0,0
896,3,0,0
897,3,0,0
898,3,0,0
899,3,0,0
900,2,0,0
901,2,0,0
902,3,0,0
903,4,0,0
904,3,0,0
905,3,0,0
906,3,2,1
907,2,0,0
908,2,0,0
909,3,2,1
910,3,2,1
911,3,2,1
912,2,2,1
913,2,2,1
914,2,2,1
915,2,2,1
916,2,2,1
917,3,2,1
918,3,2,1
919,3,0,0
920,3,0,0
921,2,0,0
922,1,0,0
923,1,0,0
924,1,0,0
925,2,0,0
926,3,0,0
927,2,0,0
928,3,0,0
929,3,0,0
930,3,0,0
931,3,0,0
932,3,0,0
933,3,0,0
934,3,0,0
935,3,0,0
936,3,0,0
937,3,0,0
938,3,0,0
939,2,0,0
940,2,0,0
941,2,0,0
942,3,0,0
943,3,0,0
944,3,0,0
945,3,2,1
946,3,2,1
947,3,2,1
948,3,0,0
949,3,0,0
950,4,2,1
951,3,2,1
952,3,2,1
953,3,2,1
954,3,2,1
955,3,0,0
956,3,0,0
957,1,0,0
958,1,0,0
959,1,0,0
960,1,0,0
961,1,0,0
962,1,0,0
963,1,0,0
964,1,0,0
965,1,0,0
966,1,0,0
967,2,0,0
968,2,0,0
969,2,0,0
970,2,0,0
971,2,0,0
972,2,0,0
973,2,0,0
974,3,0,0
975,2,0,0
976,2,0,0
977,2,0,0
978,1,0,0
979,1,0,0
980,2,0,0
981,1,0,0
982,1,0,0
983,1,0,0
984,1,0,0
985,2,0,0
986,1,0,0
987,1,0,0
988,2,0,0
989,3,0,0
990,2,0,0
991,2,0,0
992,2,0,0
993,2,0,0
994,2,0,0
995,2,0,0
996,2,0,0
997,2,0,0
998,2,0,0
999,1,0,0
1000,1,0,0
1001,2,0,0
1002,3,0,0
1003,2,0,0
1004,3,0,0
1005,2,0,0
1006,4,0,0
1007,3,0,0
1008,4,0,0
1009,3,0,0
1010,3,0,0
1011,3,0,0
1012,3,2,1
1013,3,0,0
1014,3,0,0
1015,4,0,0
1016,3,0,0
1017,4,0,0
1018,4,0,0
1019,4,0,0
1020,4,0,0
1021,3,0,0
1022,3,0,0
1023,3,0,0
1024,3,0,0
1025,3,0,0
1026,3,0,0
1027,3,0,0
1028,2,0,0
1029,2,0,0
1030,2,0,0
1031,2,0,0
1032,2,2,1
1033,2,0,0
1034,2,0,0
1035,1,0,0
1036,2,0,0
1037,2,0,0
1038,1,0,0
1039,3,0,0
1040,2,0,0
1041,2,0,0
1042,2,0,0
1043,2,0,0
1044,2,0,0
1045,2,2,1
1046,2,0,0
1047,2,0,0
1048,3,0,0
1049,3,0,0
1050,2,0,0
1051,2,0,0
1052,2,0,0
1053,2,0,0
1054,3,0,0
1055,2,0,0
1056,2,0,0
1057,2,0,0
1058,2,0,0
1059,2,0,0
1060,2,2,1
1061,2,0,0
1062,2,2,1
1063,2,0,0
1064,2,2,1
1065,2,0,0
1066,2,0,0
1067,2,2,1
1068,2,0,0
1069,3,0,0
1070,2,0,0
1071,2,0,0
1072,2,0,0
1073,2,0,0
1074,3,0,0
1075,3,0,0
1076,3,0,0
1077,3,0,0
1078,3,0,0
1079,3,0,0
1080,3,0,0
1081,3,0,0
1082,2,0,0
1083,1,0,0
1084,1,0,0
1085,1,0,0
1086,1,0,0
1087,1,0,0
1088,1,0,0
1089,1,0,0
1090,1,0,0
1091,0,0,0
1092,0,0,0
1093,1,0,0
1094,2,0,0
1095,2,0,0
1096,2,0,0
1097,2,0,0
1098,2,0,0
1099,2,2,1
1100,2,0,0
1101,2,0,0
1102,3,0,0
1103,2,0,0
1104,3,0,0
1105,2,0,0
1106,2,0,0
1107,2,0,0
1108,1,0,0
1109,1,0,0
1110,1,0,0
1111,2,0,0
1112,2,0,0
1113,2,0,0
1114,3,0,0
1115,3,0,0
1116,3,0,0
1117,3,0,0
1118,3,0,0
1119,2,0,0
1120,2,0,0
1121,2,0,0
1122,2,0,0
1123,2,0,0
1124,2,0,0
1125,2,0,0
1126,2,2,1
1127,2,2,1
1128,3,2,1
1129,3,2,1
1130,3,2,1
1131,3,2,1
1132,3,2,1
1133,4,0,0
1134,4,0,0
1135,4,0,0
1136,4,3,2
1137,3,3,3
1138,4,3,3
1139,3,0,0
1140,3,0,0
1141,4,0,0
1142,3,2,1
1143,4,3,2
1144,4,2,1
1145,4,0,0
1146,4,0,0
1147,3,0,0
1148,3,0,0
1149,3,0,0
1150,3,0,0
1151,3,0,0
1152,3,0,0
1153,3,0,0
1154,3,2,1
1155,3,2,1
1156,3,2,1
1157,4,3,2
1158,4,3,2
1159,3,2,1
1160,4,0,0
1161,4,2,1
1162,4,0,0
1163,4,0,0
1164,4,0,0
1165,3,0,0
1166,3,0,0
1167,3,0,0
1168,3,0,0
1169,3,0,0
1170,3,0,0
1171,3,0,0
1172,4,0,0
1173,4,2,1
1174,4,2,1
1175,4,2,1
1176,4,3,2
1177,4,2,1
1178,4,2,1
1179,4,3,2
1180,4,2,1
1181,4,0,0
1182,4,2,1
1183,4,0,0
1184,4,0,0
1185,5,0,0
1186,3,0,0
1187,2,0,0
1188,3,0,0
1189,3,0,0
1190,3,0,0
1191,4,0,0
1192,3,2,1
1193,3,0,0
1194,4,0,0
1195,4,0,0
1196,4,0,0
1197,5,0,0
1198,4,2,1
1199,4,3,2
1200,4,3,2
1201,4,3,2
1202,4,3,2
1203,4,3,3
1204,4,3,2
1205,5,3,3
1206,4,3,3
1207,4,3,2
1208,4,3,3
1209,4,3,3
1210,4,3,2
1211,4,3,2
1212,4,4,4
1213,5,4,4
1214,7,5,5
1215,5,5,6
1216,5,5,5
1217,5,5,5
1218,5,5,7
1219,5,5,6
1220,5,5,4
1221,5,5,6
1222,5,5,6
1223,5,5,6
1224,5,5,5
1225,5,5,6
1226,5,5,7
1227,5,5,4
1228,5,5,6
1229,5,5,5
1230,5,5,5
1231,5,5,7
1232,5,5,7
1233,5,5,7
1234,5,5,6
1235,5,5,7
1236,5,5,5
1237,5,5,6
1238,5,5,5
1239,5,4,4
1240,5,4,5
1241,5,4,4
1242,5,4,3
1243,4,4,5
1244,4,4,4
1245,3,3,3
1246,4,4,5
1247,4,4,4
1248,4,4,3
1249,5,4,5
1250,4,4,5
1251,4,4,4
1252,4,4,5
1253,4,4,4
1254,3,2,1
1255,4,4,4
1256,4,4,4
1257,4,4,4
1258,4,3,3
1259,4,3,2
1260,4,4,3
1261,4,4,4
1262,4,3,2
1263,4,3,3
1264,4,0,0
1265,4,0,0
1266,3,0,0
1267,3,0,0
1268,3,0,0
1269,3,0,0
1270,3,0,0
1271,3,0,0
1272,3,0,0
1273,3,0,0
1274,3,0,0
1275,3,0,0
1276,3,0,0
1277,3,0,0
1278,3,0,0
1279,3,0,0
1280,3,0,0
1281,2,0,0
1282,2,0,0
1283,2,0,0
1284,2,0,0
1285,3,0,0
1286,3,0,0
1287,3,0,0
1288,3,0,0
1289,2,0,0
1290,2,0,0
1291,1,0,0
1292,2,0,0
1293,3,0,0
1294,2,0,0
1295,2,0,0
1296,2,0,0
1297,2,0,0
1298,2,0,0
1299,2,0,0
1300,2,0,0
1301,2,0,0
1302,2,0,0
1303,2,0,0
1304,1,0,0
1305,1,0,0
1306,3,0,0
1307,2,0,0
1308,1,0,0
1309,1,0,0
1310,1,0,0
1311,1,0,0
1312,0,0,0
1313,1,0,0
1314,1,0,0
1315,2,0,0
1316,3,0,0
1317,2,0,0
1318,2,0,0
1319,2,0,0
1320,2,0,0
1321,2,0,0
1322,2,0,0
1323,2,0,0
1324,3,0,0
1325,2,0,0
1326,2,0,0
1327,2,0,0
1328,2,0,0
1329,2,0,0
1330,2,0,0
1331,2,0,0
1332,2,0,0
1333,1,0,0
1334,1,0,0
1335,2,0,0
1336,1,0,0
1337,2,0,0
1338,3,0,0
1339,3,0,0
1340,3,0,0
1341,2,0,0
1342,2,0,0
1343,2,0,0
1344,1,0,0
1345,1,0,0
1346,1,0,0
1347,1,0,0
1348,2,0,0
1349,2,0,0
1350,2,0,0
1351,2,0,0
1352,3,0,0
1353,2,0,0
1354,2,0,0
1355,2,0,0
1356,2,0,0
1357,2,0,0
1358,2,0,0
1359,2,0,0
1360,2,0,0
1361,1,0,0
1362,1,0,0
1363,1,0,0
1364,1,0,0
1365,1,0,0
1366,3,0,0
1367,2,0,0
1368,2,0,0
1369,2,0,0
1370,2,0,0
1371,2,0,0
1372,2,0,0
1373,2,0,0
1374,2,0,0
1375,2,0,0
1376,2,0,0
1377,2,0,0
1378,4,0,0
1379,2,0,0
1380,2,0,0
1381,2,0,0
1382,1,0,0
1383,2,0,0
1384,2,0,0
1385,2,0,0
1386,2,0,0
1387,2,0,0
1388,2,0,0
1389,2,0,0
1390,2,0,0
1391,2,0,0
1392,3,0,0
1393,2,0,0
1394,3,0,0
1395,2,0,0
1396,3,0,0
1397,1,0,0
1398,1,0,0
1399,1,0,0
1400,1,0,0
1401,2,0,0
1402,2,0,0
1403,2,0,0
1404,3,0,0
1405,2,0,0
1406,2,0,0
1407,2,0,0
1408,2,0,0
1409,2,0,0
1410,2,0,0
1411,2,0,0
1412,2,0,0
1413,2,0,0
1414,2,0,0
1415,3,0,0
1416,2,0,0
1417,2,0,0
1418,3,0,0
1419,3,0,0
1420,4,0,0
1421,4,0,0
1422,4,0,0
1423,4,2,1
1424,3,2,1
1425,3,2,1
1426,3,2,1
1427,3,0,0
1428,3,0,0
1429,3,0,0
1430,3,0,0
1431,3,0,0
1432,3,0,0
1433,3,0,0
1434,2,0,0
1435,2,2,1
1436,2,0,0
1437,3,0,0
1438,3,0,0
1439,3,0,0
1440,3,0,0
1441,3,0,0
1442,3,0,0
1443,3,0,0
1444,3,0,0
1445,3,0,0
1446,3,0,0
1447,3,0,0
1448,3,0,0
1449,3,0,0
1450,2,0,0
1451,2,2,1
1452,2,2,1
1453,2,0,0
1454,2,0,0
1455,2,0,0
1456,2,0,0
1457,2,0,0
1458,2,0,0
1459,2,0,0
1460,2,0,0
1461,2,0,0
1462,2,0,0
1463,2,0,0
1464,3,0,0
1465,2,0,0
1466,3,0,0
1467,3,0,0
1468,3,0,0
1469,3,0,0
1470,3,0,0
1471,3,0,0
1472,3,0,0
1473,2,0,0
1474,1,0,0
1475,1,0,0
1476,1,0,0
1477,1,0,0
1478,1,0,0
1479,1,0,0
1480,1,0,0
1481,1,0,0
1482,1,0,0
1483,1,0,0
1484,1,0,0
1485,1,0,0
1486,1,0,0
1487,1,0,0
1488,1,0,0
1489,1,0,0
1490,1,0,0
1491,2,0,0
1492,2,0,0
1493,2,0,0
1494,2,0,0
1495,3,0,0
1496,3,0,0
1497,3,0,0
1498,3,0,0
1499,3,0,0
1500,3,2,1
1501,3,0,0
1502,4,0,0
1503,3,0,0
1504,2,0,0
1505,2,2,1
1506,2,0,0
1507,2,0,0
1508,2,0,0
1509,2,0,0
1510,2,0,0
1511,3,0,0
1512,2,0,0
1513,2,0,0
1514,2,0,0
1515,3,0,0
1516,3,0,0
1517,3,0,0
1518,3,0,0
1519,3,0,0
1520,3,0,0
1521,3,0,0
1522,3,0,0
1523,3,0,0
1524,2,0,0
1525,2,2,1
1526,2,2,1
1527,3,2,1
1528,3,2,1
1529,4,2,1
1530,3,3,2
1531,3,3,2
1532,3,3,3
1533,3,3,2
1534,3,3,2
1535,3,3,3
1536,3,3,2
1537,3,2,1
1538,4,3,3
1539,3,2,1
1540,3,3,2
1541,3,3,2
1542,3,3,3
1543,3,3,3
1544,3,3,3
1545,4,3,3
1546,3,2,1
1547,4,3,3
1548,3,2,1
1549,3,2,1
1550,4,2,1
1551,4,2,1
1552,4,2,1
1553,4,3,3
1554,4,3,2
1555,4,3,3
1556,3,2,1
1557,4,3,3
1558,4,3,3
1559,4,3,3
1560,4,3,3
1561,4,3,3
1562,4,3,2
1563,4,4,4
1564,4,4,5
1565,4,4,3
1566,4,4,3
1567,4,4,4
1568,4,4,4
1569,4,4,4
1570,4,4,4
1571,2,2,1
1572,2,0,0
1573,2,0,0
1574,2,0,0
1575,2,0,0
1576,2,0,0
1577,2,0,0
1578,3,0,0
1579,2,0,0
1580,3,0,0
1581,2,0,0
1582,3,0,0
1583,3,0,0
1584,3,0,0
1585,3,0,0
1586,2,0,0
1587,2,0,0
1588,3,0,0
1589,2,0,0
1590,3,0,0
1591,4,0,0
1592,3,0,0
1593,2,0,0
1594,1,0,0
1595,1,0,0
1596,2,0,0
1597,3,0,0
1598,3,0,0
1599,3,0,0
1600,3,0,0
1601,4,0,0
1602,3,2,1
1603,3,2,1
1604,2,2,1
1605,3,0,0
1606,3,0,0
1607,2,0,0
1608,2,2,1
1609,2,0,0
1610,2,0,0
1611,2,0,0
1612,2,0,0
1613,2,0,0
1614,2,0,0
1615,2,0,0
1616,2,0,0
1617,2,2,1
1618,2,2,1
1619,3,0,0
1620,2,0,0
1621,3,2,1
1622,2,2,1
1623,3,2,1
1624,3,0,0
1625,3,2,1
1626,3,0,0
1627,3,0,0
1628,3,0,0
1629,3,0,0
1630,3,0,0
1631,3,0,0
1632,3,0,0
1633,3,0,0
1634,4,0,0
1635,4,0,0
1636,3,0,0
1637,3,0,0
1638,3,0,0
1639,3,0,0
1640,4,0,0
1641,4,0,0
1642,4,0,0
1643,4,0,0
1644,4,2,1
1645,5,3,2
1646,5,2,1
1647,5,2,1
1648,5,3,2
1649,5,3,3
1650,4,2,1
1651,4,2,1
1652,3,2,1
1653,4,3,3
1654,4,3,3
1655,4,0,0
1656,4,3,2
1657,4,3,2
1658,4,2,1
1659,4,0,0
1660,4,3,2
1661,4,3,2
1662,4,3,3
1663,4,3,2
1664,5,3,3
1665,4,2,1
1666,4,3,3
1667,4,3,2
1668,4,0,0
1669,4,0,0
1670,4,0,0
1671,4,0,0
1672,4,2,1
1673,4,2,1
1674,4,2,1
1675,4,2,1
1676,5,0,0
1677,5,0,0
1678,4,0,0
1679,4,0,0
1680,4,0,0
1681,4,0,0
1682,3,2,1
1683,3,0,0
1684,3,2,1
1685,3,0,0
1686,3,0,0
1687,4,2,1
1688,4,0,0
1689,3,0,0
1690,4,0,0
1691,4,0,0
1692,3,0,0
1693,3,0,0
1694,2,0,0
1695,2,0,0
1696,2,0,0
1697,2,0,0
1698,2,2,1
1699,2,0,0
1700,2,0,0
1701,2,0,0
1702,2,0,0
1703,2,0,0
1704,3,0,0
1705,3,0,0
1706,3,0,0
1707,2,0,0
1708,1,0,0
1709,1,0,0
1710,1,0,0
1711,1,0,0
1712,1,0,0
1713,1,0,0
1714,1,0,0
1715,1,0,0
1716,1,0,0
1717,1,0,0
1718,2,0,0
1719,3,0,0
1720,2,0,0
1721,2,0,0
1722,2,0,0
1723,2,0,0
1724,2,0,0
1725,2,0,0
1726,2,0,0
1727,2,0,0
1728,1,0,0
1729,2,0,0
1730,2,0,0
1731,2,0,0
1732,2,0,0
1733,1,0,0
1734,1,0,0
1735,1,0,0
1736,1,0,0
1737,1,0,0
1738,1,0,0
1739,1,0,0
1740,1,0,0
1741,1,0,0
1742,1,0,0
1743,1,0,0
1744,1,0,0
1745,1,0,0
1746,2,0,0
1747,1,0,0
1748,2,0,0
1749,2,0,0
1750,2,0,0
1751,2,0,0
1752,2,0,0
1753,2,0,0
1754,2,0,0
1755,2,0,0
1756,2,0,0
1757,2,2,1
1758,2,0,0
1759,2,0,0
1760,2,0,0
1761,3,0,0
1762,2,0,0
1763,3,0,0
1764,3,0,0
1765,3,0,0
1766,2,0,0
1767,2,0,0
1768,1,0,0
1769,1,0,0
1770,1,0,0
1771,1,0,0
1772,2,0,0
1773,2,0,0
1774,2,0,0
1775,2,0,0
1776,1,0,0
1777,1,0,0
1778,1,0,0
1779,1,0,0
1780,1,0,0
1781,1,0,0
1782,1,0,0
1783,1,0,0
1784,1,0,0
1785,1,0,0
1786,2,0,0
1787,2,0,0
1788,1,0,0
1789,1,0,0
1790,2,0,0
1791,2,2,1
1792,2,0,0
1793,2,0,0
1794,2,0,0
1795,2,0,0
1796,2,0,0
1797,2,0,0
1798,2,2,1
1799,2,0,0
1800,2,0,0
1801,2,2,1
1802,2,0,0
1803,2,0,0
1804,3,2,1
1805,2,0,0
1806,2,2,1
1807,2,0,0
1808,2,0,0
1809,2,0,0
1810,3,0,0
1811,2,0,0
1812,2,0,0
1813,2,0,0
1814,1,0,0
1815,2,0,0
1816,3,0,0
1817,3,0,0
1818,3,2,1
1819,2,0,0
1820,2,0,0
1821,2,0,0
1822,3,0,0
1823,2,0,0
1824,3,0,0
1825,3,0,0
1826,3,0,0
1827,3,2,1
1828,3,0,0
1829,3,0,0
1830,3,0,0
1831,2,0,0
1832,2,0,0
1833,2,0,0
1834,2,0,0
1835,2,0,0
1836,2,0,0
1837,2,0,0
1838,2,0,0
1839,2,0,0
1840,2,0,0
1841,2,0,0
1842,1,0,0
1843,1,0,0
1844,1,0,0
1845,1,0,0
1846,1,0,0
1847,1,0,0
1848,1,0,0
1849,2,0,0
1850,2,0,0
1851,2,0,0
1852,2,0,0
1853,2,0,0
1854,2,0,0
1855,2,0,0
1856,2,0,0
1857,2,2,1
1858,2,0,0
1859,2,0,0
1860,2,0,0
1861,2,0,0
1862,2,0,0
1863,2,0,0
1864,2,0,0
1865,2,0,0
1866,2,0,0
1867,3,0,0
1868,2,0,0
1869,2,0,0
1870,1,0,0
1871,2,0,0
1872,3,0,0
1873,1,0,0
1874,1,0,0
1875,2,0,0
1876,2,0,0
1877,2,0,0
1878,2,0,0
1879,2,0,0
1880,2,0,0
1881,2,0,0
1882,2,0,0
1883,2,0,0
1884,2,0,0
1885,2,0,0
1886,2,0,0
1887,2,0,0
1888,2,0,0
1889,2,0,0
1890,2,0,0
1891,2,0,0
1892,2,0,0
1893,2,0,0
1894,2,0,0
1895,2,0,0
1896,2,0,0
1897,2,0,0
1898,3,0,0
1899,2,0,0
1900,2,0,0
1901,3,0,0
1902,3,0,0
1903,3,0,0
1904,3,0,0
1905,3,0,0
1906,3,0,0
1907,3,0,0
1908,3,2,1
1909,3,0,0
1910,3,0,0
1911,3,0,0
1912,3,0,0
1913,3,0,0
1914,3,0,0
1915,3,2,1
1916,3,0,0
1917,2,0,0
1918,2,0,0
1919,2,0,0
1920,1,0,0
1921,1,0,0
1922,3,0,0
1923,2,0,0
1924,2,0,0
1925,3,0,0
1926,2,0,0
1927,2,0,0
1928,2,0,0
1929,2,0,0
1930,2,0,0
1931,1,0,0
1932,1,0,0
1933,1,0,0
1934,1,0,0
1935,1,0,0
1936,2,0,0
1937,2,0,0
1938,2,0,0
1939,2,0,0
1940,2,0,0
1941,2,0,0
1942,2,0,0
1943,2,0,0
1944,2,0,0
1945,2,0,0
1946,4,0,0
1947,3,0,0
1948,4,0,0
1949,3,0,0
1950,3,0,0
1951,2,0,0
1952,3,0,0
1953,2,0,0
1954,2,0,0
1955,2,0,0
1956,2,0,0
1957,2,0,0
1958,1,0,0
1959,1,0,0
1960,1,0,0
1961,2,0,0
1962,2,0,0
1963,2,0,0
1964,2,0,0
1965,2,0,0
1966,2,0,0
1967,2,2,1
1968,2,0,0
1969,2,0,0
1970,2,0,0
1971,2,0,0
1972,2,0,0
1973,3,2,1
1974,2,0,0
1975,2,0,0
1976,2,0,0
1977,1,0,0
1978,2,0,0
1979,2,0,0
1980,2,0,0
1981,2,0,0
1982,2,0,0
1983,2,0,0
1984,2,0,0
1985,2,0,0
1986,2,0,0
1987,2,0,0
1988,3,0,0
1989,2,0,0
1990,3,0,0
1991,2,0,0
1992,2,0,0
1993,2,0,0
1994,2,0,0
1995,3,2,1
1996,2,0,0
1997,2,0,0
1998,3,0,0
1999,2,0,0
