0,0,0,0
1,1,0,0
2,2,0,0
3,1,0,0
4,1,0,0
5,1,0,0
6,1,0,0
7,1,0,0
8,1,0,0
9,2,0,0
10,2,0,0
11,2,2,1
12,2,0,0
13,2,0,0
14,2,2,1
15,2,2,1
16,2,0,0
17,3,2,1
18,3,2,1
19,3,2,1
20,3,0,0
21,4,2,1
22,4,0,0
23,5,0,0
24,5,0,0
25,5,0,0
26,5,0,0
27,5,2,1
28,5,3,2
29,4,3,2
30,5,3,3
31,5,3,3
32,4,4,4
33,4,4,4
34,5,2,1
35,5,4,4
36,5,4,4
37,3,3,3
38,4,4,4
39,5,3,3
40,5,4,5
41,5,4,4
42,5,4,5
43,5,4,5
44,5,4,5
45,5,4,5
46,5,4,3
47,5,4,5
48,5,4,5
49,5,4,5
50,5,4,4
51,5,4,4
52,5,4,4
53,5,4,5
54,5,4,3
55,6,4,4
56,6,4,4
57,6,4,5
58,6,4,3
59,5,4,5
60,6,4,5
61,6,4,5
62,5,4,4
63,4,4,5
64,5,4,5
65,5,4,4
66,5,4,4
67,6,4,5
68,6,4,5
69,5,4,4
70,5,4,5
71,4,3,3
72,4,3,3
73,5,3,2
74,4,2,1
75,5,3,3
76,5,3,3
77,6,5,5
78,5,4,3
79,6,5,7
80,6,5,6
81,6,5,7
82,6,6,5
83,6,5,5
84,7,6,8
85,6,6,8
86,6,6,9
87,6,6,9
88,6,6,9
89,6,6,6
90,6,6,8
91,6,6,7
92,6,6,8
93,6,6,8
94,6,6,8
95,6,6,9
96,6,6,9
97,6,6,9
98,7,6,9
99,7,6,9
100,7,6,9
101,7,6,9
102,8,6,9
103,6,6,9
104,7,6,9
105,7,6,9
106,7,6,8
107,7,6,9
108,7,6,9
109,8,6,8
110,8,6,9
111,7,6,9
112,8,6,9
113,8,7,9
114,8,7,10
115,8,7,11
116,8,7,11
117,8,7,11
118,8,7,12
119,8,7,12
120,8,7,12
121,8,7,12
122,8,7,12
123,8,7,11
124,8,8,13
125,7,7,11
126,7,7,11
127,7,7,12
128,7,7,12
129,7,7,11
130,7,7,12
131,7,7,10
132,7,7,10
133,7,7,12
134,7,7,11
135,7,7,11
136,7,7,11
137,7,7,12
138,7,7,12
139,7,7,12
140,7,7,12
141,8,7,12
142,7,7,11
143,7,7,12
144,8,7,12
145,7,7,12
146,7,7,11
147,7,7,11
148,7,7,12
149,7,7,11
150,7,7,12
151,7,7,12
152,7,7,11
153,7,7,12
154,7,7,11
155,7,7,11
156,7,7,11
157,7,7,12
158,7,7,12
159,7,7,12
160,7,7,12
161,7,7,12
162,7,7,12
163,7,7,12
164,7,7,12
165,7,7,12
166,7,7,12
167,7,7,12
168,7,7,12
169,7,7,11
170,7,7,12
171,7,7,12
172,7,7,12
173,7,7,12
174,7,7,11
175,7,7,12
176,7,7,12
177,7,7,12
178,7,7,12
179,8,7,12
180,8,7,12
181,8,7,12
182,8,7,12
183,8,7,11
184,8,7,12
185,8,7,12
186,8,7,12
187,8,7,12
188,7,7,12
189,7,7,12
190,7,7,12
191,7,7,12
192,7,7,12
193,7,7,12
194,7,7,12
195,8,7,12
196,8,7,12
197,8,7,11
198,8,7,12
199,8,7,12
200,8,6,10
201,8,6,10
202,8,6,10
203,8,6,10
204,7,6,10
205,7,6,10
206,7,7,11
207,7,7,9
208,7,6,10
209,7,6,9
210,6,6,10
211,6,6,10
212,6,6,10
213,6,6,10
214,6,6,10
215,6,6,10
216,6,6,10
217,6,6,10
218,6,6,9
219,6,6,10
220,6,6,10
221,6,6,9
222,6,6,10
223,6,6,10
224,6,6,10
225,6,6,10
226,6,6,10
227,7,7,11
228,7,7,12
229,7,7,12
230,7,7,12
231,7,7,12
232,7,7,12
233,7,7,12
234,7,7,12
235,7,7,12
236,7,7,12
237,7,7,12
238,7,7,12
239,7,7,12
240,7,7,12
241,7,7,12
242,7,7,12
243,7,7,12
244,7,7,12
245,7,7,11
246,7,6,10
247,7,7,10
248,7,7,11
249,7,7,12
250,7,7,11
251,7,7,12
252,7,7,12
253,7,7,12
254,7,7,12
255,7,7,12
256,7,7,12
257,7,7,12
258,7,7,11
259,7,7,11
260,6,6,10
261,7,7,12
262,7,7,12
263,7,7,11
264,7,7,12
265,7,7,12
266,7,7,11
267,7,7,11
268,7,7,12
269,7,7,12
270,7,7,12
271,7,7,12
272,7,7,12
273,7,7,12
274,7,7,12
275,7,7,12
276,7,7,12
277,7,7,11
278,7,7,12
279,7,7,12
280,7,7,12
281,7,7,12
282,7,7,12
283,7,7,12
284,8,7,12
285,7,6,10
286,8,7,12
287,8,7,12
288,8,7,11
289,8,7,12
290,8,7,12
291,8,7,12
292,7,7,12
293,7,7,12
294,7,7,12
295,7,7,12
296,7,7,12
297,7,7,12
298,7,7,12
299,7,7,12
300,7,7,12
301,7,7,12
302,7,7,12
303,7,7,12
304,7,7,12
305,7,7,11
306,7,7,12
307,7,7,10
308,7,7,9
309,7,7,11
310,7,7,12
311,7,7,11
312,7,7,12
313,7,7,11
314,7,7,11
315,7,7,12
316,7,7,12
317,7,7,11
318,6,6,10
319,7,7,11
320,7,6,10
321,7,6,10
322,7,6,10
323,7,6,9
324,7,6,10
325,7,6,10
326,7,6,10
327,7,6,10
328,7,6,10
329,7,6,10
330,7,6,10
331,7,6,10
332,7,6,10
333,7,6,9
334,7,6,9
335,6,6,10
336,6,6,10
337,6,6,10
338,6,6,10
339,6,6,10
340,6,6,10
341,6,6,10
342,6,6,9
343,6,6,9
344,6,6,10
345,6,6,10
346,6,6,10
347,6,6,9
348,6,6,10
349,6,6,9
350,6,6,10
351,6,6,10
352,6,6,8
353,6,6,10
354,6,6,10
355,6,6,10
356,6,6,10
357,6,6,9
358,7,7,12
359,7,7,12
360,7,7,11
361,7,7,12
362,7,7,10
363,7,7,11
364,7,7,12
365,7,7,12
366,7,7,12
367,7,7,11
368,7,7,12
369,7,7,12
370,7,7,12
371,8,7,12
372,7,7,12
373,7,7,12
374,7,7,12
375,7,7,12
376,7,7,11
377,7,7,12
378,7,7,12
379,7,7,11
380,7,7,12
381,7,7,12
382,7,7,12
383,7,7,11
384,7,7,12
385,7,7,12
386,7,7,12
387,7,7,12
388,7,7,12
389,7,7,12
390,7,7,12
391,7,7,12
392,7,7,12
393,7,7,12
394,7,7,12
395,7,7,12
396,7,7,12
397,7,7,12
398,7,7,12
399,7,7,12
400,7,7,12
401,7,7,11
402,7,7,12
403,7,7,12
404,7,7,11
405,7,7,12
406,7,7,12
407,7,7,12
408,6,6,10
409,7,7,11
410,7,7,12
411,7,7,11
412,7,7,11
413,7,7,12
414,7,7,12
415,7,7,11
416,7,7,12
417,7,7,12
418,7,7,12
419,7,7,12
420,7,7,11
421,7,7,12
422,7,7,12
423,7,7,12
424,7,7,12
425,7,7,12
426,7,7,12
427,7,7,11
428,7,7,12
429,7,7,11
430,7,7,12
431,7,7,12
432,7,7,12
433,7,7,12
434,7,7,12
435,7,7,12
436,7,7,12
437,7,7,12
438,7,7,11
439,7,7,12
440,7,7,12
441,8,7,11
442,8,7,12
443,8,7,11
444,7,7,12
445,7,7,12
446,7,7,12
447,7,7,11
448,7,7,12
449,7,7,12
450,7,7,12
451,7,7,12
452,7,7,12
453,7,7,12
454,7,7,11
455,7,7,12
456,7,7,12
457,7,7,12
458,7,7,12
459,7,7,12
460,7,7,11
461,7,7,12
462,7,7,12
463,7,7,12
464,7,7,11
465,7,7,12
466,7,7,12
467,7,7,12
468,7,7,12
469,7,7,12
470,7,7,12
471,7,7,12
472,7,7,12
473,7,7,12
474,7,7,12
475,7,7,12
476,7,7,12
477,7,7,11
478,7,7,12
479,7,7,12
480,8,7,12
481,8,7,12
482,8,7,11
483,8,7,12
484,8,7,12
485,8,7,12
486,8,7,12
487,7,7,12
488,7,7,12
489,7,7,12
490,7,7,12
491,7,7,12
492,7,7,12
493,7,7,12
494,7,7,12
495,7,7,12
496,7,7,12
497,7,7,12
498,7,7,12
499,7,7,12
500,7,7,12
501,7,7,12
502,7,7,12
503,7,7,12
504,7,7,12
505,7,7,12
506,7,7,12
507,7,7,12
508,7,7,12
509,7,7,12
510,7,7,12
511,7,7,12
512,7,7,12
513,7,7,12
514,7,7,12
515,7,7,12
516,7,7,12
517,7,7,12
518,7,7,12
519,6,6,10
520,7,7,12
521,7,7,12
522,7,7,11
523,7,7,12
524,7,7,12
525,7,7,11
526,7,7,12
527,7,7,12
528,7,7,10
529,7,7,9
530,7,7,9
531,7,7,10
532,7,7,11
533,7,7,11
534,7,7,12
535,7,7,11
536,7,7,12
537,7,7,12
538,7,7,11
539,7,7,10
540,7,7,11
541,7,7,11
542,7,7,11
543,7,6,9
544,7,6,10
545,7,7,9
546,6,6,9
547,6,6,10
548,6,6,10
549,6,6,10
550,7,7,11
551,7,7,12
552,7,7,12
553,7,7,12
554,7,7,12
555,7,7,12
556,7,7,12
557,7,7,12
558,7,7,12
559,7,7,12
560,7,7,12
561,7,7,12
562,7,7,12
563,7,7,11
564,7,7,12
565,7,7,11
566,7,7,10
567,7,7,11
568,6,6,10
569,7,7,12
570,7,7,11
571,8,7,12
572,8,7,12
573,8,7,12
574,8,7,12
575,7,7,12
576,8,8,15
577,8,8,15
578,8,8,15
579,8,8,15
580,8,8,15
581,8,8,15
582,8,8,15
583,7,7,11
584,8,8,15
585,8,8,15
586,8,8,14
587,8,8,12
588,9,8,14
589,9,8,14
590,9,8,14
591,9,8,15
592,9,8,15
593,9,8,14
594,9,8,13
595,9,8,15
596,9,8,15
597,9,8,15
598,9,8,15
599,9,8,15
600,9,8,15
601,9,9,17
602,9,9,17
603,9,9,18
604,9,9,17
605,9,9,18
606,9,9,18
607,9,9,18
608,9,9,17
609,9,9,18
610,9,9,17
611,9,9,18
612,9,9,18
613,9,9,18
614,9,9,18
615,9,9,18
616,9,9,18
617,9,9,18
618,9,9,18
619,9,9,18
620,9,9,18
621,9,9,18
622,9,9,18
623,9,9,18
624,9,9,18
625,9,9,18
626,9,9,18
627,9,9,18
628,9,9,18
629,9,9,18
630,9,9,18
631,9,9,18
632,9,9,18
633,9,9,18
634,9,9,18
635,9,9,18
636,9,9,18
637,9,9,18
638,9,9,18
639,9,9,17
640,9,9,18
641,9,9,18
642,9,9,18
643,9,9,17
644,9,9,18
645,9,9,17
646,9,9,18
647,9,9,18
648,9,9,18
649,9,9,18
650,9,9,18
651,9,9,17
652,9,9,17
653,9,9,16
654,9,9,18
655,9,9,18
656,9,9,18
657,9,9,18
658,9,9,18
659,9,9,18
660,9,9,17
661,9,9,18
662,9,9,18
663,9,9,18
664,9,9,18
665,9,9,18
666,9,9,18
667,9,9,18
668,9,9,18
669,9,9,18
670,9,9,18
671,9,9,18
672,9,9,18
673,9,9,18
674,9,9,18
675,9,9,18
676,9,9,18
677,9,9,18
678,9,9,18
679,9,9,18
680,9,9,18
681,9,9,18
682,9,9,17
683,9,9,18
684,9,9,18
685,9,9,18
686,9,9,18
687,9,9,18
688,9,9,17
689,9,9,18
690,9,9,18
691,9,9,18
692,9,9,18
693,9,9,17
694,9,9,18
695,9,9,18
696,9,9,18
697,9,9,18
698,9,9,18
699,9,9,18
700,9,9,18
701,9,9,18
702,9,9,18
703,9,9,18
704,9,9,18
705,9,9,18
706,9,9,18
707,9,9,18
708,9,9,18
709,9,9,18
710,9,9,18
711,9,9,18
712,9,9,18
713,9,9,18
714,9,9,18
715,9,9,18
716,9,9,18
717,9,9,17
718,9,9,18
719,9,9,18
720,9,9,18
721,9,9,18
722,9,9,18
723,9,9,18
724,9,9,18
725,9,9,18
726,9,9,18
727,9,9,17
728,9,9,18
729,9,9,18
730,9,9,18
731,9,9,18
732,9,9,18
733,9,9,18
734,9,9,18
735,9,9,18
736,9,9,18
737,9,9,18
738,9,9,18
739,9,9,18
740,9,9,18
741,9,9,18
742,9,9,18
743,9,9,18
744,9,9,18
745,9,9,18
746,9,9,18
747,9,9,18
748,9,9,18
749,9,9,18
750,9,9,18
751,9,9,17
752,9,9,18
753,9,9,18
754,9,9,18
755,9,9,18
756,9,9,18
757,9,9,18
758,9,9,18
759,9,9,18
760,9,9,18
761,9,9,18
762,9,9,18
763,9,9,18
764,9,9,18
765,9,9,18
766,10,9,18
767,9,9,18
768,9,9,18
769,9,9,18
770,9,9,18
771,9,9,18
772,9,9,18
773,9,9,18
774,9,9,18
775,9,9,18
776,9,9,18
777,9,9,18
778,9,9,18
779,9,9,18
780,9,9,18
781,9,9,18
782,9,9,18
783,9,9,18
784,9,9,18
785,9,9,18
786,9,9,18
787,9,9,18
788,9,9,18
789,9,9,18
790,9,9,18
791,9,9,18
792,9,9,16
793,9,9,17
794,9,9,14
795,9,8,15
796,9,9,18
797,9,9,18
798,9,9,18
799,9,9,18
800,9,9,18
801,9,9,17
802,9,9,18
803,9,9,18
804,9,9,18
805,9,9,18
806,9,9,18
807,9,9,18
808,9,9,18
809,9,9,18
810,9,9,18
811,9,9,18
812,9,9,18
813,9,9,18
814,9,9,18
815,9,9,18
816,9,9,18
817,9,9,18
818,9,9,17
819,9,9,18
820,9,9,18
821,9,9,18
822,9,9,18
823,9,9,17
824,9,9,18
825,9,9,17
826,9,9,18
827,9,9,17
828,9,9,18
829,9,9,18
830,9,9,18
831,9,9,18
832,9,9,18
833,9,9,18
834,9,9,18
835,9,9,18
836,9,9,18
837,9,9,18
838,9,9,18
839,9,9,18
840,9,9,18
841,9,9,18
842,9,9,18
843,9,9,18
844,9,9,18
845,9,9,18
846,9,9,18
847,9,9,18
848,9,9,18
849,9,9,18
850,9,9,18
851,9,9,18
852,9,9,18
853,9,9,17
854,9,9,18
855,9,9,18
856,9,9,18
857,9,9,18
858,9,9,18
859,9,9,18
860,9,9,18
861,9,9,18
862,9,9,18
863,9,9,18
864,9,9,18
865,9,9,17
866,9,9,18
867,9,9,17
868,9,9,17
869,9,9,18
870,9,9,18
871,9,9,18
872,9,9,18
873,9,9,18
874,9,9,18
875,9,9,18
876,9,9,18
877,9,9,18
878,9,9,18
879,9,9,18
880,9,9,18
881,9,9,18
882,9,9,18
883,9,9,17
884,9,9,18
885,9,9,18
886,9,9,18
887,9,9,18
888,9,9,18
889,9,9,18
890,9,9,18
891,9,9,18
892,9,9,18
893,9,9,18
894,9,9,17
895,9,9,18
896,9,9,18
897,9,9,18
898,10,10,21
899,10,10,21
900,10,10,21
901,10,10,21
902,10,10,21
903,10,10,21
904,10,10,21
905,10,10,21
906,10,10,20
907,10,10,21
908,10,10,20
909,10,10,21
910,10,10,19
911,10,10,21
912,10,10,20
913,10,10,21
914,10,10,21
915,10,10,21
916,10,10,21
917,10,10,21
918,10,10,21
919,10,10,21
920,10,10,21
921,10,10,21
922,10,10,21
923,10,10,21
924,10,10,21
925,10,10,21
926,10,10,21
927,10,10,21
928,10,10,21
929,10,10,21
930,10,10,21
931,10,10,21
932,10,10,21
933,10,10,21
934,10,10,21
935,10,10,21
936,10,10,21
937,10,10,21
938,10,10,21
939,10,10,21
940,10,10,21
941,10,10,21
942,10,10,19
943,10,10,21
944,10,10,21
945,10,10,21
946,10,10,21
947,10,10,21
948,10,10,21
949,10,10,21
950,10,10,21
951,10,10,21
952,10,10,21
953,11,11,22
954,11,11,25
955,11,11,25
956,11,11,24
957,11,11,25
958,11,11,25
959,11,11,25
960,11,11,25
961,11,11,25
962,11,11,25
963,11,11,25
964,11,11,25
965,11,11,25
966,11,11,25
967,11,11,25
968,11,11,25
969,11,11,25
970,11,11,25
971,11,11,25
972,11,11,25
973,11,11,25
974,11,11,24
975,11,11,25
976,11,11,25
977,11,11,25
978,11,11,25
979,11,11,25
980,11,11,25
981,11,11,25
982,11,11,25
983,11,11,25
984,11,11,25
985,11,11,25
986,11,11,25
987,11,11,24
988,11,11,25
989,11,11,25
990,11,11,25
991,11,11,25
992,11,11,25
993,11,11,25
994,11,11,25
995,11,11,25
996,11,11,25
997,11,11,25
998,11,11,25
999,11,11,25
1000,11,11,25
1001,11,11,25
1002,11,11,25
1003,11,11,25
1004,11,11,25
1005,11,11,25
1006,11,11,25
1007,11,11,25
1008,11,11,25
1009,11,11,25
1010,11,11,25
1011,11,11,25
1012,11,11,25
1013,11,11,25
1014,11,11,25
1015,11,11,25
1016,11,11,25
1017,11,11,25
1018,11,11,25
1019,11,11,25
1020,11,11,25
1021,11,11,25
1022,11,11,25
1023,11,11,25
1024,11,11,25
1025,11,11,25
1026,11,11,25
1027,11,11,24
1028,11,11,25
1029,11,11,25
1030,11,11,25
1031,11,11,25
1032,11,11,25
1033,11,11,25
1034,11,11,25
1035,11,11,25
1036,11,11,25
1037,11,11,25
1038,11,11,25
1039,11,11,25
1040,11,11,25
1041,11,11,25
1042,11,11,25
1043,11,11,25
1044,11,11,25
1045,11,11,25
1046,11,11,25
1047,11,11,25
1048,11,11,25
1049,11,11,25
1050,11,11,25
1051,11,11,25
1052,11,11,25
1053,11,11,25
1054,11,11,25
1055,11,11,25
1056,11,11,25
1057,11,11,25
1058,11,11,25
1059,11,11,25
1060,11,11,24
1061,11,11,25
1062,11,11,25
1063,11,11,25
1064,11,11,25
1065,11,11,25
1066,11,11,25
1067,11,11,25
1068,11,11,25
1069,11,11,25
1070,11,11,25
1071,11,11,25
1072,11,11,25
1073,11,11,25
1074,11,11,25
1075,11,11,25
1076,11,11,25
1077,11,11,25
1078,11,11,25
1079,11,11,25
1080,11,11,25
1081,11,11,25
1082,11,11,24
1083,11,11,25
1084,11,11,25
1085,11,11,24
1086,11,11,25
1087,11,11,25
1088,11,11,25
1089,11,11,25
1090,11,11,25
1091,11,11,25
1092,11,11,25
1093,11,11,25
1094,11,11,25
1095,11,11,25
1096,11,11,25
1097,11,11,25
1098,11,11,25
1099,11,11,25
1100,11,11,25
1101,11,11,25
1102,11,11,25
1103,11,11,25
1104,11,11,25
1105,11,11,25
1106,11,11,25
1107,11,11,25
1108,11,11,25
1109,11,11,25
1110,11,11,25
1111,11,11,25
1112,11,11,25
1113,11,11,25
1114,11,11,25
1115,11,11,25
1116,11,11,25
1117,11,11,25
1118,11,11,25
1119,11,11,25
1120,11,11,25
1121,11,11,25
1122,11,11,25
1123,11,11,25
1124,11,11,25
1125,11,11,24
1126,11,11,25
1127,11,11,25
1128,11,11,25
1129,11,11,25
1130,11,11,25
1131,11,11,25
1132,11,11,25
1133,11,11,25
1134,11,11,25
1135,11,11,25
1136,11,11,25
1137,11,11,25
1138,11,11,25
1139,11,11,25
1140,11,11,25
1141,11,11,25
1142,11,11,25
1143,11,11,25
1144,11,11,25
1145,11,11,25
1146,11,11,25
1147,11,11,25
1148,11,11,25
1149,11,11,25
1150,11,11,25
1151,11,11,25
1152,11,11,25
1153,11,11,25
1154,11,11,25
1155,11,11,25
1156,11,11,25
1157,11,11,25
1158,11,11,25
1159,11,11,24
1160,11,11,25
1161,11,11,25
1162,11,11,25
1163,11,11,25
1164,11,11,25
1165,11,11,25
1166,11,11,25
1167,11,11,25
1168,11,11,25
1169,11,11,25
1170,11,11,25
1171,11,11,25
1172,11,11,25
1173,11,11,25
1174,11,11,25
1175,11,11,25
1176,11,11,25
1177,11,11,25
1178,11,11,25
1179,11,11,25
1180,11,11,25
1181,11,11,25
1182,11,11,25
1183,11,11,25
1184,11,11,25
1185,11,11,23
1186,11,11,25
1187,11,11,25
1188,11,11,25
1189,11,11,25
1190,11,11,25
1191,11,11,25
1192,11,11,25
1193,11,11,25
1194,11,11,25
1195,11,11,25
1196,11,11,25
1197,11,11,25
1198,11,11,25
1199,11,11,25
1200,11,11,25
1201,11,11,25
1202,11,11,25
1203,11,11,25
1204,11,11,25
1205,11,11,25
1206,11,11,25
1207,11,11,25
1208,11,11,25
1209,11,11,25
1210,11,11,25
1211,11,11,25
1212,11,11,25
1213,11,11,25
1214,11,11,25
1215,11,11,25
1216,11,11,25
1217,11,11,25
1218,11,11,25
1219,11,11,25
1220,11,11,25
1221,11,11,25
1222,11,11,25
1223,11,11,25
1224,11,11,25
1225,11,11,25
1226,11,11,25
1227,11,11,25
1228,11,11,25
1229,11,11,25
1230,11,11,25
1231,11,11,25
1232,11,11,25
1233,11,11,25
1234,11,11,25
1235,11,11,25
1236,11,11,25
1237,11,11,25
1238,11,11,25
1239,11,11,25
1240,11,11,25
1241,11,11,25
1242,11,11,25
1243,11,11,25
1244,11,11,25
1245,11,11,25
1246,11,11,25
1247,11,11,24
1248,11,11,25
1249,11,11,25
1250,11,11,25
1251,11,11,25
1252,11,11,25
1253,11,11,25
1254,11,11,25
1255,11,11,25
1256,11,11,25
1257,11,11,25
1258,11,11,25
1259,11,11,25
1260,11,11,25
1261,11,11,25
1262,11,11,25
1263,11,11,25
1264,11,11,25
1265,11,11,25
1266,11,11,25
1267,11,11,25
1268,11,11,25
1269,11,11,25
1270,11,11,25
1271,11,11,25
1272,11,11,25
1273,11,11,25
1274,11,11,25
1275,11,11,25
1276,11,11,25
1277,11,11,25
1278,11,11,25
1279,11,11,25
1280,11,11,25
1281,11,11,25
1282,11,11,25
1283,11,11,25
1284,11,11,25
1285,11,11,24
1286,11,11,25
1287,11,11,25
1288,11,11,25
1289,11,11,25
1290,11,11,25
1291,11,11,25
1292,11,11,25
1293,11,11,25
1294,11,11,25
1295,11,11,25
1296,11,11,25
1297,11,11,25
1298,11,11,25
1299,11,11,25
1300,11,11,25
1301,11,11,25
1302,11,11,25
1303,11,11,25
1304,11,11,25
1305,11,11,25
1306,11,11,25
1307,11,11,25
1308,11,11,24
1309,11,11,25
1310,11,11,25
1311,11,11,25
1312,11,11,24
1313,11,11,25
1314,11,11,25
1315,11,11,25
1316,11,11,25
1317,11,11,25
1318,11,11,25
1319,11,11,25
1320,11,11,25
1321,11,11,25
1322,11,11,25
1323,11,11,25
1324,11,11,25
1325,11,11,25
1326,11,11,25
1327,11,11,25
1328,11,11,25
1329,11,11,25
1330,11,11,25
1331,11,11,25
1332,11,11,25
1333,11,11,25
1334,11,11,24
1335,11,11,25
1336,11,11,25
1337,11,11,25
1338,11,11,25
1339,11,11,25
1340,11,11,25
1341,11,11,25
1342,11,11,25
1343,11,11,25
1344,11,11,25
1345,11,11,25
1346,11,11,25
1347,11,11,25
1348,11,11,25
1349,11,11,25
1350,11,11,25
1351,11,11,25
1352,11,11,25
1353,11,11,25
1354,11,11,25
1355,11,11,25
1356,11,11,25
1357,11,11,25
1358,11,11,25
1359,11,11,25
1360,11,11,25
1361,11,11,25
1362,11,11,25
1363,11,11,25
1364,11,11,25
1365,11,11,25
1366,11,11,25
1367,11,11,25
1368,11,11,25
1369,11,11,25
1370,11,11,25
1371,11,11,24
1372,11,11,25
1373,11,11,25
1374,11,11,25
1375,11,11,25
1376,11,11,25
1377,11,11,25
1378,11,11,25
1379,11,11,25
1380,11,11,25
1381,11,11,25
1382,11,11,25
1383,11,11,25
1384,11,11,25
1385,11,11,25
1386,11,11,24
1387,11,11,25
1388,11,11,24
1389,11,11,23
1390,11,11,25
1391,11,11,25
1392,11,11,25
1393,11,11,25
1394,11,11,25
1395,11,11,25
1396,11,11,25
1397,11,11,25
1398,11,11,25
1399,11,11,25
1400,11,11,25
1401,11,11,25
1402,11,11,25
1403,11,11,25
1404,11,11,25
1405,11,11,25
1406,11,11,25
1407,11,11,25
1408,11,11,25
1409,11,11,24
1410,11,11,25
1411,11,11,25
1412,11,11,25
1413,11,11,25
1414,11,11,25
1415,11,11,25
1416,11,11,25
1417,11,11,25
1418,11,11,25
1419,11,11,25
1420,11,11,25
1421,11,11,25
1422,11,11,25
1423,11,11,25
1424,11,11,25
1425,11,11,25
1426,11,11,25
1427,11,11,25
1428,11,11,25
1429,11,11,25
1430,11,11,25
1431,11,11,25
1432,11,11,25
1433,11,11,25
1434,11,11,25
1435,11,11,25
1436,11,11,25
1437,11,11,25
1438,11,11,25
1439,11,11,25
1440,11,11,25
1441,11,11,25
1442,11,11,25
1443,11,11,25
1444,11,11,25
1445,11,11,25
1446,11,11,25
1447,11,11,25
1448,11,11,25
1449,11,11,25
1450,11,11,25
1451,11,11,25
1452,11,11,25
1453,11,11,25
1454,11,11,25
1455,11,11,25
1456,11,11,25
1457,11,11,25
1458,11,11,25
1459,11,11,25
1460,11,11,25
1461,11,11,25
1462,11,11,25
1463,11,11,25
1464,11,11,25
1465,11,11,25
1466,11,11,25
1467,11,11,25
1468,11,11,25
1469,11,11,25
1470,11,11,25
1471,11,11,25
1472,11,11,25
1473,11,11,25
1474,11,11,25
1475,11,11,25
1476,11,11,25
1477,11,11,25
1478,11,11,24
1479,11,11,25
1480,11,11,25
1481,11,11,25
1482,11,11,25
1483,11,11,24
1484,11,11,24
1485,11,11,24
1486,11,11,25
1487,11,11,25
1488,11,11,25
1489,11,11,24
1490,11,11,25
1491,11,11,25
1492,11,11,25
1493,11,11,24
1494,11,11,25
1495,11,11,25
1496,11,11,25
1497,11,11,25
1498,11,11,25
1499,11,11,25
1500,11,11,25
1501,11,11,25
1502,11,11,25
1503,11,11,25
1504,11,11,25
1505,11,11,25
1506,11,11,25
1507,11,11,24
1508,11,11,25
1509,11,11,25
1510,11,11,25
1511,11,11,25
1512,11,11,25
1513,11,11,25
1514,11,11,25
1515,11,11,25
1516,11,11,25
1517,11,11,25
1518,11,11,25
1519,11,11,24
1520,11,11,25
1521,11,11,25
1522,11,11,25
1523,11,11,25
1524,11,11,25
1525,11,11,25
1526,11,11,25
1527,11,11,25
1528,11,11,24
1529,11,11,25
1530,11,11,25
1531,11,11,25
1532,11,11,25
1533,11,11,25
1534,11,11,25
1535,11,11,25
1536,11,11,25
1537,11,11,25
1538,11,11,25
1539,11,11,25
1540,11,11,25
1541,11,11,25
1542,11,11,25
1543,11,11,25
1544,11,11,25
1545,11,11,24
1546,11,11,25
1547,11,11,25
1548,11,11,25
1549,11,11,25
1550,11,11,25
1551,11,11,25
1552,11,11,25
1553,11,11,25
1554,11,11,24
1555,11,11,25
1556,11,11,25
1557,11,11,25
1558,11,11,25
1559,11,11,25
1560,11,11,25
1561,11,11,25
1562,11,11,25
1563,11,11,25
1564,11,11,25
1565,11,11,25
1566,11,11,25
1567,11,11,25
1568,11,11,25
1569,11,11,25
1570,11,11,25
1571,11,11,25
1572,11,11,25
1573,11,11,25
1574,11,11,25
1575,11,11,25
1576,11,11,24
1577,11,11,25
1578,11,11,25
1579,11,11,25
1580,11,11,25
1581,11,11,25
1582,11,11,25
1583,11,11,25
1584,11,11,25
1585,11,11,25
1586,11,11,25
1587,11,11,25
1588,11,11,25
1589,11,11,25
1590,11,11,25
1591,11,11,25
1592,11,11,25
1593,11,11,25
1594,11,11,25
1595,11,11,25
1596,11,11,25
1597,11,11,25
1598,11,11,25
1599,11,11,25
1600,11,11,25
1601,11,11,25
1602,11,11,25
1603,11,11,25
1604,11,11,25
1605,11,11,25
1606,11,11,25
1607,11,11,25
1608,11,11,25
1609,11,11,25
1610,11,11,25
1611,11,11,25
1612,11,11,25
1613,11,11,25
1614,11,11,25
1615,11,11,25
1616,11,11,25
1617,11,11,25
1618,11,11,25
1619,11,11,25
1620,11,11,25
1621,11,11,25
1622,11,11,25
1623,11,11,25
1624,11,11,25
1625,11,11,25
1626,11,11,25
1627,11,11,25
1628,11,11,25
1629,11,11,25
1630,11,11,25
1631,11,11,25
1632,11,11,25
1633,11,11,25
1634,11,11,25
1635,11,11,25
1636,11,11,25
1637,11,11,25
1638,11,11,25
1639,11,11,25
1640,11,11,25
1641,11,11,25
1642,11,11,24
1643,11,11,25
1644,11,11,25
1645,11,11,25
1646,11,11,25
1647,11,11,25
1648,11,11,25
1649,11,11,25
1650,11,11,25
1651,11,11,25
1652,11,11,25
1653,11,11,25
1654,11,11,25
1655,11,11,25
1656,11,11,25
1657,11,11,25
1658,11,11,25
1659,11,11,25
1660,11,11,24
1661,11,11,25
1662,11,11,25
1663,11,11,25
1664,11,11,25
1665,11,11,25
1666,11,11,25
1667,11,11,25
1668,11,11,25
1669,11,11,25
1670,11,11,25
1671,11,11,25
1672,11,11,25
1673,11,11,25
1674,11,11,25
1675,11,11,25
1676,11,11,25
1677,11,11,25
1678,11,11,25
1679,11,11,25
1680,11,11,25
1681,11,11,25
1682,11,11,25
1683,11,11,25
1684,11,11,25
1685,11,11,25
1686,11,11,25
1687,11,11,25
1688,11,11,25
1689,11,11,25
1690,11,11,25
1691,11,11,25
1692,11,11,25
1693,11,11,25
1694,11,11,25
1695,11,11,25
1696,11,11,25
1697,11,11,25
1698,11,11,25
1699,11,11,25
1700,11,11,25
1701,11,11,25
1702,11,11,25
1703,11,11,25
1704,11,11,25
1705,11,11,25
1706,11,11,25
1707,11,11,25
1708,11,11,25
1709,11,11,24
1710,12,12,30
1711,12,12,29
1712,12,12,30
1713,12,12,30
1714,12,12,30
1715,12,12,30
1716,12,12,30
1717,12,12,30
1718,12,12,30
1719,12,12,30
1720,12,12,30
1721,12,12,30
1722,12,12,30
1723,12,12,30
1724,12,12,30
1725,12,12,30
1726,12,12,30
1727,12,12,30
1728,12,12,30
1729,12,12,30
1730,12,12,30
1731,12,12,30
1732,12,12,30
1733,12,12,30
1734,12,12,30
1735,12,12,30
1736,12,12,30
1737,12,12,30
1738,12,12,30
1739,12,12,30
1740,12,12,30
1741,12,12,30
1742,12,12,30
1743,12,12,30
1744,12,12,30
1745,12,12,30
1746,12,12,30
1747,12,12,30
1748,12,12,30
1749,12,12,30
1750,12,12,30
1751,12,12,30
1752,12,12,30
1753,12,12,30
1754,12,12,30
1755,12,12,30
1756,12,12,29
1757,12,12,30
1758,12,12,30
1759,12,12,30
1760,12,12,30
1761,12,12,30
1762,12,12,30
1763,12,12,30
1764,12,12,30
1765,12,12,30
1766,12,12,30
1767,12,12,30
1768,12,12,30
1769,12,12,30
1770,12,12,30
1771,12,12,30
1772,12,12,30
1773,12,12,30
1774,12,12,30
1775,12,12,30
1776,12,12,30
1777,12,12,30
1778,12,12,30
1779,12,12,30
1780,12,12,30
1781,12,12,30
1782,12,12,30
1783,12,12,30
1784,12,12,30
1785,12,12,30
1786,12,12,30
1787,12,12,30
1788,12,12,30
1789,12,12,30
1790,12,12,30
1791,12,12,30
1792,12,12,30
1793,12,12,30
1794,12,12,30
1795,12,12,30
1796,12,12,30
1797,12,12,30
1798,12,12,30
1799,12,12,30
1800,12,12,30
1801,12,12,30
1802,12,12,30
1803,12,12,30
1804,12,12,30
1805,12,12,30
1806,12,12,30
1807,12,12,30
1808,12,12,30
1809,12,12,30
1810,12,12,30
1811,12,12,30
1812,12,12,30
1813,12,12,30
1814,12,12,30
1815,12,12,30
1816,12,12,30
1817,12,12,30
1818,12,12,30
1819,12,12,30
1820,12,12,30
1821,12,12,30
1822,12,12,30
1823,12,12,30
1824,12,12,30
1825,12,12,30
1826,12,12,30
1827,12,12,30
1828,12,12,30
1829,12,12,30
1830,12,12,30
1831,12,12,30
1832,12,12,30
1833,12,12,30
1834,12,12,30
1835,12,12,30
1836,12,12,30
1837,12,12,30
1838,12,12,30
1839,12,12,30
1840,12,12,30
1841,12,12,30
1842,12,12,30
1843,12,12,30
1844,12,12,30
1845,12,12,30
1846,12,12,30
1847,12,12,30
1848,12,12,30
1849,12,12,30
1850,12,12,30
1851,12,12,30
1852,12,12,30
1853,12,12,30
1854,12,12,30
1855,12,12,30
1856,12,12,30
1857,12,12,30
1858,12,12,30
1859,12,12,30
1860,12,12,30
1861,12,12,30
1862,12,12,30
1863,12,12,30
1864,12,12,30
1865,12,12,30
1866,12,12,30
1867,12,12,30
1868,12,12,30
1869,12,12,30
1870,12,12,30
1871,12,12,30
1872,12,12,30
1873,12,12,30
1874,12,12,30
1875,12,12,30
1876,12,12,30
1877,12,12,30
1878,12,12,30
1879,12,12,30
1880,12,12,30
1881,12,12,30
1882,12,12,30
1883,12,12,30
1884,12,12,30
1885,12,12,30
1886,12,12,30
1887,12,12,30
1888,12,12,29
1889,12,12,30
1890,12,12,30
1891,12,12,30
1892,12,12,30
1893,12,12,30
1894,12,12,30
1895,12,12,30
1896,12,12,30
1897,12,12,30
1898,12,12,30
1899,12,12,30
1900,12,12,30
1901,12,12,30
1902,12,12,30
1903,12,12,30
1904,12,12,30
1905,12,12,30
1906,12,12,30
1907,12,12,30
1908,12,12,30
1909,12,12,30
1910,12,12,30
1911,12,12,30
1912,12,12,30
1913,12,12,30
1914,12,12,30
1915,12,12,30
1916,12,12,30
1917,12,12,30
1918,12,12,30
1919,12,12,30
1920,12,12,30
1921,12,12,30
1922,12,12,30
1923,12,12,30
1924,12,12,30
1925,12,12,30
1926,12,12,30
1927,12,12,30
1928,12,12,30
1929,12,12,30
1930,12,12,30
1931,12,12,30
1932,12,12,30
1933,12,12,30
1934,12,12,30
1935,12,12,30
1936,12,12,30
1937,12,12,30
1938,12,12,30
1939,12,12,30
1940,12,12,30
1941,12,12,30
1942,12,12,30
1943,12,12,30
1944,12,12,30
1945,12,12,30
1946,12,12,30
1947,12,12,30
1948,12,12,30
1949,12,12,30
1950,12,12,30
1951,12,12,30
1952,12,12,30
1953,12,12,30
1954,12,12,30
1955,12,12,30
1956,12,12,30
1957,12,12,30
1958,12,12,30
1959,12,12,29
1960,12,12,30
1961,12,12,30
1962,12,12,30
1963,12,12,30
1964,12,12,30
1965,12,12,30
1966,12,12,30
1967,12,12,30
1968,12,12,30
1969,12,12,30
1970,12,12,30
1971,12,12,30
1972,12,12,30
1973,12,12,30
1974,12,12,30
1975,12,12,30
1976,12,12,30
1977,12,12,30
1978,12,12,29
1979,12,12,30
1980,12,12,30
1981,12,12,30
1982,12,12,30
1983,12,12,30
1984,12,12,30
1985,12,12,30
1986,12,12,30
1987,12,12,30
1988,12,12,30
1989,12,12,30
1990,12,12,30
1991,12,12,30
1992,12,12,30
1993,12,12,30
1994,12,12,30
1995,12,12,30
1996,12,12,30
1997,12,12,30
1998,12,12,30
1999,12,12,30
