0,0,0,0
1,1,0,0
2,1,0,0
3,1,0,0
4,1,0,0
5,1,0,0
6,1,0,0
7,1,0,0
8,1,0,0
9,1,0,0
10,1,0,0
11,1,0,0
12,1,0,0
13,1,0,0
14,2,0,0
15,1,0,0
16,1,0,0
17,1,0,0
18,1,0,0
19,1,0,0
20,1,0,0
21,1,0,0
22,1,0,0
23,2,0,0
24,1,0,0
25,1,0,0
26,1,0,0
27,1,0,0
28,1,0,0
29,1,0,0
30,2,0,0
31,1,0,0
32,1,0,0
33,1,0,0
34,2,0,0
35,2,0,0
36,2,0,0
37,2,0,0
38,2,0,0
39,2,2,1
40,2,0,0
41,2,0,0
42,2,2,1
43,2,2,1
44,2,2,1
45,2,0,0
46,2,0,0
47,2,2,1
48,2,0,0
49,2,0,0
50,2,0,0
51,2,0,0
52,2,0,0
53,2,0,0
54,2,0,0
55,2,0,0
56,2,0,0
57,2,0,0
58,2,0,0
59,2,0,0
60,2,2,1
61,1,0,0
62,1,0,0
63,2,0,0
64,2,0,0
65,2,0,0
66,2,0,0
67,2,2,1
68,2,0,0
69,3,0,0
70,3,0,0
71,2,0,0
72,2,0,0
73,2,0,0
74,2,0,0
75,2,0,0
76,2,0,0
77,3,0,0
78,3,0,0
79,2,0,0
80,2,2,1
81,2,2,1
82,2,2,1
83,2,2,1
84,2,2,1
85,2,2,1
86,2,2,1
87,2,2,1
88,2,0,0
89,2,2,1
90,2,0,0
91,3,0,0
92,3,2,1
93,3,0,0
94,4,0,0
95,3,0,0
96,3,0,0
97,3,0,0
98,3,0,0
99,4,2,1
100,3,2,1
101,3,0,0
102,3,0,0
103,3,0,0
104,3,0,0
105,3,0,0
106,3,2,1
107,3,0,0
108,3,2,1
109,3,0,0
110,3,0,0
111,3,0,0
112,3,0,0
113,2,0,0
114,3,0,0
115,3,0,0
116,2,0,0
117,2,0,0
118,2,0,0
119,3,0,0
120,2,0,0
121,3,0,0
122,1,0,0
123,4,0,0
124,4,0,0
125,4,0,0
126,3,0,0
127,4,0,0
128,4,0,0
129,4,0,0
130,4,2,1
131,4,0,0
132,3,0,0
133,2,0,0
134,2,0,0
135,1,0,0
136,2,0,0
137,2,0,0
138,2,0,0
139,2,0,0
140,2,0,0
141,2,0,0
142,2,0,0
143,2,0,0
144,2,0,0
145,2,0,0
146,2,0,0
147,2,0,0
148,2,0,0
149,2,0,0
150,2,0,0
151,2,0,0
152,2,0,0
153,2,0,0
154,3,2,1
155,3,2,1
156,3,2,1
157,3,2,1
158,3,2,1
159,3,2,1
160,3,0,0
161,4,0,0
162,4,0,0
163,4,0,0
164,4,0,0
165,4,0,0
166,4,0,0
167,4,0,0
168,4,0,0
169,5,0,0
170,5,2,1
171,4,3,2
172,4,2,1
173,4,2,1
174,4,3,2
175,4,2,1
176,4,2,1
177,4,2,1
178,4,0,0
179,4,2,1
180,4,0,0
181,3,0,0
182,4,0,0
183,3,0,0
184,4,0,0
185,3,0,0
186,3,0,0
187,3,0,0
188,2,0,0
189,1,0,0
190,1,0,0
191,1,0,0
192,1,0,0
193,2,0,0
194,2,0,0
195,2,0,0
196,2,0,0
197,2,0,0
198,2,0,0
199,2,0,0
200,2,0,0
201,2,0,0
202,1,0,0
203,1,0,0
204,2,0,0
205,2,0,0
206,2,0,0
207,1,0,0
208,1,0,0
209,1,0,0
210,2,0,0
211,2,0,0
212,2,0,0
213,2,0,0
214,2,0,0
215,3,0,0
216,2,0,0
217,2,0,0
218,2,0,0
219,2,0,0
220,2,0,0
221,2,0,0
222,2,0,0
223,2,2,1
224,2,0,0
225,2,0,0
226,2,0,0
227,2,0,0
228,2,0,0
229,2,0,0
230,2,0,0
231,2,0,0
232,2,0,0
233,2,0,0
234,2,2,1
235,2,0,0
236,2,0,0
237,2,0,0
238,2,0,0
239,2,0,0
240,3,0,0
241,3,0,0
242,3,0,0
243,3,0,0
244,3,0,0
245,3,0,0
246,3,0,0
247,3,0,0
248,3,0,0
249,3,0,0
250,3,0,0
251,3,0,0
252,3,0,0
253,4,0,0
254,4,2,1
255,4,2,1
256,5,3,2
257,3,0,0
258,4,3,2
259,3,0,0
260,4,2,1
261,4,0,0
262,4,0,0
263,4,0,0
264,4,0,0
265,4,2,1
266,3,0,0
267,5,2,1
268,5,2,1
269,4,2,1
270,4,3,2
271,4,2,1
272,3,0,0
273,3,0,0
274,3,0,0
275,2,0,0
276,3,0,0
277,4,0,0
278,2,0,0
279,2,0,0
280,2,0,0
281,2,0,0
282,2,0,0
283,2,0,0
284,2,0,0
285,2,0,0
286,2,0,0
287,2,0,0
288,2,0,0
289,2,0,0
290,2,0,0
291,2,0,0
292,2,0,0
293,2,0,0
294,2,0,0
295,2,0,0
296,2,0,0
297,1,0,0
298,1,0,0
299,1,0,0
300,1,0,0
301,2,0,0
302,2,0,0
303,3,0,0
304,2,0,0
305,2,0,0
306,1,0,0
307,2,0,0
308,3,0,0
309,2,0,0
310,2,0,0
311,2,0,0
312,2,0,0
313,2,0,0
314,2,0,0
315,2,0,0
316,2,0,0
317,2,0,0
318,2,0,0
319,2,0,0
320,2,0,0
321,3,0,0
322,3,0,0
323,4,0,0
324,4,2,1
325,3,3,2
326,3,3,2
327,3,3,2
328,2,0,0
329,3,2,1
330,3,0,0
331,3,2,1
332,3,2,1
333,3,2,1
334,3,0,0
335,5,0,0
336,3,0,0
337,4,0,0
338,4,0,0
339,3,2,1
340,3,2,1
341,4,2,1
342,4,2,1
343,4,2,1
344,4,2,1
345,4,2,1
346,4,2,1
347,4,0,0
348,4,0,0
349,4,0,0
350,3,0,0
351,3,2,1
352,3,0,0
353,4,0,0
354,3,0,0
355,3,0,0
356,4,0,0
357,2,0,0
358,2,0,0
359,2,0,0
360,2,0,0
361,2,0,0
362,2,0,0
363,2,0,0
364,1,0,0
365,1,0,0
366,1,0,0
367,0,0,0
368,0,0,0
369,1,0,0
370,2,0,0
371,2,0,0
372,3,0,0
373,2,0,0
374,2,0,0
375,2,0,0
376,2,0,0
377,2,0,0
378,2,0,0
379,2,0,0
380,2,0,0
381,2,0,0
382,2,0,0
383,2,0,0
384,2,0,0
385,2,0,0
386,2,2,1
387,2,0,0
388,2,0,0
389,2,0,0
390,2,0,0
391,1,0,0
392,1,0,0
393,1,0,0
394,1,0,0
395,1,0,0
396,1,0,0
397,1,0,0
398,1,0,0
399,1,0,0
400,1,0,0
401,1,0,0
402,1,0,0
403,1,0,0
404,1,0,0
405,1,0,0
406,2,0,0
407,2,0,0
408,3,0,0
409,2,0,0
410,2,0,0
411,2,0,0
412,2,0,0
413,2,0,0
414,2,0,0
415,2,0,0
416,2,0,0
417,2,0,0
418,2,0,0
419,3,0,0
420,3,0,0
421,3,0,0
422,2,0,0
423,2,0,0
424,2,0,0
425,3,0,0
426,3,0,0
427,3,0,0
428,3,0,0
429,3,0,0
430,3,0,0
431,3,0,0
432,3,0,0
433,3,0,0
434,3,0,0
435,3,0,0
436,3,0,0
437,3,2,1
438,3,2,1
439,3,2,1
440,3,3,2
441,3,3,2
442,3,3,3
443,3,3,2
444,3,3,2
445,3,3,2
446,3,2,1
447,3,3,3
448,3,2,1
449,3,2,1
450,4,2,1
451,4,0,0
452,4,2,1
453,4,2,1
454,4,2,1
455,4,2,1
456,3,0,0
457,3,0,0
458,2,0,0
459,2,0,0
460,2,0,0
461,2,0,0
462,2,0,0
463,2,0,0
464,2,0,0
465,3,2,1
466,2,0,0
467,2,0,0
468,2,0,0
469,2,0,0
470,1,0,0
471,1,0,0
472,2,0,0
473,1,0,0
474,0,0,0
475,1,0,0
476,1,0,0
477,1,0,0
478,1,0,0
479,2,0,0
480,2,0,0
481,2,0,0
482,2,0,0
483,2,0,0
484,2,0,0
485,2,0,0
486,2,0,0
487,2,0,0
488,2,0,0
489,2,0,0
490,2,0,0
491,2,0,0
492,2,0,0
493,1,0,0
494,2,0,0
495,2,0,0
496,2,0,0
497,2,0,0
498,2,0,0
499,2,0,0
500,2,0,0
501,2,0,0
502,2,0,0
503,2,0,0
504,2,2,1
505,3,0,0
506,3,0,0
507,2,0,0
508,3,0,0
509,2,0,0
510,2,0,0
511,2,0,0
512,2,0,0
513,2,0,0
514,2,0,0
515,2,0,0
516,2,0,0
517,2,0,0
518,2,0,0
519,2,0,0
520,2,0,0
521,2,0,0
522,2,0,0
523,2,0,0
524,2,0,0
525,3,0,0
526,2,0,0
527,2,0,0
528,1,0,0
529,1,0,0
530,1,0,0
531,1,0,0
532,1,0,0
533,1,0,0
534,2,0,0
535,2,0,0
536,2,0,0
537,2,0,0
538,2,0,0
539,2,0,0
540,3,0,0
541,2,0,0
542,2,0,0
543,2,0,0
544,2,0,0
545,2,0,0
546,2,0,0
547,2,2,1
548,2,0,0
549,2,0,0
550,3,0,0
551,3,0,0
552,3,0,0
553,3,0,0
554,3,0,0
555,3,2,1
556,3,0,0
557,3,0,0
558,3,2,1
559,3,2,1
560,3,0,0
561,3,0,0
562,2,0,0
563,1,0,0
564,2,0,0
565,3,0,0
566,2,0,0
567,2,0,0
568,1,0,0
569,1,0,0
570,1,0,0
571,1,0,0
572,1,0,0
573,1,0,0
574,1,0,0
575,1,0,0
576,1,0,0
577,1,0,0
578,2,0,0
579,1,0,0
580,1,0,0
581,1,0,0
582,2,0,0
583,2,0,0
584,2,0,0
585,2,0,0
586,2,0,0
587,3,0,0
588,3,0,0
589,2,0,0
590,2,0,0
591,2,0,0
592,2,0,0
593,2,0,0
594,2,0,0
595,2,0,0
596,2,0,0
597,2,0,0
598,2,0,0
599,2,0,0
600,3,0,0
601,3,0,0
602,3,0,0
603,3,0,0
604,3,0,0
605,3,0,0
606,2,0,0
607,2,0,0
608,2,0,0
609,3,0,0
610,3,0,0
611,3,0,0
612,3,2,1
613,3,0,0
614,4,0,0
615,2,0,0
616,3,0,0
617,4,0,0
618,4,0,0
619,4,2,1
620,4,2,1
621,4,2,1
622,4,2,1
623,4,2,1
624,4,2,1
625,4,0,0
626,4,0,0
627,4,0,0
628,4,0,0
629,4,2,1
630,4,3,2
631,3,2,1
632,3,0,0
633,3,0,0
634,3,0,0
635,3,2,1
636,3,0,0
637,3,0,0
638,3,0,0
639,3,0,0
640,3,0,0
641,3,0,0
642,3,0,0
643,3,0,0
644,3,0,0
645,3,0,0
646,4,0,0
647,3,0,0
648,2,0,0
649,2,0,0
650,2,0,0
651,2,0,0
652,2,0,0
653,3,0,0
654,3,0,0
655,3,2,1
656,3,0,0
657,3,0,0
658,3,0,0
659,3,0,0
660,3,2,1
661,3,2,1
662,2,0,0
663,2,0,0
664,2,0,0
665,3,0,0
666,4,0,0
667,2,0,0
668,2,0,0
669,2,0,0
670,2,0,0
671,2,0,0
672,2,0,0
673,2,0,0
674,3,0,0
675,2,0,0
676,2,0,0
677,2,0,0
678,2,0,0
679,1,0,0
680,1,0,0
681,2,0,0
682,2,0,0
683,2,0,0
684,2,0,0
685,2,0,0
686,2,0,0
687,2,0,0
688,2,0,0
689,2,0,0
690,2,0,0
691,2,0,0
692,2,0,0
693,1,0,0
694,1,0,0
695,0,0,0
696,0,0,0
697,1,0,0
698,2,0,0
699,2,0,0
700,2,0,0
701,2,0,0
702,2,0,0
703,2,0,0
704,2,0,0
705,2,0,0
706,1,0,0
707,2,0,0
708,2,0,0
709,2,0,0
710,2,0,0
711,2,0,0
712,3,0,0
713,2,0,0
714,2,0,0
715,2,0,0
716,1,0,0
717,2,0,0
718,1,0,0
719,1,0,0
720,2,0,0
721,2,0,0
722,3,0,0
723,2,0,0
724,2,0,0
725,2,0,0
726,2,0,0
727,2,0,0
728,3,0,0
729,3,0,0
730,3,0,0
731,3,0,0
732,3,0,0
733,3,0,0
734,3,0,0
735,3,0,0
736,3,0,0
737,3,0,0
738,4,0,0
739,3,0,0
740,4,0,0
741,4,0,0
742,4,0,0
743,3,0,0
744,3,0,0
745,3,2,1
746,3,2,1
747,3,0,0
748,3,0,0
749,3,0,0
750,3,2,1
751,3,0,0
752,4,2,1
753,2,0,0
754,2,0,0
755,2,0,0
756,2,0,0
757,2,0,0
758,2,0,0
759,2,0,0
760,2,0,0
761,2,0,0
762,2,0,0
763,2,0,0
764,2,0,0
765,1,0,0
766,2,0,0
767,1,0,0
768,1,0,0
769,2,0,0
770,2,0,0
771,2,0,0
772,2,2,1
773,2,2,1
774,2,0,0
775,2,0,0
776,2,0,0
777,2,0,0
778,2,0,0
779,2,0,0
780,2,0,0
781,2,0,0
782,2,0,0
783,2,0,0
784,2,0,0
785,2,0,0
786,2,0,0
787,3,0,0
788,3,0,0
789,2,0,0
790,2,0,0
791,2,0,0
792,2,0,0
793,2,0,0
794,2,0,0
795,2,0,0
796,2,0,0
797,2,0,0
798,2,0,0
799,1,0,0
800,1,0,0
801,1,0,0
802,1,0,0
803,2,0,0
804,1,0,0
805,2,0,0
806,2,0,0
807,2,0,0
808,1,0,0
809,2,0,0
810,1,0,0
811,1,0,0
812,1,0,0
813,1,0,0
814,2,0,0
815,1,0,0
816,1,0,0
817,1,0,0
818,1,0,0
819,1,0,0
820,1,0,0
821,1,0,0
822,1,0,0
823,1,0,0
824,2,0,0
825,2,0,0
826,2,0,0
827,2,0,0
828,2,0,0
829,3,0,0
830,1,0,0
831,1,0,0
832,1,0,0
833,2,0,0
834,2,0,0
835,2,0,0
836,3,0,0
837,3,0,0
838,3,0,0
839,3,0,0
840,2,0,0
841,2,0,0
842,2,0,0
843,2,0,0
844,2,0,0
845,2,0,0
846,2,0,0
847,2,0,0
848,2,0,0
849,3,0,0
850,3,0,0
851,2,0,0
852,2,0,0
853,2,0,0
854,1,0,0
855,1,0,0
856,1,0,0
857,1,0,0
858,2,0,0
859,2,0,0
860,1,0,0
861,1,0,0
862,1,0,0
863,1,0,0
864,2,0,0
865,1,0,0
866,1,0,0
867,1,0,0
868,1,0,0
869,1,0,0
870,1,0,0
871,2,0,0
872,2,0,0
873,1,0,0
874,1,0,0
875,1,0,0
876,2,0,0
877,2,0,0
878,2,0,0
879,1,0,0
880,1,0,0
881,0,0,0
882,0,0,0
883,0,0,0
884,0,0,0
885,0,0,0
886,1,0,0
887,1,0,0
888,2,0,0
889,1,0,0
890,1,0,0
891,1,0,0
892,1,0,0
893,1,0,0
894,1,0,0
895,1,0,0
896,1,0,0
897,1,0,0
898,1,0,0
899,1,0,0
900,1,0,0
901,1,0,0
902,2,0,0
903,2,0,0
904,2,0,0
905,2,0,0
906,2,0,0
907,2,0,0
908,3,0,0
909,2,0,0
910,2,0,0
911,1,0,0
912,1,0,0
913,2,0,0
914,2,0,0
915,3,0,0
916,2,0,0
917,2,0,0
918,3,2,1
919,3,0,0
920,3,0,0
921,2,0,0
922,2,0,0
923,2,0,0
924,2,0,0
925,2,0,0
926,2,0,0
927,2,0,0
928,2,0,0
929,2,0,0
930,2,0,0
931,2,0,0
932,3,0,0
933,2,0,0
934,1,0,0
935,1,0,0
936,1,0,0
937,1,0,0
938,1,0,0
939,1,0,0
940,1,0,0
941,1,0,0
942,1,0,0
943,1,0,0
944,1,0,0
945,1,0,0
946,1,0,0
947,1,0,0
948,1,0,0
949,1,0,0
950,2,0,0
951,2,0,0
952,2,0,0
953,1,0,0
954,1,0,0
955,1,0,0
956,1,0,0
957,1,0,0
958,2,0,0
959,2,0,0
960,2,0,0
961,2,0,0
962,2,0,0
963,2,0,0
964,2,0,0
965,2,0,0
966,2,0,0
967,3,0,0
968,3,0,0
969,2,0,0
970,2,0,0
971,2,2,1
972,3,2,1
973,3,2,1
974,3,2,1
975,3,2,1
976,3,2,1
977,3,0,0
978,2,0,0
979,2,0,0
980,2,0,0
981,2,0,0
982,2,0,0
983,3,0,0
984,3,0,0
985,3,0,0
986,2,0,0
987,3,0,0
988,3,0,0
989,2,0,0
990,2,2,1
991,2,0,0
992,3,0,0
993,3,0,0
994,3,0,0
995,4,0,0
996,3,0,0
997,3,0,0
998,3,0,0
999,3,2,1
1000,3,0,0
1001,2,0,0
1002,2,0,0
1003,3,0,0
1004,3,2,1
1005,3,0,0
1006,3,0,0
1007,3,0,0
1008,3,0,0
1009,3,0,0
1010,4,0,0
1011,3,0,0
1012,3,0,0
1013,3,0,0
1014,3,2,1
1015,3,0,0
1016,3,0,0
1017,4,0,0
1018,4,0,0
1019,4,0,0
1020,4,0,0
1021,3,0,0
1022,2,0,0
1023,3,0,0
1024,2,0,0
1025,2,0,0
1026,2,0,0
1027,2,0,0
1028,2,0,0
1029,2,0,0
1030,2,0,0
1031,2,0,0
1032,2,0,0
1033,3,0,0
1034,3,2,1
1035,3,0,0
1036,2,0,0
1037,1,0,0
1038,1,0,0
1039,1,0,0
1040,1,0,0
1041,1,0,0
1042,1,0,0
1043,1,0,0
1044,2,0,0
1045,2,0,0
1046,2,0,0
1047,2,0,0
1048,3,0,0
1049,2,0,0
1050,3,0,0
1051,3,0,0
1052,3,0,0
1053,3,0,0
1054,3,0,0
1055,3,2,1
1056,3,0,0
1057,3,2,1
1058,3,0,0
1059,3,0,0
1060,3,0,0
1061,3,0,0
1062,3,2,1
1063,3,0,0
1064,3,2,1
1065,3,0,0
1066,3,0,0
1067,2,0,0
1068,3,0,0
1069,3,0,0
1070,2,0,0
1071,1,0,0
1072,4,0,0
1073,3,0,0
1074,3,0,0
1075,3,0,0
1076,3,0,0
1077,3,0,0
1078,3,0,0
1079,3,2,1
1080,3,2,1
1081,3,0,0
1082,2,0,0
1083,2,0,0
1084,3,0,0
1085,2,0,0
1086,2,0,0
1087,2,0,0
1088,2,0,0
1089,3,0,0
1090,3,0,0
1091,2,0,0
1092,1,0,0
1093,1,0,0
1094,2,0,0
1095,2,0,0
1096,2,0,0
1097,2,0,0
1098,3,0,0
1099,3,0,0
1100,3,0,0
1101,2,0,0
1102,3,0,0
1103,3,0,0
1104,3,0,0
1105,3,0,0
1106,3,0,0
1107,3,0,0
1108,3,0,0
1109,3,0,0
1110,4,0,0
1111,4,0,0
1112,3,0,0
1113,3,0,0
1114,3,0,0
1115,3,0,0
1116,3,0,0
1117,3,0,0
1118,3,0,0
1119,4,0,0
1120,3,0,0
1121,2,0,0
1122,4,0,0
1123,4,0,0
1124,2,0,0
1125,3,0,0
1126,3,0,0
1127,3,0,0
1128,3,0,0
1129,3,0,0
1130,3,0,0
1131,3,0,0
1132,3,0,0
1133,3,0,0
1134,4,0,0
1135,3,0,0
1136,4,0,0
1137,4,0,0
1138,4,0,0
1139,4,0,0
1140,3,0,0
1141,2,0,0
1142,3,0,0
1143,2,0,0
1144,2,0,0
1145,2,0,0
1146,2,0,0
1147,2,0,0
1148,2,0,0
1149,1,0,0
1150,2,0,0
1151,1,0,0
1152,2,0,0
1153,3,0,0
1154,1,0,0
1155,1,0,0
1156,2,0,0
1157,1,0,0
1158,1,0,0
1159,2,0,0
1160,2,0,0
1161,2,0,0
1162,2,0,0
1163,3,0,0
1164,3,0,0
1165,2,2,1
1166,3,0,0
1167,3,0,0
1168,2,2,1
1169,2,0,0
1170,2,0,0
1171,2,0,0
1172,2,0,0
1173,2,0,0
1174,2,0,0
1175,2,0,0
1176,2,0,0
1177,2,0,0
1178,2,0,0
1179,2,0,0
1180,2,0,0
1181,2,0,0
1182,2,0,0
1183,2,0,0
1184,2,0,0
1185,3,0,0
1186,2,0,0
1187,2,0,0
1188,2,0,0
1189,1,0,0
1190,2,0,0
1191,2,0,0
1192,3,0,0
1193,3,0,0
1194,2,0,0
1195,1,0,0
1196,2,0,0
1197,2,0,0
1198,3,0,0
1199,3,0,0
1200,3,0,0
1201,3,0,0
1202,2,0,0
1203,3,0,0
1204,3,0,0
1205,3,0,0
1206,3,2,1
1207,3,2,1
1208,3,2,1
1209,3,2,1
1210,2,2,1
1211,2,2,1
1212,2,2,1
1213,2,0,0
1214,2,0,0
1215,2,0,0
1216,2,2,1
1217,3,0,0
1218,3,0,0
1219,3,0,0
1220,3,0,0
1221,3,0,0
1222,3,2,1
1223,3,0,0
1224,3,3,3
1225,3,3,3
1226,2,2,1
1227,2,0,0
1228,2,0,0
1229,2,0,0
1230,2,2,1
1231,2,0,0
1232,2,0,0
1233,2,0,0
1234,2,0,0
1235,3,0,0
1236,4,0,0
1237,3,0,0
1238,4,0,0
1239,4,0,0
1240,4,0,0
1241,3,0,0
1242,3,0,0
1243,4,0,0
1244,4,0,0
1245,5,2,1
1246,5,0,0
1247,5,0,0
1248,5,2,1
1249,5,0,0
1250,5,0,0
1251,5,0,0
1252,4,0,0
1253,4,0,0
1254,6,0,0
1255,4,0,0
1256,5,0,0
1257,5,0,0
1258,5,2,1
1259,4,2,1
1260,4,2,1
1261,4,2,1
1262,4,2,1
1263,4,2,1
1264,4,2,1
1265,4,0,0
1266,5,0,0
1267,4,0,0
1268,4,0,0
1269,4,2,1
1270,4,0,0
1271,4,0,0
1272,4,0,0
1273,4,0,0
1274,4,0,0
1275,4,0,0
1276,3,0,0
1277,4,0,0
1278,4,0,0
1279,3,0,0
1280,3,0,0
1281,4,0,0
1282,4,0,0
1283,3,0,0
1284,3,0,0
1285,3,0,0
1286,3,0,0
1287,3,0,0
1288,3,0,0
1289,3,0,0
1290,3,0,0
1291,3,2,1
1292,3,0,0
1293,3,0,0
1294,4,2,1
1295,4,0,0
1296,5,2,1
1297,5,0,0
1298,4,2,1
1299,4,0,0
1300,4,0,0
1301,4,0,0
1302,4,0,0
1303,4,0,0
1304,5,0,0
1305,4,2,1
1306,4,2,1
1307,3,0,0
1308,3,0,0
1309,3,0,0
1310,3,0,0
1311,3,0,0
1312,3,0,0
1313,2,0,0
1314,2,0,0
1315,2,0,0
1316,1,0,0
1317,1,0,0
1318,1,0,0
1319,1,0,0
1320,1,0,0
1321,2,0,0
1322,3,0,0
1323,2,0,0
1324,2,0,0
1325,3,0,0
1326,3,0,0
1327,3,0,0
1328,3,0,0
1329,3,0,0
1330,2,0,0
1331,2,0,0
1332,2,0,0
1333,2,0,0
1334,2,0,0
1335,2,0,0
1336,2,0,0
1337,2,0,0
1338,2,0,0
1339,2,0,0
1340,2,0,0
1341,2,0,0
1342,2,0,0
1343,2,0,0
1344,3,0,0
1345,2,0,0
1346,2,0,0
1347,2,0,0
1348,2,0,0
1349,2,0,0
1350,2,0,0
1351,2,2,1
1352,2,0,0
1353,3,0,0
1354,2,0,0
1355,2,0,0
1356,2,0,0
1357,1,0,0
1358,2,0,0
1359,2,0,0
1360,1,0,0
1361,3,0,0
1362,3,0,0
1363,1,0,0
1364,2,0,0
1365,2,0,0
1366,3,0,0
1367,2,0,0
1368,2,0,0
1369,3,0,0
1370,2,0,0
1371,1,0,0
1372,1,0,0
1373,1,0,0
1374,1,0,0
1375,2,0,0
1376,2,0,0
1377,1,0,0
1378,1,0,0
1379,1,0,0
1380,1,0,0
1381,2,0,0
1382,2,0,0
1383,3,0,0
1384,3,0,0
1385,3,0,0
1386,2,2,1
1387,2,0,0
1388,2,0,0
1389,2,0,0
1390,2,0,0
1391,2,0,0
1392,3,0,0
1393,3,0,0
1394,3,0,0
1395,3,0,0
1396,3,0,0
1397,3,0,0
1398,3,0,0
1399,2,2,1
1400,2,0,0
1401,2,0,0
1402,2,0,0
1403,2,0,0
1404,2,0,0
1405,2,0,0
1406,2,0,0
1407,2,0,0
1408,2,0,0
1409,2,0,0
1410,2,0,0
1411,2,0,0
1412,2,0,0
1413,2,0,0
1414,2,0,0
1415,3,0,0
1416,3,0,0
1417,4,0,0
1418,4,0,0
1419,3,0,0
1420,3,0,0
1421,2,0,0
1422,1,0,0
1423,1,0,0
1424,1,0,0
1425,1,0,0
1426,1,0,0
1427,1,0,0
1428,1,0,0
1429,1,0,0
1430,1,0,0
1431,1,0,0
1432,1,0,0
1433,1,0,0
1434,1,0,0
1435,1,0,0
1436,1,0,0
1437,2,0,0
1438,2,0,0
1439,2,0,0
1440,2,0,0
1441,2,0,0
1442,4,0,0
1443,4,0,0
1444,4,0,0
1445,3,0,0
1446,3,0,0
1447,3,0,0
1448,3,0,0
1449,4,2,1
1450,4,0,0
1451,3,0,0
1452,3,2,1
1453,3,2,1
1454,4,2,1
1455,2,0,0
1456,2,0,0
1457,2,0,0
1458,2,0,0
1459,3,0,0
1460,2,0,0
1461,3,0,0
1462,3,0,0
1463,3,0,0
1464,2,2,1
1465,2,2,1
1466,2,2,1
1467,2,2,1
1468,2,2,1
1469,2,2,1
1470,2,2,1
1471,2,0,0
1472,2,0,0
1473,2,0,0
1474,2,0,0
1475,2,0,0
1476,2,0,0
1477,2,0,0
1478,2,0,0
1479,2,0,0
1480,2,0,0
1481,2,0,0
1482,2,0,0
1483,3,0,0
1484,2,0,0
1485,2,0,0
1486,2,0,0
1487,2,0,0
1488,2,0,0
1489,2,0,0
1490,2,0,0
1491,3,0,0
1492,2,0,0
1493,2,0,0
1494,2,0,0
1495,1,0,0
1496,2,0,0
1497,2,0,0
1498,2,0,0
1499,2,0,0
1500,1,0,0
1501,1,0,0
1502,1,0,0
1503,1,0,0
1504,1,0,0
1505,1,0,0
1506,1,0,0
1507,1,0,0
1508,0,0,0
1509,1,0,0
1510,1,0,0
1511,1,0,0
1512,1,0,0
1513,2,0,0
1514,1,0,0
1515,2,0,0
1516,2,0,0
1517,2,0,0
1518,2,0,0
1519,3,0,0
1520,3,0,0
1521,3,0,0
1522,2,0,0
1523,2,0,0
1524,2,0,0
1525,1,0,0
1526,1,0,0
1527,1,0,0
1528,1,0,0
1529,3,0,0
1530,2,0,0
1531,2,0,0
1532,1,0,0
1533,2,0,0
1534,2,0,0
1535,2,0,0
1536,3,0,0
1537,4,0,0
1538,4,0,0
1539,1,0,0
1540,1,0,0
1541,0,0,0
1542,2,0,0
1543,1,0,0
1544,1,0,0
1545,1,0,0
1546,1,0,0
1547,1,0,0
1548,1,0,0
1549,2,0,0
1550,1,0,0
1551,1,0,0
1552,1,0,0
1553,1,0,0
1554,1,0,0
1555,1,0,0
1556,1,0,0
1557,0,0,0
1558,0,0,0
1559,0,0,0
1560,1,0,0
1561,1,0,0
1562,2,0,0
1563,1,0,0
1564,2,0,0
1565,2,0,0
1566,3,0,0
1567,2,0,0
1568,2,0,0
1569,3,0,0
1570,3,0,0
1571,3,2,1
1572,3,2,1
1573,4,2,1
1574,3,0,0
1575,3,0,0
1576,3,0,0
1577,3,0,0
1578,2,0,0
1579,2,0,0
1580,3,0,0
1581,3,0,0
1582,3,0,0
1583,3,0,0
1584,2,0,0
1585,3,0,0
1586,3,0,0
1587,4,0,0
1588,3,0,0
1589,3,0,0
1590,3,0,0
1591,3,0,0
1592,4,2,1
1593,4,0,0
1594,3,0,0
1595,3,0,0
1596,2,0,0
1597,1,0,0
1598,1,0,0
1599,1,0,0
1600,2,0,0
1601,2,0,0
1602,2,0,0
1603,1,0,0
1604,1,0,0
1605,2,2,1
1606,2,0,0
1607,2,0,0
1608,2,0,0
1609,1,0,0
1610,1,0,0
1611,1,0,0
1612,1,0,0
1613,1,0,0
1614,1,0,0
1615,1,0,0
1616,1,0,0
1617,1,0,0
1618,0,0,0
1619,0,0,0
1620,1,0,0
1621,1,0,0
1622,2,0,0
1623,2,0,0
1624,3,0,0
1625,2,0,0
1626,1,0,0
1627,2,0,0
1628,2,0,0
1629,2,0,0
1630,2,0,0
1631,3,0,0
1632,3,0,0
1633,3,0,0
1634,3,0,0
1635,3,2,1
1636,3,2,1
1637,3,2,1
1638,3,2,1
1639,4,0,0
1640,4,0,0
1641,3,0,0
1642,3,0,0
1643,3,0,0
1644,3,0,0
1645,4,0,0
1646,2,0,0
1647,2,0,0
1648,2,0,0
1649,2,0,0
1650,2,0,0
1651,2,0,0
1652,2,0,0
1653,2,2,1
1654,2,2,1
1655,2,0,0
1656,2,0,0
1657,3,0,0
1658,3,0,0
1659,3,0,0
1660,3,0,0
1661,3,0,0
1662,3,0,0
1663,3,0,0
1664,3,0,0
1665,3,0,0
1666,3,0,0
1667,3,0,0
1668,3,0,0
1669,3,0,0
1670,3,0,0
1671,3,2,1
1672,2,0,0
1673,2,0,0
1674,2,0,0
1675,2,0,0
1676,1,0,0
1677,2,0,0
1678,2,0,0
1679,2,0,0
1680,2,0,0
1681,2,0,0
1682,3,0,0
1683,2,0,0
1684,2,0,0
1685,2,0,0
1686,2,0,0
1687,2,0,0
1688,2,0,0
1689,3,0,0
1690,3,0,0
1691,3,0,0
1692,2,0,0
1693,2,0,0
1694,2,0,0
1695,2,0,0
1696,2,0,0
1697,2,0,0
1698,2,0,0
1699,2,0,0
1700,2,0,0
1701,2,0,0
1702,2,0,0
1703,2,2,1
1704,2,2,1
1705,2,2,1
1706,3,0,0
1707,1,0,0
1708,1,0,0
1709,1,0,0
1710,1,0,0
1711,1,0,0
1712,1,0,0
1713,1,0,0
1714,1,0,0
1715,2,0,0
1716,1,0,0
1717,2,0,0
1718,3,0,0
1719,1,0,0
1720,1,0,0
1721,1,0,0
1722,1,0,0
1723,1,0,0
1724,2,0,0
1725,2,0,0
1726,2,0,0
1727,2,0,0
1728,2,2,1
1729,3,2,1
1730,3,0,0
1731,3,0,0
1732,3,0,0
1733,3,0,0
1734,3,0,0
1735,3,0,0
1736,3,0,0
1737,3,0,0
1738,2,0,0
1739,2,0,0
1740,2,0,0
1741,2,0,0
1742,2,0,0
1743,1,0,0
1744,1,0,0
1745,1,0,0
1746,2,0,0
1747,1,0,0
1748,1,0,0
1749,2,0,0
1750,2,0,0
1751,1,0,0
1752,1,0,0
1753,2,0,0
1754,3,0,0
1755,3,0,0
1756,4,0,0
1757,3,0,0
1758,3,0,0
1759,2,0,0
1760,2,0,0
1761,2,0,0
1762,2,0,0
1763,2,0,0
1764,2,0,0
1765,2,0,0
1766,2,0,0
1767,3,0,0
1768,3,0,0
1769,3,0,0
1770,3,0,0
1771,3,0,0
1772,2,0,0
1773,2,0,0
1774,2,0,0
1775,2,0,0
1776,2,0,0
1777,2,0,0
1778,2,0,0
1779,2,0,0
1780,2,0,0
1781,1,0,0
1782,1,0,0
1783,2,0,0
1784,2,0,0
1785,3,0,0
1786,3,0,0
1787,2,0,0
1788,3,0,0
1789,3,0,0
1790,3,0,0
1791,3,0,0
1792,3,0,0
1793,3,0,0
1794,2,0,0
1795,2,0,0
1796,2,0,0
1797,2,0,0
1798,1,0,0
1799,1,0,0
1800,2,0,0
1801,1,0,0
1802,2,0,0
1803,2,0,0
1804,1,0,0
1805,1,0,0
1806,1,0,0
1807,1,0,0
1808,2,0,0
1809,2,0,0
1810,2,0,0
1811,2,0,0
1812,1,0,0
1813,1,0,0
1814,1,0,0
1815,2,0,0
1816,1,0,0
1817,1,0,0
1818,1,0,0
1819,2,0,0
1820,2,0,0
1821,1,0,0
1822,2,0,0
1823,2,0,0
1824,1,0,0
1825,2,0,0
1826,2,0,0
1827,2,0,0
1828,2,0,0
1829,1,0,0
1830,1,0,0
1831,1,0,0
1832,1,0,0
1833,3,0,0
1834,2,0,0
1835,2,0,0
1836,2,0,0
1837,2,2,1
1838,2,0,0
1839,3,0,0
1840,3,0,0
1841,3,0,0
1842,2,0,0
1843,2,0,0
1844,2,0,0
1845,2,0,0
1846,2,0,0
1847,2,0,0
1848,2,0,0
1849,2,0,0
1850,2,0,0
1851,3,0,0
1852,2,0,0
1853,3,0,0
1854,3,0,0
1855,2,0,0
1856,2,0,0
1857,2,0,0
1858,1,0,0
1859,1,0,0
1860,1,0,0
1861,1,0,0
1862,1,0,0
1863,1,0,0
1864,2,0,0
1865,2,0,0
1866,2,0,0
1867,2,0,0
1868,3,0,0
1869,3,0,0
1870,3,0,0
1871,3,0,0
1872,3,0,0
1873,3,0,0
1874,3,0,0
1875,3,0,0
1876,3,0,0
1877,2,0,0
1878,3,0,0
1879,2,0,0
1880,2,0,0
1881,2,0,0
1882,3,0,0
1883,3,0,0
1884,3,0,0
1885,4,0,0
1886,3,2,1
1887,3,0,0
1888,3,0,0
1889,3,0,0
1890,2,0,0
1891,2,0,0
1892,2,0,0
1893,2,2,1
1894,2,0,0
1895,2,2,1
1896,2,2,1
1897,2,0,0
1898,2,0,0
1899,2,0,0
1900,3,0,0
1901,2,0,0
1902,2,0,0
1903,2,2,1
1904,2,2,1
1905,2,2,1
1906,3,0,0
1907,2,0,0
1908,2,0,0
1909,2,0,0
1910,2,0,0
1911,2,2,1
1912,2,0,0
1913,2,0,0
1914,3,0,0
1915,2,0,0
1916,2,0,0
1917,3,0,0
1918,3,0,0
1919,2,0,0
1920,2,0,0
1921,2,0,0
1922,3,0,0
1923,5,2,1
1924,4,0,0
1925,4,0,0
1926,4,0,0
1927,3,0,0
1928,3,0,0
1929,3,0,0
1930,3,0,0
1931,3,0,0
1932,3,0,0
1933,3,0,0
1934,3,0,0
1935,3,0,0
1936,3,2,1
1937,3,2,1
1938,3,0,0
1939,3,0,0
1940,3,0,0
1941,3,0,0
1942,2,0,0
1943,2,0,0
1944,2,0,0
1945,2,0,0
1946,2,0,0
1947,2,0,0
1948,3,0,0
1949,2,0,0
1950,2,0,0
1951,1,0,0
1952,1,0,0
1953,3,0,0
1954,1,0,0
1955,3,0,0
1956,3,0,0
1957,3,0,0
1958,3,2,1
1959,3,0,0
1960,3,0,0
1961,3,0,0
1962,3,0,0
1963,3,0,0
1964,3,0,0
1965,3,0,0
1966,3,0,0
1967,3,0,0
1968,3,0,0
1969,3,0,0
1970,3,0,0
1971,3,0,0
1972,3,0,0
1973,3,0,0
1974,3,0,0
1975,3,0,0
1976,2,0,0
1977,2,0,0
1978,2,0,0
1979,2,0,0
1980,2,0,0
1981,2,0,0
1982,2,0,0
1983,2,0,0
1984,2,0,0
1985,2,0,0
1986,2,2,1
1987,2,2,1
1988,2,2,1
1989,2,2,1
1990,2,2,1
1991,2,0,0
1992,2,0,0
1993,3,0,0
1994,3,0,0
1995,2,0,0
1996,3,0,0
1997,3,0,0
1998,3,0,0
1999,2,0,0
