0,0,0,0
1,0,0,0
2,1,0,0
3,3,0,0
4,2,0,0
5,3,0,0
6,3,0,0
7,3,0,0
8,3,0,0
9,3,0,0
10,4,0,0
11,3,0,0
12,3,0,0
13,4,0,0
14,4,0,0
15,4,2,1
16,3,2,1
17,5,2,1
18,3,0,0
19,3,2,1
20,3,0,0
21,3,2,1
22,3,0,0
23,3,2,1
24,3,2,1
25,3,0,0
26,3,0,0
27,2,0,0
28,2,0,0
29,2,0,0
30,2,0,0
31,3,0,0
32,3,0,0
33,2,0,0
34,3,0,0
35,2,0,0
36,2,0,0
37,2,0,0
38,2,0,0
39,2,0,0
40,2,0,0
41,2,0,0
42,2,0,0
43,2,0,0
44,2,0,0
45,3,0,0
46,3,0,0
47,3,0,0
48,1,0,0
49,2,0,0
50,2,0,0
51,2,0,0
52,2,0,0
53,2,0,0
54,2,0,0
55,2,0,0
56,2,0,0
57,2,0,0
58,3,0,0
59,3,0,0
60,3,0,0
61,2,0,0
62,2,0,0
63,3,0,0
64,3,0,0
65,2,0,0
66,2,0,0
67,3,0,0
68,2,0,0
69,2,0,0
70,2,0,0
71,2,0,0
72,2,0,0
73,2,0,0
74,2,0,0
75,3,0,0
76,2,0,0
77,2,0,0
78,1,0,0
79,1,0,0
80,1,0,0
81,1,0,0
82,2,0,0
83,2,0,0
84,2,0,0
85,2,0,0
86,2,0,0
87,2,0,0
88,2,0,0
89,2,0,0
90,2,0,0
91,2,0,0
92,2,0,0
93,2,0,0
94,1,0,0
95,1,0,0
96,1,0,0
97,1,0,0
98,1,0,0
99,1,0,0
100,1,0,0
101,1,0,0
102,1,0,0
103,1,0,0
104,1,0,0
105,1,0,0
106,1,0,0
107,1,0,0
108,1,0,0
109,1,0,0
110,1,0,0
111,1,0,0
112,1,0,0
113,1,0,0
114,2,0,0
115,2,0,0
116,1,0,0
117,2,0,0
118,3,0,0
119,3,2,1
120,3,2,1
121,3,2,1
122,3,2,1
123,3,2,1
124,3,2,1
125,3,2,1
126,3,2,1
127,2,2,1
128,2,2,1
129,2,2,1
130,4,0,0
131,3,3,2
132,3,3,2
133,3,2,1
134,3,0,0
135,3,0,0
136,3,0,0
137,3,0,0
138,3,0,0
139,3,0,0
140,3,0,0
141,4,0,0
142,4,0,0
143,4,2,1
144,4,0,0
145,4,0,0
146,4,0,0
147,4,0,0
148,4,0,0
149,4,0,0
150,4,0,0
151,4,2,1
152,4,0,0
153,4,0,0
154,3,0,0
155,4,2,1
156,4,2,1
157,4,2,1
158,4,2,1
159,4,2,1
160,4,2,1
161,4,2,1
162,4,0,0
163,4,0,0
164,4,0,0
165,4,2,1
166,3,0,0
167,2,0,0
168,2,0,0
169,2,0,0
170,2,0,0
171,2,0,0
172,2,0,0
173,2,0,0
174,1,0,0
175,1,0,0
176,1,0,0
177,1,0,0
178,1,0,0
179,1,0,0
180,1,0,0
181,3,0,0
182,3,0,0
183,3,0,0
184,2,0,0
185,2,0,0
186,2,0,0
187,3,0,0
188,3,0,0
189,1,0,0
190,2,0,0
191,4,0,0
192,3,0,0
193,3,0,0
194,3,2,1
195,3,2,1
196,2,0,0
197,2,0,0
198,3,0,0
199,3,0,0
200,3,0,0
201,3,0,0
202,3,0,0
203,3,0,0
204,3,0,0
205,1,0,0
206,1,0,0
207,1,0,0
208,1,0,0
209,1,0,0
210,1,0,0
211,1,0,0
212,1,0,0
213,0,0,0
214,1,0,0
215,0,0,0
216,0,0,0
217,0,0,0
218,1,0,0
219,2,0,0
220,1,0,0
221,2,0,0
222,2,0,0
223,2,0,0
224,2,0,0
225,2,0,0
226,2,0,0
227,2,0,0
228,2,0,0
229,2,0,0
230,2,0,0
231,2,0,0
232,1,0,0
233,2,0,0
234,1,0,0
235,1,0,0
236,1,0,0
237,1,0,0
238,3,0,0
239,3,0,0
240,3,0,0
241,3,0,0
242,3,0,0
243,2,0,0
244,2,0,0
245,2,2,1
246,3,2,1
247,3,2,1
248,2,2,1
249,2,2,1
250,2,2,1
251,2,2,1
252,2,2,1
253,2,2,1
254,2,2,1
255,3,2,1
256,2,2,1
257,2,0,0
258,2,0,0
259,2,0,0
260,2,0,0
261,2,0,0
262,2,0,0
263,3,0,0
264,2,0,0
265,2,0,0
266,3,2,1
267,3,0,0
268,3,0,0
269,3,0,0
270,3,0,0
271,4,0,0
272,3,0,0
273,3,2,1
274,2,0,0
275,2,0,0
276,2,0,0
277,2,0,0
278,2,0,0
279,3,0,0
280,2,0,0
281,2,0,0
282,2,0,0
283,2,0,0
284,2,0,0
285,2,0,0
286,3,0,0
287,2,0,0
288,2,0,0
289,2,0,0
290,1,0,0
291,1,0,0
292,1,0,0
293,1,0,0
294,2,0,0
295,1,0,0
296,2,0,0
297,3,0,0
298,2,0,0
299,2,0,0
300,2,0,0
301,2,0,0
302,2,0,0
303,3,0,0
304,3,0,0
305,3,0,0
306,3,0,0
307,3,0,0
308,2,0,0
309,2,2,1
310,2,0,0
311,3,0,0
312,2,0,0
313,2,0,0
314,2,0,0
315,2,0,0
316,2,0,0
317,2,0,0
318,2,2,1
319,3,0,0
320,3,0,0
321,3,0,0
322,1,0,0
323,3,0,0
324,2,0,0
325,2,0,0
326,2,0,0
327,2,2,1
328,3,2,1
329,2,0,0
330,2,0,0
331,2,0,0
332,2,0,0
333,2,2,1
334,2,0,0
335,2,0,0
336,2,0,0
337,2,0,0
338,2,0,0
339,2,0,0
340,2,0,0
341,2,0,0
342,1,0,0
343,2,0,0
344,2,0,0
345,1,0,0
346,1,0,0
347,1,0,0
348,2,0,0
349,3,0,0
350,2,0,0
351,2,0,0
352,2,0,0
353,2,0,0
354,2,0,0
355,2,0,0
356,1,0,0
357,1,0,0
358,1,0,0
359,1,0,0
360,2,0,0
361,2,0,0
362,2,0,0
363,2,0,0
364,2,0,0
365,2,0,0
366,2,0,0
367,3,0,0
368,2,0,0
369,2,0,0
370,2,0,0
371,2,0,0
372,2,0,0
373,2,0,0
374,2,0,0
375,2,0,0
376,2,0,0
377,2,0,0
378,2,0,0
379,2,0,0
380,2,0,0
381,2,0,0
382,2,0,0
383,2,0,0
384,2,0,0
385,3,0,0
386,3,0,0
387,3,2,1
388,3,0,0
389,3,0,0
390,3,0,0
391,2,0,0
392,2,2,1
393,2,0,0
394,3,0,0
395,3,2,1
396,2,2,1
397,2,2,1
398,2,0,0
399,2,0,0
400,3,0,0
401,3,0,0
402,3,0,0
403,3,0,0
404,4,0,0
405,3,0,0
406,3,0,0
407,3,2,1
408,3,0,0
409,3,0,0
410,2,0,0
411,2,0,0
412,3,0,0
413,3,0,0
414,3,0,0
415,4,2,1
416,3,2,1
417,3,2,1
418,3,0,0
419,2,0,0
420,2,0,0
421,2,0,0
422,1,0,0
423,1,0,0
424,2,0,0
425,2,0,0
426,2,0,0
427,2,0,0
428,2,0,0
429,2,0,0
430,2,0,0
431,2,0,0
432,2,0,0
433,2,0,0
434,2,0,0
435,1,0,0
436,2,0,0
437,2,0,0
438,2,0,0
439,2,0,0
440,3,0,0
441,3,0,0
442,2,0,0
443,2,0,0
444,2,0,0
445,2,0,0
446,2,0,0
447,2,0,0
448,2,0,0
449,3,0,0
450,2,0,0
451,2,0,0
452,4,0,0
453,3,0,0
454,3,0,0
455,3,2,1
456,3,2,1
457,3,2,1
458,3,0,0
459,3,0,0
460,3,0,0
461,3,0,0
462,3,0,0
463,3,2,1
464,3,0,0
465,3,0,0
466,4,0,0
467,4,0,0
468,4,2,1
469,4,0,0
470,4,0,0
471,4,0,0
472,4,0,0
473,3,0,0
474,4,0,0
475,4,2,1
476,3,2,1
477,3,0,0
478,4,0,0
479,3,0,0
480,3,0,0
481,3,0,0
482,2,0,0
483,2,0,0
484,2,0,0
485,1,0,0
486,1,0,0
487,1,0,0
488,1,0,0
489,1,0,0
490,1,0,0
491,2,0,0
492,1,0,0
493,2,0,0
494,3,0,0
495,2,0,0
496,3,0,0
497,2,0,0
498,2,0,0
499,2,0,0
500,2,0,0
501,1,0,0
502,1,0,0
503,1,0,0
504,1,0,0
505,1,0,0
506,1,0,0
507,2,0,0
508,2,0,0
509,2,0,0
510,2,0,0
511,1,0,0
512,2,0,0
513,2,0,0
514,2,0,0
515,2,0,0
516,2,0,0
517,2,0,0
518,2,0,0
519,2,2,1
520,2,0,0
521,2,0,0
522,2,0,0
523,2,0,0
524,1,0,0
525,1,0,0
526,1,0,0
527,1,0,0
528,1,0,0
529,1,0,0
530,1,0,0
531,1,0,0
532,1,0,0
533,1,0,0
534,1,0,0
535,1,0,0
536,1,0,0
537,1,0,0
538,1,0,0
539,1,0,0
540,1,0,0
541,2,0,0
542,2,0,0
543,2,0,0
544,2,0,0
545,1,0,0
546,1,0,0
547,1,0,0
548,1,0,0
549,2,0,0
550,2,2,1
551,2,2,1
552,3,0,0
553,3,0,0
554,3,0,0
555,3,0,0
556,4,2,1
557,4,2,1
558,4,2,1
559,4,0,0
560,4,2,1
561,4,2,1
562,4,2,1
563,4,2,1
564,3,0,0
565,3,0,0
566,3,0,0
567,3,0,0
568,3,0,0
569,2,0,0
570,2,2,1
571,2,0,0
572,3,0,0
573,3,0,0
574,3,0,0
575,3,0,0
576,3,0,0
577,2,2,1
578,2,2,1
579,3,2,1
580,2,0,0
581,3,0,0
582,2,0,0
583,1,0,0
584,3,0,0
585,2,0,0
586,2,0,0
587,2,0,0
588,2,0,0
589,2,0,0
590,2,0,0
591,2,0,0
592,2,0,0
593,2,0,0
594,2,0,0
595,2,0,0
596,2,0,0
597,2,0,0
598,2,0,0
599,2,2,1
600,2,2,1
601,2,0,0
602,2,0,0
603,2,2,1
604,2,2,1
605,2,0,0
606,2,0,0
607,2,0,0
608,2,0,0
609,2,0,0
610,1,0,0
611,2,0,0
612,2,0,0
613,2,0,0
614,2,0,0
615,2,0,0
616,2,0,0
617,2,0,0
618,2,0,0
619,1,0,0
620,1,0,0
621,1,0,0
622,1,0,0
623,1,0,0
624,1,0,0
625,1,0,0
626,1,0,0
627,1,0,0
628,1,0,0
629,2,0,0
630,2,0,0
631,2,0,0
632,2,0,0
633,2,0,0
634,2,0,0
635,3,0,0
636,2,0,0
637,2,0,0
638,2,0,0
639,2,0,0
640,2,0,0
641,2,0,0
642,3,0,0
643,3,2,1
644,2,0,0
645,2,0,0
646,2,0,0
647,3,0,0
648,3,0,0
649,3,0,0
650,3,0,0
651,3,0,0
652,3,0,0
653,2,0,0
654,3,0,0
655,3,0,0
656,3,0,0
657,3,0,0
658,2,0,0
659,2,0,0
660,3,0,0
661,2,0,0
662,2,0,0
663,3,0,0
664,3,0,0
665,2,0,0
666,2,0,0
667,3,0,0
668,3,0,0
669,3,0,0
670,3,0,0
671,3,0,0
672,4,0,0
673,3,0,0
674,3,0,0
675,3,0,0
676,2,0,0
677,2,0,0
678,2,0,0
679,2,0,0
680,2,0,0
681,2,0,0
682,2,0,0
683,3,0,0
684,2,0,0
685,2,0,0
686,2,0,0
687,2,0,0
688,3,0,0
689,3,0,0
690,3,0,0
691,3,2,1
692,3,2,1
693,3,0,0
694,2,0,0
695,3,0,0
696,2,0,0
697,2,0,0
698,2,0,0
699,2,0,0
700,2,0,0
701,2,0,0
702,2,2,1
703,2,0,0
704,3,0,0
705,2,0,0
706,2,0,0
707,2,0,0
708,2,0,0
709,2,0,0
710,2,0,0
711,2,0,0
712,2,0,0
713,3,0,0
714,3,0,0
715,2,0,0
716,2,0,0
717,2,0,0
718,2,0,0
719,2,0,0
720,2,0,0
721,2,0,0
722,2,0,0
723,2,0,0
724,2,0,0
725,2,0,0
726,2,0,0
727,3,0,0
728,3,0,0
729,3,0,0
730,3,0,0
731,3,0,0
732,3,0,0
733,2,0,0
734,2,0,0
735,2,0,0
736,2,0,0
737,2,0,0
738,2,0,0
739,2,0,0
740,2,0,0
741,2,0,0
742,2,0,0
743,2,0,0
744,3,2,1
745,3,0,0
746,3,0,0
747,3,0,0
748,3,2,1
749,2,0,0
750,3,0,0
751,2,2,1
752,2,0,0
753,2,0,0
754,1,0,0
755,1,0,0
756,1,0,0
757,2,0,0
758,2,0,0
759,1,0,0
760,1,0,0
761,1,0,0
762,2,0,0
763,2,0,0
764,2,0,0
765,1,0,0
766,1,0,0
767,1,0,0
768,1,0,0
769,2,0,0
770,2,0,0
771,2,0,0
772,2,0,0
773,3,0,0
774,3,0,0
775,3,0,0
776,3,0,0
777,3,0,0
778,3,0,0
779,2,0,0
780,3,0,0
781,3,0,0
782,3,0,0
783,3,0,0
784,3,0,0
785,2,0,0
786,3,0,0
787,2,0,0
788,2,0,0
789,2,0,0
790,2,0,0
791,3,0,0
792,3,0,0
793,3,0,0
794,3,0,0
795,4,0,0
796,3,0,0
797,3,0,0
798,3,2,1
799,3,0,0
800,2,0,0
801,2,0,0
802,2,0,0
803,2,0,0
804,2,0,0
805,2,0,0
806,3,0,0
807,2,0,0
808,2,0,0
809,2,0,0
810,1,0,0
811,2,0,0
812,2,0,0
813,2,0,0
814,2,0,0
815,2,0,0
816,2,0,0
817,2,0,0
818,2,0,0
819,2,0,0
820,2,0,0
821,2,0,0
822,2,0,0
823,2,0,0
824,2,0,0
825,1,0,0
826,1,0,0
827,1,0,0
828,2,0,0
829,2,0,0
830,2,0,0
831,2,0,0
832,1,0,0
833,1,0,0
834,1,0,0
835,3,0,0
836,2,0,0
837,2,0,0
838,2,0,0
839,2,0,0
840,2,0,0
841,2,0,0
842,2,0,0
843,2,0,0
844,2,2,1
845,2,0,0
846,3,0,0
847,3,0,0
848,2,0,0
849,2,0,0
850,2,0,0
851,1,0,0
852,2,0,0
853,2,0,0
854,1,0,0
855,1,0,0
856,1,0,0
857,1,0,0
858,2,0,0
859,1,0,0
860,2,0,0
861,2,0,0
862,2,0,0
863,2,0,0
864,2,0,0
865,2,0,0
866,2,0,0
867,2,0,0
868,2,0,0
869,2,0,0
870,2,0,0
871,2,0,0
872,2,0,0
873,2,0,0
874,2,0,0
875,2,0,0
876,2,0,0
877,2,0,0
878,3,0,0
879,2,0,0
880,3,0,0
881,4,2,1
882,4,0,0
883,3,0,0
884,3,0,0
885,3,0,0
886,3,0,0
887,4,2,1
888,2,0,0
889,2,0,0
890,1,0,0
891,2,0,0
892,2,0,0
893,1,0,0
894,1,0,0
895,2,0,0
896,1,0,0
897,2,0,0
898,2,0,0
899,1,0,0
900,1,0,0
901,2,0,0
902,2,0,0
903,2,0,0
904,2,0,0
905,2,0,0
906,2,2,1
907,2,0,0
908,2,0,0
909,2,0,0
910,2,0,0
911,2,0,0
912,2,0,0
913,2,0,0
914,2,0,0
915,2,0,0
916,2,0,0
917,2,0,0
918,2,0,0
919,2,0,0
920,2,0,0
921,2,0,0
922,2,0,0
923,2,0,0
924,3,0,0
925,2,0,0
926,2,0,0
927,2,0,0
928,2,2,1
929,2,2,1
930,2,2,1
931,2,2,1
932,2,2,1
933,2,2,1
934,2,0,0
935,2,0,0
936,2,0,0
937,2,0,0
938,2,0,0
939,2,0,0
940,2,0,0
941,2,0,0
942,2,2,1
943,2,2,1
944,2,0,0
945,2,2,1
946,2,0,0
947,1,0,0
948,1,0,0
949,2,0,0
950,2,0,0
951,2,0,0
952,2,0,0
953,2,0,0
954,2,0,0
955,2,0,0
956,2,0,0
957,2,2,1
958,2,0,0
959,3,0,0
960,2,0,0
961,2,0,0
962,3,0,0
963,3,0,0
964,2,0,0
965,2,0,0
966,2,0,0
967,1,0,0
968,1,0,0
969,1,0,0
970,1,0,0
971,1,0,0
972,1,0,0
973,1,0,0
974,1,0,0
975,2,0,0
976,2,0,0
977,2,0,0
978,2,0,0
979,2,0,0
980,2,0,0
981,2,0,0
982,2,0,0
983,2,0,0
984,2,0,0
985,1,0,0
986,1,0,0
987,2,0,0
988,2,0,0
989,3,0,0
990,3,0,0
991,3,0,0
992,3,2,1
993,3,2,1
994,3,2,1
995,4,2,1
996,3,0,0
997,3,0,0
998,3,0,0
999,4,0,0
1000,3,0,0
1001,3,0,0
1002,3,2,1
1003,3,0,0
1004,3,0,0
1005,2,0,0
1006,3,0,0
1007,3,0,0
1008,3,0,0
1009,3,0,0
1010,3,0,0
1011,3,0,0
1012,3,0,0
1013,3,2,1
1014,3,0,0
1015,4,0,0
1016,4,0,0
1017,4,0,0
1018,3,0,0
1019,4,0,0
1020,4,0,0
1021,4,2,1
1022,4,2,1
1023,4,0,0
1024,4,0,0
1025,4,2,1
1026,4,2,1
1027,4,2,1
1028,4,2,1
1029,4,2,1
1030,4,2,1
1031,4,2,1
1032,4,2,1
1033,4,2,1
1034,4,2,1
1035,4,0,0
1036,3,0,0
1037,3,0,0
1038,3,0,0
1039,3,0,0
1040,3,0,0
1041,3,0,0
1042,3,0,0
1043,3,0,0
1044,3,0,0
1045,3,0,0
1046,3,0,0
1047,3,0,0
1048,3,0,0
1049,3,0,0
1050,2,0,0
1051,2,0,0
1052,2,0,0
1053,2,0,0
1054,2,0,0
1055,3,0,0
1056,2,0,0
1057,2,0,0
1058,2,0,0
1059,2,0,0
1060,1,0,0
1061,1,0,0
1062,2,0,0
1063,2,0,0
1064,2,0,0
1065,2,0,0
1066,3,0,0
1067,3,0,0
1068,2,0,0
1069,2,0,0
1070,2,0,0
1071,4,0,0
1072,4,0,0
1073,4,0,0
1074,4,0,0
1075,4,0,0
1076,3,2,1
1077,2,0,0
1078,3,0,0
1079,3,0,0
1080,3,0,0
1081,3,0,0
1082,2,0,0
1083,3,0,0
1084,3,0,0
1085,3,2,1
1086,3,0,0
1087,3,0,0
1088,3,0,0
1089,3,0,0
1090,3,0,0
1091,2,0,0
1092,2,0,0
1093,2,0,0
1094,1,0,0
1095,1,0,0
1096,1,0,0
1097,1,0,0
1098,1,0,0
1099,4,0,0
1100,3,0,0
1101,2,0,0
1102,2,0,0
1103,2,0,0
1104,2,0,0
1105,2,0,0
1106,2,0,0
1107,1,0,0
1108,2,0,0
1109,1,0,0
1110,1,0,0
1111,1,0,0
1112,1,0,0
1113,1,0,0
1114,1,0,0
1115,1,0,0
1116,2,0,0
1117,2,0,0
1118,2,0,0
1119,2,0,0
1120,1,0,0
1121,1,0,0
1122,1,0,0
1123,1,0,0
1124,1,0,0
1125,1,0,0
1126,1,0,0
1127,1,0,0
1128,2,0,0
1129,1,0,0
1130,1,0,0
1131,1,0,0
1132,2,0,0
1133,3,0,0
1134,2,0,0
1135,2,2,1
1136,2,0,0
1137,2,0,0
1138,2,0,0
1139,3,0,0
1140,3,0,0
1141,3,0,0
1142,3,0,0
1143,3,0,0
1144,3,0,0
1145,3,0,0
1146,3,0,0
1147,3,0,0
1148,1,0,0
1149,2,0,0
1150,2,0,0
1151,2,0,0
1152,2,0,0
1153,2,0,0
1154,2,0,0
1155,2,0,0
1156,3,0,0
1157,3,2,1
1158,3,0,0
1159,4,2,1
1160,3,2,1
1161,4,2,1
1162,4,0,0
1163,4,0,0
1164,4,0,0
1165,3,0,0
1166,4,2,1
1167,2,0,0
1168,2,0,0
1169,2,0,0
1170,2,0,0
1171,2,0,0
1172,2,0,0
1173,2,0,0
1174,2,0,0
1175,3,0,0
1176,3,0,0
1177,3,0,0
1178,3,0,0
1179,3,0,0
1180,3,0,0
1181,3,0,0
1182,3,0,0
1183,2,0,0
1184,2,0,0
1185,2,0,0
1186,2,0,0
1187,2,0,0
1188,2,0,0
1189,2,0,0
1190,2,0,0
1191,2,0,0
1192,2,0,0
1193,1,0,0
1194,2,0,0
1195,2,0,0
1196,2,0,0
1197,2,0,0
1198,3,0,0
1199,2,0,0
1200,2,0,0
1201,3,0,0
1202,3,0,0
1203,3,0,0
1204,3,0,0
1205,3,0,0
1206,3,0,0
1207,3,0,0
1208,3,0,0
1209,3,2,1
1210,3,0,0
1211,3,0,0
1212,2,0,0
1213,3,0,0
1214,3,0,0
1215,3,3,2
1216,3,2,1
1217,3,3,3
1218,3,3,2
1219,3,3,3
1220,3,3,3
1221,3,3,2
1222,3,3,3
1223,3,3,2
1224,3,3,3
1225,4,3,3
1226,3,3,2
1227,4,3,3
1228,4,3,2
1229,4,2,1
1230,4,2,1
1231,3,2,1
1232,3,2,1
1233,3,0,0
1234,4,3,2
1235,4,2,1
1236,4,0,0
1237,4,0,0
1238,4,0,0
1239,4,0,0
1240,4,0,0
1241,4,0,0
1242,4,0,0
1243,4,0,0
1244,4,2,1
1245,4,0,0
1246,4,0,0
1247,4,0,0
1248,4,0,0
1249,4,0,0
1250,4,0,0
1251,4,0,0
1252,4,0,0
1253,4,0,0
1254,4,0,0
1255,4,0,0
1256,3,0,0
1257,4,0,0
1258,4,0,0
1259,3,0,0
1260,3,0,0
1261,3,0,0
1262,3,0,0
1263,2,0,0
1264,2,0,0
1265,2,0,0
1266,2,0,0
1267,2,0,0
1268,2,0,0
1269,2,0,0
1270,2,0,0
1271,2,0,0
1272,2,0,0
1273,2,0,0
1274,2,0,0
1275,1,0,0
1276,1,0,0
1277,1,0,0
1278,1,0,0
1279,1,0,0
1280,1,0,0
1281,1,0,0
1282,1,0,0
1283,1,0,0
1284,1,0,0
1285,1,0,0
1286,1,0,0
1287,1,0,0
1288,2,0,0
1289,3,0,0
1290,2,0,0
1291,1,0,0
1292,2,0,0
1293,2,0,0
1294,3,0,0
1295,3,0,0
1296,3,0,0
1297,3,0,0
1298,2,0,0
1299,2,0,0
1300,2,0,0
1301,2,0,0
1302,2,0,0
1303,2,0,0
1304,2,0,0
1305,2,0,0
1306,3,0,0
1307,3,0,0
1308,3,0,0
1309,2,0,0
1310,2,2,1
1311,2,0,0
1312,2,0,0
1313,2,0,0
1314,3,0,0
1315,3,0,0
1316,4,2,1
1317,4,2,1
1318,4,0,0
1319,4,2,1
1320,4,0,0
1321,4,0,0
1322,4,0,0
1323,4,0,0
1324,4,2,1
1325,4,2,1
1326,3,0,0
1327,3,0,0
1328,2,0,0
1329,3,0,0
1330,2,0,0
1331,3,0,0
1332,3,0,0
1333,2,0,0
1334,3,0,0
1335,3,0,0
1336,4,0,0
1337,4,0,0
1338,4,0,0
1339,3,0,0
1340,4,2,1
1341,4,0,0
1342,4,2,1
1343,4,0,0
1344,4,0,0
1345,4,0,0
1346,3,2,1
1347,4,2,1
1348,4,2,1
1349,4,2,1
1350,4,2,1
1351,4,2,1
1352,4,0,0
1353,4,0,0
1354,3,0,0
1355,3,2,1
1356,3,0,0
1357,2,0,0
1358,2,0,0
1359,2,0,0
1360,2,0,0
1361,2,0,0
1362,2,2,1
1363,2,2,1
1364,3,2,1
1365,3,2,1
1366,3,0,0
1367,4,0,0
1368,4,0,0
1369,4,0,0
1370,4,0,0
1371,5,0,0
1372,4,0,0
1373,5,2,1
1374,5,2,1
1375,5,2,1
1376,5,2,1
1377,4,2,1
1378,4,2,1
1379,4,2,1
1380,4,2,1
1381,4,2,1
1382,4,2,1
1383,4,2,1
1384,4,0,0
1385,4,2,1
1386,4,2,1
1387,4,2,1
1388,4,2,1
1389,4,0,0
1390,4,0,0
1391,4,0,0
1392,3,0,0
1393,2,0,0
1394,3,0,0
1395,2,0,0
1396,2,0,0
1397,2,0,0
1398,2,0,0
1399,2,0,0
1400,2,0,0
1401,2,2,1
1402,2,2,1
1403,2,2,1
1404,2,2,1
1405,2,2,1
1406,2,2,1
1407,2,2,1
1408,2,2,1
1409,3,2,1
1410,3,2,1
1411,3,2,1
1412,3,3,2
1413,3,2,1
1414,3,2,1
1415,3,2,1
1416,3,2,1
1417,3,2,1
1418,3,2,1
1419,3,2,1
1420,3,2,1
1421,3,0,0
1422,3,0,0
1423,3,0,0
1424,3,2,1
1425,3,0,0
1426,3,0,0
1427,3,0,0
1428,1,0,0
1429,1,0,0
1430,3,0,0
1431,3,0,0
1432,3,0,0
1433,3,0,0
1434,3,0,0
1435,3,2,1
1436,3,0,0
1437,4,0,0
1438,4,0,0
1439,4,2,1
1440,4,2,1
1441,4,0,0
1442,4,0,0
1443,3,0,0
1444,3,0,0
1445,3,0,0
1446,3,0,0
1447,3,0,0
1448,3,0,0
1449,4,0,0
1450,4,0,0
1451,4,2,1
1452,4,2,1
1453,4,0,0
1454,4,0,0
1455,4,0,0
1456,4,0,0
1457,3,2,1
1458,3,2,1
1459,2,0,0
1460,2,0,0
1461,3,0,0
1462,2,0,0
1463,2,0,0
1464,2,0,0
1465,2,0,0
1466,2,0,0
1467,2,0,0
1468,2,0,0
1469,2,0,0
1470,2,0,0
1471,2,0,0
1472,2,0,0
1473,2,0,0
1474,1,0,0
1475,1,0,0
1476,1,0,0
1477,1,0,0
1478,1,0,0
1479,1,0,0
1480,1,0,0
1481,1,0,0
1482,1,0,0
1483,1,0,0
1484,1,0,0
1485,1,0,0
1486,2,0,0
1487,2,0,0
1488,3,0,0
1489,3,2,1
1490,3,2,1
1491,4,2,1
1492,4,2,1
1493,4,3,3
1494,4,3,3
1495,4,3,2
1496,4,3,2
1497,4,3,3
1498,4,3,3
1499,4,2,1
1500,4,3,3
1501,4,3,3
1502,4,3,2
1503,4,3,2
1504,4,2,1
1505,4,3,2
1506,4,3,2
1507,3,2,1
1508,3,0,0
1509,3,2,1
1510,2,0,0
1511,3,0,0
1512,3,0,0
1513,3,0,0
1514,2,0,0
1515,3,0,0
1516,3,0,0
1517,4,2,1
1518,3,2,1
1519,4,2,1
1520,3,2,1
1521,3,2,1
1522,3,2,1
1523,3,2,1
1524,3,0,0
1525,3,0,0
1526,2,0,0
1527,3,0,0
1528,3,0,0
1529,3,0,0
1530,3,0,0
1531,3,0,0
1532,3,0,0
1533,2,0,0
1534,2,2,1
1535,3,0,0
1536,2,0,0
1537,2,0,0
1538,1,0,0
1539,1,0,0
1540,2,0,0
1541,3,0,0
1542,3,0,0
1543,3,0,0
1544,3,0,0
1545,2,0,0
1546,1,0,0
1547,1,0,0
1548,2,0,0
1549,2,0,0
1550,3,0,0
1551,2,0,0
1552,2,0,0
1553,2,0,0
1554,2,0,0
1555,3,0,0
1556,3,0,0
1557,3,0,0
1558,2,0,0
1559,3,0,0
1560,2,0,0
1561,3,0,0
1562,4,2,1
1563,4,2,1
1564,3,2,1
1565,3,2,1
1566,3,2,1
1567,4,2,1
1568,3,2,1
1569,3,2,1
1570,3,2,1
1571,3,3,2
1572,3,2,1
1573,3,2,1
1574,3,2,1
1575,3,2,1
1576,3,0,0
1577,3,2,1
1578,5,2,1
1579,4,3,2
1580,2,2,1
1581,3,2,1
1582,2,2,1
1583,2,2,1
1584,2,0,0
1585,2,2,1
1586,3,2,1
1587,3,3,3
1588,3,3,3
1589,3,3,3
1590,3,3,3
1591,3,3,3
1592,3,3,3
1593,3,3,3
1594,3,3,2
1595,3,3,3
1596,3,3,2
1597,3,3,3
1598,3,3,2
1599,3,3,2
1600,4,3,2
1601,4,2,1
1602,4,0,0
1603,4,0,0
1604,4,0,0
1605,4,0,0
1606,4,0,0
1607,4,0,0
1608,3,0,0
1609,3,0,0
1610,3,0,0
1611,4,2,1
1612,4,2,1
1613,4,0,0
1614,4,0,0
1615,4,2,1
1616,3,0,0
1617,3,0,0
1618,3,0,0
1619,2,0,0
1620,2,0,0
1621,2,0,0
1622,2,0,0
1623,3,0,0
1624,3,0,0
1625,3,0,0
1626,3,2,1
1627,3,0,0
1628,2,0,0
1629,2,0,0
1630,2,0,0
1631,2,0,0
1632,2,0,0
1633,2,0,0
1634,2,0,0
1635,2,0,0
1636,2,0,0
1637,2,0,0
1638,2,0,0
1639,1,0,0
1640,1,0,0
1641,1,0,0
1642,1,0,0
1643,1,0,0
1644,2,0,0
1645,2,0,0
1646,2,0,0
1647,1,0,0
1648,1,0,0
1649,1,0,0
1650,0,0,0
1651,1,0,0
1652,1,0,0
1653,1,0,0
1654,2,0,0
1655,1,0,0
1656,1,0,0
1657,1,0,0
1658,1,0,0
1659,1,0,0
1660,1,0,0
1661,1,0,0
1662,1,0,0
1663,1,0,0
1664,2,0,0
1665,2,0,0
1666,2,0,0
1667,2,0,0
1668,2,0,0
1669,2,0,0
1670,2,0,0
1671,2,0,0
1672,3,0,0
1673,2,0,0
1674,2,0,0
1675,2,0,0
1676,2,0,0
1677,2,0,0
1678,1,0,0
1679,1,0,0
1680,1,0,0
1681,1,0,0
1682,1,0,0
1683,1,0,0
1684,1,0,0
1685,1,0,0
1686,1,0,0
1687,1,0,0
1688,1,0,0
1689,1,0,0
1690,1,0,0
1691,1,0,0
1692,1,0,0
1693,4,0,0
1694,3,0,0
1695,2,0,0
1696,3,0,0
1697,2,0,0
1698,2,0,0
1699,2,0,0
1700,2,0,0
1701,2,2,1
1702,2,0,0
1703,2,0,0
1704,3,0,0
1705,1,0,0
1706,3,0,0
1707,1,0,0
1708,0,0,0
1709,0,0,0
1710,0,0,0
1711,0,0,0
1712,0,0,0
1713,0,0,0
1714,0,0,0
1715,0,0,0
1716,1,0,0
1717,1,0,0
1718,1,0,0
1719,1,0,0
1720,1,0,0
1721,1,0,0
1722,1,0,0
1723,1,0,0
1724,1,0,0
1725,1,0,0
1726,1,0,0
1727,1,0,0
1728,1,0,0
1729,1,0,0
1730,2,0,0
1731,2,0,0
1732,2,0,0
1733,2,0,0
1734,3,0,0
1735,3,0,0
1736,2,0,0
1737,1,0,0
1738,1,0,0
1739,2,0,0
1740,2,0,0
1741,2,0,0
1742,2,0,0
1743,2,0,0
1744,2,0,0
1745,2,0,0
1746,1,0,0
1747,1,0,0
1748,1,0,0
1749,1,0,0
1750,1,0,0
1751,2,0,0
1752,1,0,0
1753,1,0,0
1754,1,0,0
1755,1,0,0
1756,2,0,0
1757,2,0,0
1758,2,0,0
1759,1,0,0
1760,2,0,0
1761,2,2,1
1762,2,0,0
1763,1,0,0
1764,1,0,0
1765,1,0,0
1766,1,0,0
1767,1,0,0
1768,1,0,0
1769,2,0,0
1770,1,0,0
1771,1,0,0
1772,1,0,0
1773,2,0,0
1774,3,0,0
1775,3,0,0
1776,3,0,0
1777,3,0,0
1778,3,0,0
1779,3,2,1
1780,2,2,1
1781,3,2,1
1782,2,0,0
1783,3,0,0
1784,3,0,0
1785,3,0,0
1786,2,0,0
1787,3,0,0
1788,3,0,0
1789,3,0,0
1790,3,0,0
1791,3,0,0
1792,2,0,0
1793,2,0,0
1794,1,0,0
1795,2,0,0
1796,2,2,1
1797,2,2,1
1798,2,0,0
1799,2,2,1
1800,2,0,0
1801,2,0,0
1802,1,0,0
1803,2,0,0
1804,2,0,0
1805,2,0,0
1806,2,0,0
1807,2,0,0
1808,2,0,0
1809,3,0,0
1810,2,0,0
1811,2,0,0
1812,1,0,0
1813,1,0,0
1814,1,0,0
1815,1,0,0
1816,1,0,0
1817,1,0,0
1818,1,0,0
1819,1,0,0
1820,1,0,0
1821,1,0,0
1822,1,0,0
1823,2,0,0
1824,2,0,0
1825,2,0,0
1826,2,0,0
1827,2,0,0
1828,2,0,0
1829,3,0,0
1830,2,0,0
1831,2,0,0
1832,1,0,0
1833,2,0,0
1834,3,0,0
1835,2,0,0
1836,3,0,0
1837,3,0,0
1838,2,0,0
1839,2,0,0
1840,2,0,0
1841,2,0,0
1842,2,0,0
1843,2,0,0
1844,2,0,0
1845,2,0,0
1846,2,0,0
1847,2,0,0
1848,2,0,0
1849,2,0,0
1850,2,0,0
1851,3,0,0
1852,2,0,0
1853,3,2,1
1854,2,0,0
1855,2,0,0
1856,2,0,0
1857,3,0,0
1858,3,0,0
1859,3,0,0
1860,3,2,1
1861,3,0,0
1862,4,0,0
1863,3,0,0
1864,3,0,0
1865,3,0,0
1866,3,0,0
1867,3,0,0
1868,3,0,0
1869,3,0,0
1870,3,2,1
1871,3,2,1
1872,3,0,0
1873,3,0,0
1874,3,2,1
1875,3,0,0
1876,3,0,0
1877,3,0,0
1878,3,0,0
1879,3,0,0
1880,2,0,0
1881,2,0,0
1882,3,0,0
1883,3,0,0
1884,2,0,0
1885,2,0,0
1886,2,0,0
1887,3,2,1
1888,4,0,0
1889,4,0,0
1890,4,0,0
1891,4,2,1
1892,3,0,0
1893,4,0,0
1894,3,0,0
1895,3,0,0
1896,3,0,0
1897,3,2,1
1898,4,0,0
1899,4,0,0
1900,4,0,0
1901,4,0,0
1902,3,0,0
1903,3,2,1
1904,4,3,2
1905,4,2,1
1906,4,2,1
1907,4,2,1
1908,4,2,1
1909,4,3,2
1910,4,3,2
1911,4,3,3
1912,4,3,3
1913,4,4,3
1914,4,4,4
1915,4,3,2
1916,4,3,3
1917,4,3,3
1918,4,3,3
1919,4,3,2
1920,5,3,3
1921,3,3,3
1922,3,3,2
1923,3,3,2
1924,3,3,3
1925,3,3,2
1926,3,3,3
1927,3,3,3
1928,3,3,2
1929,3,3,3
1930,3,3,2
1931,3,3,2
1932,3,3,2
1933,3,3,2
1934,3,3,3
1935,3,3,2
1936,3,3,2
1937,3,3,3
1938,3,3,2
1939,3,3,2
1940,3,3,3
1941,3,3,3
1942,3,3,2
1943,3,3,2
1944,4,3,2
1945,3,3,3
1946,3,3,3
1947,3,3,3
1948,3,3,3
1949,3,3,3
1950,3,2,1
1951,3,3,3
1952,3,2,1
1953,3,3,3
1954,3,3,2
1955,3,2,1
1956,3,3,2
1957,3,3,3
1958,4,3,2
1959,4,3,3
1960,4,3,3
1961,4,3,3
1962,4,3,3
1963,4,3,3
1964,5,3,3
1965,4,3,3
1966,4,3,2
1967,4,3,3
1968,4,3,3
1969,4,3,3
1970,3,3,3
1971,3,3,2
1972,3,3,3
1973,3,3,3
1974,4,4,4
1975,4,4,4
1976,3,3,2
1977,4,4,3
1978,4,4,5
1979,4,4,4
1980,4,4,5
1981,4,4,5
1982,4,4,4
1983,4,4,5
1984,4,4,4
1985,4,4,4
1986,4,4,5
1987,4,4,4
1988,4,4,5
1989,5,4,5
1990,5,4,5
1991,5,4,4
1992,5,4,5
1993,5,4,5
1994,5,4,5
1995,5,4,5
1996,5,4,5
1997,4,4,4
1998,4,4,4
1999,4,4,5
