0,0,0,0
1,1,0,0
2,1,0,0
3,1,0,0
4,1,0,0
5,1,0,0
6,2,0,0
7,2,0,0
8,1,0,0
9,2,0,0
10,2,0,0
11,2,2,1
12,3,2,1
13,3,0,0
14,3,0,0
15,3,0,0
16,3,0,0
17,2,0,0
18,3,0,0
19,2,0,0
20,1,0,0
21,2,0,0
22,2,0,0
23,2,0,0
24,2,0,0
25,2,0,0
26,1,0,0
27,1,0,0
28,1,0,0
29,1,0,0
30,3,0,0
31,2,0,0
32,2,0,0
33,2,0,0
34,2,0,0
35,2,0,0
36,2,0,0
37,3,0,0
38,3,0,0
39,2,0,0
40,2,0,0
41,2,0,0
42,2,0,0
43,1,0,0
44,2,0,0
45,2,0,0
46,2,0,0
47,2,0,0
48,2,0,0
49,2,0,0
50,2,0,0
51,2,2,1
52,2,0,0
53,2,2,1
54,2,0,0
55,3,0,0
56,3,0,0
57,3,0,0
58,3,0,0
59,1,0,0
60,1,0,0
61,1,0,0
62,1,0,0
63,1,0,0
64,1,0,0
65,1,0,0
66,1,0,0
67,1,0,0
68,2,0,0
69,2,0,0
70,2,0,0
71,2,0,0
72,2,0,0
73,3,0,0
74,3,0,0
75,3,0,0
76,2,0,0
77,1,0,0
78,2,0,0
79,1,0,0
80,1,0,0
81,0,0,0
82,1,0,0
83,2,0,0
84,2,0,0
85,2,0,0
86,2,0,0
87,2,0,0
88,2,0,0
89,1,0,0
90,2,0,0
91,1,0,0
92,1,0,0
93,2,0,0
94,1,0,0
95,1,0,0
96,1,0,0
97,1,0,0
98,1,0,0
99,1,0,0
100,1,0,0
101,1,0,0
102,1,0,0
103,2,0,0
104,1,0,0
105,0,0,0
106,1,0,0
107,1,0,0
108,1,0,0
109,1,0,0
110,1,0,0
111,1,0,0
112,1,0,0
113,1,0,0
114,1,0,0
115,1,0,0
116,1,0,0
117,2,0,0
118,2,0,0
119,1,0,0
120,1,0,0
121,1,0,0
122,1,0,0
123,1,0,0
124,1,0,0
125,2,0,0
126,3,0,0
127,3,0,0
128,3,2,1
129,3,0,0
130,3,0,0
131,3,0,0
132,3,0,0
133,3,0,0
134,3,0,0
135,3,0,0
136,2,0,0
137,2,0,0
138,3,0,0
139,3,0,0
140,3,0,0
141,2,0,0
142,3,0,0
143,3,0,0
144,2,0,0
145,2,0,0
146,2,0,0
147,2,0,0
148,2,0,0
149,2,0,0
150,2,0,0
151,2,0,0
152,2,0,0
153,2,0,0
154,2,0,0
155,2,0,0
156,2,0,0
157,2,0,0
158,2,0,0
159,2,0,0
160,2,0,0
161,2,0,0
162,2,2,1
163,2,2,1
164,2,0,0
165,2,0,0
166,2,0,0
167,2,0,0
168,2,0,0
169,2,0,0
170,2,0,0
171,2,0,0
172,2,0,0
173,2,0,0
174,2,0,0
175,2,0,0
176,2,0,0
177,2,0,0
178,2,0,0
179,2,0,0
180,2,0,0
181,2,0,0
182,2,0,0
183,2,0,0
184,2,0,0
185,2,0,0
186,2,0,0
187,2,0,0
188,2,0,0
189,2,0,0
190,2,0,0
191,2,0,0
192,2,0,0
193,2,0,0
194,2,0,0
195,2,0,0
196,1,0,0
197,2,0,0
198,2,0,0
199,2,0,0
200,2,0,0
201,3,0,0
202,2,0,0
203,1,0,0
204,1,0,0
205,1,0,0
206,1,0,0
207,1,0,0
208,1,0,0
209,1,0,0
210,1,0,0
211,2,0,0
212,2,0,0
213,2,0,0
214,2,0,0
215,2,0,0
216,2,0,0
217,2,0,0
218,2,0,0
219,2,2,1
220,2,0,0
221,2,0,0
222,2,0,0
223,2,0,0
224,2,0,0
225,2,0,0
226,2,0,0
227,3,0,0
228,2,0,0
229,2,0,0
230,2,0,0
231,2,0,0
232,3,0,0
233,2,0,0
234,2,2,1
235,2,2,1
236,2,2,1
237,2,2,1
238,2,2,1
239,2,0,0
240,2,0,0
241,3,0,0
242,2,0,0
243,2,0,0
244,3,0,0
245,3,0,0
246,2,0,0
247,2,0,0
248,2,0,0
249,2,0,0
250,3,0,0
251,2,0,0
252,2,0,0
253,2,0,0
254,2,0,0
255,3,0,0
256,3,0,0
257,3,0,0
258,3,0,0
259,2,0,0
260,2,2,1
261,2,0,0
262,2,0,0
263,3,0,0
264,3,0,0
265,3,0,0
266,2,0,0
267,2,0,0
268,2,0,0
269,3,0,0
270,3,0,0
271,3,0,0
272,3,0,0
273,3,0,0
274,3,0,0
275,4,0,0
276,4,0,0
277,4,0,0
278,3,0,0
279,3,0,0
280,3,0,0
281,3,0,0
282,3,0,0
283,3,0,0
284,3,0,0
285,3,0,0
286,3,0,0
287,4,2,1
288,3,2,1
289,3,2,1
290,3,2,1
291,3,2,1
292,2,2,1
293,2,0,0
294,3,2,1
295,3,0,0
296,3,0,0
297,3,0,0
298,3,0,0
299,3,0,0
300,3,0,0
301,3,0,0
302,2,0,0
303,3,0,0
304,1,0,0
305,1,0,0
306,1,0,0
307,1,0,0
308,1,0,0
309,1,0,0
310,2,0,0
311,2,0,0
312,2,0,0
313,2,0,0
314,3,0,0
315,4,0,0
316,4,0,0
317,2,0,0
318,3,0,0
319,3,0,0
320,4,0,0
321,4,0,0
322,4,0,0
323,4,0,0
324,4,0,0
325,4,3,2
326,4,2,1
327,4,3,3
328,4,3,2
329,4,3,2
330,4,3,3
331,5,4,5
332,5,4,4
333,5,5,5
334,5,5,6
335,5,5,7
336,5,5,6
337,6,5,7
338,6,5,7
339,6,5,6
340,6,5,7
341,6,5,7
342,6,5,7
343,6,5,7
344,6,5,7
345,5,5,7
346,5,5,7
347,5,5,6
348,5,5,7
349,5,5,7
350,6,5,7
351,7,6,8
352,7,7,10
353,7,7,12
354,7,7,11
355,7,7,10
356,7,7,12
357,7,7,11
358,7,7,12
359,7,7,11
360,7,7,12
361,7,7,12
362,7,7,12
363,7,7,12
364,7,7,12
365,8,7,12
366,8,7,12
367,7,7,12
368,7,7,12
369,7,7,12
370,7,7,12
371,8,7,12
372,8,7,12
373,8,7,12
374,8,7,12
375,8,8,14
376,8,8,14
377,8,8,14
378,8,8,14
379,8,8,14
380,8,8,14
381,8,8,14
382,7,7,12
383,7,7,12
384,8,8,12
385,8,8,12
386,8,7,11
387,7,6,10
388,8,7,11
389,7,7,12
390,7,7,12
391,7,7,12
392,7,7,12
393,7,7,12
394,8,7,11
395,6,6,10
396,6,6,10
397,7,7,11
398,7,7,10
399,8,7,10
400,8,7,12
401,7,7,12
402,7,6,10
403,7,7,12
404,7,7,12
405,7,7,12
406,8,8,12
407,8,8,14
408,8,7,12
409,8,7,10
410,8,7,12
411,8,7,12
412,8,7,12
413,8,7,12
414,7,7,12
415,7,7,12
416,7,7,12
417,7,7,12
418,7,7,12
419,7,7,11
420,7,7,11
421,7,7,11
422,7,7,12
423,7,7,12
424,8,7,12
425,8,7,12
426,8,7,11
427,8,7,11
428,8,8,12
429,8,8,13
430,8,8,15
431,8,8,14
432,8,8,15
433,8,8,15
434,8,8,15
435,8,8,15
436,8,8,15
437,8,8,15
438,8,8,15
439,8,8,15
440,8,8,15
441,8,8,14
442,8,8,15
443,8,8,15
444,8,8,15
445,9,8,13
446,9,8,15
447,9,8,15
448,9,8,15
449,9,8,15
450,9,8,15
451,9,8,15
452,9,8,14
453,10,8,14
454,10,9,18
455,10,9,18
456,9,9,17
457,10,10,21
458,10,10,20
459,10,10,21
460,10,10,21
461,10,10,21
462,10,10,21
463,10,10,21
464,10,10,21
465,10,10,21
466,10,10,21
467,10,10,21
468,10,10,21
469,10,10,21
470,10,10,21
471,10,10,21
472,10,10,21
473,10,10,21
474,10,10,21
475,10,10,20
476,10,10,21
477,10,10,21
478,10,10,20
479,10,10,21
480,10,10,21
481,10,10,21
482,10,10,21
483,10,10,21
484,10,10,21
485,10,10,21
486,10,10,21
487,10,10,21
488,10,10,21
489,10,10,21
490,10,10,21
491,10,10,21
492,10,10,21
493,10,10,21
494,10,10,21
495,10,10,21
496,10,10,21
497,10,10,20
498,10,10,21
499,10,10,21
500,10,10,21
501,10,10,21
502,10,10,21
503,10,10,20
504,10,10,21
505,10,10,21
506,10,10,21
507,10,10,21
508,10,10,21
509,10,10,21
510,10,10,20
511,10,10,21
512,10,10,21
513,10,10,21
514,10,10,21
515,10,10,21
516,10,10,21
517,10,10,21
518,11,10,21
519,10,10,20
520,11,10,21
521,11,10,20
522,10,10,21
523,10,10,21
524,10,10,21
525,10,10,20
526,10,10,21
527,10,10,21
528,10,10,21
529,10,10,21
530,10,10,21
531,10,10,21
532,10,10,21
533,10,10,20
534,10,10,21
535,10,10,20
536,10,10,21
537,10,10,21
538,10,10,21
539,10,10,21
540,10,10,20
541,10,10,21
542,10,10,21
543,10,10,21
544,10,10,21
545,10,10,21
546,10,10,21
547,10,10,21
548,10,10,20
549,10,10,21
550,10,10,21
551,10,10,21
552,10,10,21
553,10,10,21
554,10,10,21
555,10,10,21
556,10,10,21
557,10,10,21
558,10,10,21
559,10,10,21
560,10,10,21
561,10,10,21
562,10,10,21
563,10,10,21
564,10,10,21
565,10,10,21
566,10,10,21
567,10,10,21
568,10,10,21
569,10,10,21
570,10,10,21
571,10,10,21
572,10,10,20
573,10,10,21
574,10,10,20
575,10,10,20
576,10,10,21
577,10,10,21
578,10,10,21
579,10,10,21
580,10,10,21
581,10,10,21
582,10,10,21
583,10,10,21
584,10,10,21
585,10,10,20
586,10,10,21
587,10,10,21
588,10,10,21
589,10,10,20
590,10,10,20
591,10,10,21
592,10,10,21
593,10,10,21
594,10,10,21
595,10,10,21
596,10,10,21
597,10,10,21
598,10,10,21
599,10,10,21
600,10,10,21
601,10,10,21
602,10,10,21
603,10,10,21
604,10,10,21
605,10,10,21
606,10,10,21
607,10,10,21
608,10,10,21
609,10,10,21
610,10,10,20
611,10,10,21
612,10,10,19
613,10,10,21
614,10,10,21
615,10,10,21
616,10,10,21
617,10,10,21
618,10,10,21
619,10,10,21
620,10,10,21
621,10,10,21
622,10,10,21
623,10,10,21
624,10,10,21
625,10,10,21
626,10,10,21
627,10,10,20
628,10,10,21
629,10,10,21
630,10,10,21
631,10,10,21
632,10,10,21
633,10,10,21
634,10,10,21
635,10,10,21
636,10,10,21
637,10,10,21
638,10,10,20
639,10,10,21
640,10,10,21
641,10,10,21
642,10,10,20
643,10,10,21
644,10,10,21
645,10,10,20
646,10,10,21
647,10,10,21
648,10,10,21
649,10,10,21
650,10,10,21
651,10,10,21
652,10,10,21
653,10,10,21
654,10,10,21
655,10,10,21
656,10,10,21
657,10,10,21
658,10,10,21
659,10,10,21
660,10,10,21
661,10,10,21
662,10,10,21
663,10,10,21
664,10,10,20
665,10,10,21
666,10,10,21
667,10,10,21
668,10,10,21
669,10,10,21
670,10,10,21
671,10,10,21
672,10,10,21
673,10,10,21
674,10,10,21
675,10,10,21
676,10,10,21
677,10,10,21
678,10,10,21
679,10,10,21
680,10,10,21
681,10,10,21
682,10,10,21
683,10,10,20
684,10,10,21
685,10,10,21
686,10,10,20
687,10,10,20
688,10,10,20
689,10,10,21
690,10,10,21
691,10,10,21
692,10,10,21
693,10,10,21
694,10,10,21
695,10,10,21
696,10,10,21
697,10,10,21
698,10,10,21
699,10,10,21
700,10,10,21
701,10,10,21
702,10,10,21
703,10,10,21
704,10,10,21
705,10,10,21
706,10,10,21
707,10,10,20
708,10,10,21
709,10,10,21
710,10,10,20
711,10,10,20
712,10,10,21
713,10,10,21
714,10,10,21
715,10,10,21
716,10,10,20
717,10,10,21
718,10,10,21
719,10,10,21
720,10,10,21
721,10,10,21
722,10,10,20
723,10,10,21
724,10,10,20
725,10,10,21
726,10,10,20
727,10,10,21
728,10,10,20
729,10,10,21
730,10,10,21
731,10,10,21
732,10,10,21
733,10,10,21
734,10,10,21
735,10,10,21
736,10,10,21
737,10,10,21
738,10,10,20
739,10,10,21
740,10,10,20
741,10,10,21
742,10,10,21
743,10,10,21
744,10,10,21
745,10,10,19
746,10,10,20
747,10,10,20
748,10,10,21
749,10,10,21
750,10,10,21
751,10,10,20
752,10,10,21
753,10,10,21
754,10,10,20
755,10,10,21
756,10,10,20
757,10,10,20
758,10,10,20
759,10,10,21
760,10,10,21
761,10,10,21
762,10,10,21
763,10,10,21
764,10,10,21
765,10,10,21
766,10,10,21
767,10,10,21
768,10,10,21
769,10,10,21
770,10,10,21
771,10,10,21
772,10,10,21
773,10,10,21
774,10,10,21
775,10,10,21
776,10,10,21
777,10,10,20
778,10,10,21
779,10,10,21
780,10,10,21
781,10,10,21
782,10,10,21
783,10,10,21
784,10,10,21
785,10,10,21
786,10,10,20
787,10,10,21
788,10,10,21
789,10,10,21
790,10,10,21
791,10,10,21
792,10,10,21
793,10,10,21
794,10,10,21
795,10,10,21
796,10,10,21
797,10,10,21
798,10,10,19
799,10,10,21
800,10,10,21
801,10,10,20
802,10,10,21
803,10,10,21
804,10,10,21
805,10,10,21
806,10,10,21
807,10,10,21
808,10,10,21
809,10,10,21
810,10,10,21
811,10,10,21
812,10,10,21
813,10,10,20
814,10,10,21
815,10,10,21
816,10,10,21
817,10,10,21
818,10,10,21
819,10,10,21
820,10,10,21
821,10,10,21
822,10,10,21
823,10,10,21
824,10,10,21
825,10,10,21
826,10,10,20
827,10,10,20
828,10,10,21
829,10,10,21
830,10,10,21
831,10,10,21
832,10,10,21
833,10,10,20
834,10,10,21
835,10,10,21
836,10,10,21
837,10,10,21
838,10,10,20
839,10,10,21
840,10,10,21
841,10,10,21
842,10,10,21
843,10,10,20
844,10,10,21
845,10,10,21
846,10,10,21
847,10,10,21
848,10,10,21
849,10,10,21
850,10,10,21
851,10,10,21
852,10,10,21
853,10,10,20
854,10,10,20
855,10,10,21
856,10,10,21
857,10,10,21
858,10,10,21
859,10,10,21
860,10,10,20
861,10,10,21
862,10,10,21
863,10,10,21
864,10,10,21
865,10,10,21
866,10,10,21
867,10,10,21
868,10,10,21
869,10,10,21
870,10,10,21
871,10,10,21
872,10,10,21
873,10,10,21
874,10,10,21
875,10,10,21
876,10,10,21
877,10,10,21
878,10,10,21
879,10,10,21
880,10,10,20
881,10,10,21
882,10,10,21
883,10,10,21
884,10,10,21
885,10,10,21
886,10,10,21
887,10,10,21
888,10,10,21
889,10,10,21
890,10,10,21
891,10,10,21
892,10,10,21
893,10,10,21
894,10,10,21
895,10,10,21
896,10,10,21
897,10,10,21
898,10,10,21
899,10,10,21
900,10,10,21
901,10,10,21
902,10,10,20
903,10,10,21
904,10,10,21
905,10,10,20
906,10,10,21
907,10,10,21
908,10,10,21
909,10,10,18
910,10,10,21
911,10,10,21
912,10,10,21
913,10,10,21
914,10,10,21
915,10,10,20
916,10,10,21
917,10,10,21
918,10,10,21
919,10,10,21
920,10,10,21
921,10,10,21
922,10,10,21
923,10,10,21
924,10,10,21
925,10,10,21
926,10,10,21
927,10,10,20
928,10,10,20
929,10,10,21
930,10,10,20
931,10,10,21
932,10,10,21
933,10,10,21
934,10,10,21
935,10,10,21
936,10,10,21
937,10,10,21
938,10,10,21
939,10,10,21
940,10,10,21
941,10,10,21
942,10,10,21
943,10,10,21
944,10,10,21
945,10,10,21
946,10,10,21
947,10,10,18
948,10,10,21
949,10,10,20
950,10,10,20
951,10,10,21
952,10,10,21
953,10,10,21
954,10,10,20
955,10,10,21
956,10,10,21
957,10,10,21
958,10,10,21
959,10,10,21
960,10,10,21
961,10,10,21
962,10,10,21
963,10,10,21
964,10,10,21
965,10,10,21
966,10,10,21
967,10,10,21
968,10,10,21
969,10,10,21
970,10,10,21
971,10,10,21
972,10,10,21
973,10,10,21
974,10,10,21
975,10,10,21
976,10,10,21
977,10,10,21
978,10,10,21
979,10,10,21
980,10,10,21
981,10,10,21
982,10,10,21
983,10,10,21
984,11,11,23
985,11,11,24
986,11,11,25
987,11,11,25
988,11,11,25
989,11,11,25
990,11,11,25
991,11,11,25
992,11,11,25
993,11,11,25
994,11,11,25
995,11,11,25
996,11,11,25
997,11,11,25
998,11,11,25
999,11,11,25
1000,11,11,24
1001,11,11,25
1002,11,11,25
1003,11,11,25
1004,11,11,25
1005,11,11,25
1006,11,11,25
1007,11,11,25
1008,11,11,25
1009,11,11,25
1010,11,11,25
1011,11,11,25
1012,11,11,25
1013,11,11,25
1014,11,11,25
1015,11,11,25
1016,11,11,25
1017,11,11,25
1018,11,11,25
1019,11,11,25
1020,11,11,25
1021,11,11,25
1022,11,11,25
1023,11,11,25
1024,11,11,25
1025,11,11,24
1026,11,11,24
1027,11,11,25
1028,11,11,25
1029,11,11,25
1030,11,11,25
1031,11,11,25
1032,11,11,25
1033,11,11,25
1034,11,11,25
1035,11,11,25
1036,11,11,25
1037,11,11,25
1038,11,11,25
1039,11,11,25
1040,11,11,25
1041,11,11,25
1042,11,11,25
1043,11,11,24
1044,11,11,25
1045,11,11,25
1046,11,11,25
1047,11,11,25
1048,11,11,25
1049,11,11,25
1050,11,11,25
1051,11,11,25
1052,11,11,25
1053,11,11,25
1054,11,11,25
1055,11,11,25
1056,11,11,25
1057,11,11,25
1058,11,11,25
1059,11,11,25
1060,11,11,25
1061,11,11,25
1062,11,11,25
1063,11,11,25
1064,11,11,25
1065,11,11,24
1066,11,11,25
1067,11,11,25
1068,11,11,25
1069,11,11,25
1070,11,11,25
1071,11,11,25
1072,11,11,25
1073,11,11,25
1074,11,11,25
1075,11,11,25
1076,11,11,25
1077,11,11,25
1078,11,11,25
1079,11,11,25
1080,11,11,25
1081,11,11,25
1082,11,11,25
1083,11,11,25
1084,11,11,25
1085,11,11,25
1086,11,11,25
1087,11,11,25
1088,11,11,25
1089,11,11,25
1090,11,11,25
1091,11,11,25
1092,11,11,25
1093,11,11,24
1094,11,11,25
1095,11,11,25
1096,11,11,25
1097,11,11,25
1098,11,11,25
1099,11,11,25
1100,11,11,25
1101,11,11,25
1102,11,11,25
1103,11,11,25
1104,11,11,25
1105,11,11,25
1106,11,11,25
1107,11,11,25
1108,11,11,25
1109,11,11,25
1110,11,11,25
1111,11,11,25
1112,11,11,25
1113,11,11,25
1114,11,11,25
1115,11,11,25
1116,11,11,25
1117,11,11,25
1118,11,11,25
1119,11,11,25
1120,11,11,25
1121,11,11,25
1122,11,11,25
1123,11,11,25
1124,11,11,25
1125,11,11,25
1126,11,11,25
1127,11,11,25
1128,11,11,25
1129,11,11,25
1130,11,11,25
1131,11,11,25
1132,11,11,25
1133,11,11,25
1134,11,11,25
1135,11,11,25
1136,11,11,25
1137,11,11,25
1138,11,11,25
1139,11,11,25
1140,11,11,25
1141,11,11,25
1142,11,11,25
1143,11,11,25
1144,11,11,25
1145,11,11,25
1146,11,11,25
1147,11,11,25
1148,11,11,25
1149,11,11,25
1150,11,11,25
1151,11,11,25
1152,11,11,25
1153,11,11,25
1154,11,11,25
1155,11,11,25
1156,11,11,25
1157,11,11,25
1158,11,11,25
1159,11,11,25
1160,11,11,25
1161,11,11,25
1162,11,11,25
1163,11,11,25
1164,11,11,25
1165,11,11,25
1166,11,11,25
1167,11,11,24
1168,11,11,25
1169,11,11,25
1170,11,11,25
1171,11,11,25
1172,11,11,25
1173,11,11,25
1174,11,11,25
1175,11,11,25
1176,11,11,25
1177,11,11,25
1178,11,11,25
1179,11,11,25
1180,11,11,25
1181,11,11,25
1182,11,11,25
1183,11,11,25
1184,11,11,25
1185,11,11,25
1186,11,11,25
1187,11,11,25
1188,11,11,25
1189,11,11,25
1190,11,11,25
1191,11,11,24
1192,11,11,25
1193,11,11,25
1194,11,11,25
1195,11,11,24
1196,11,11,25
1197,11,11,25
1198,11,11,25
1199,11,11,25
1200,11,11,25
1201,11,11,25
1202,11,11,25
1203,11,11,25
1204,11,11,25
1205,12,12,27
1206,12,12,30
1207,12,12,30
1208,12,12,30
1209,12,12,30
1210,12,12,30
1211,12,12,30
1212,12,12,30
1213,12,12,30
1214,12,12,30
1215,12,12,30
1216,12,12,30
1217,12,12,30
1218,12,12,30
1219,12,12,30
1220,12,12,30
1221,12,12,30
1222,12,12,30
1223,12,12,30
1224,12,12,30
1225,12,12,30
1226,12,12,30
1227,12,12,30
1228,12,12,30
1229,12,12,30
1230,12,12,30
1231,12,12,30
1232,12,12,30
1233,12,12,30
1234,12,12,30
1235,12,12,30
1236,12,12,30
1237,12,12,30
1238,12,12,30
1239,12,12,30
1240,12,12,30
1241,12,12,30
1242,12,12,30
1243,12,12,29
1244,12,12,30
1245,12,12,30
1246,12,12,30
1247,12,12,30
1248,12,12,30
1249,12,12,30
1250,12,12,30
1251,12,12,30
1252,12,12,30
1253,12,12,30
1254,12,12,30
1255,12,12,30
1256,12,12,30
1257,12,12,30
1258,12,12,30
1259,12,12,30
1260,12,12,30
1261,12,12,30
1262,12,12,30
1263,12,12,30
1264,12,12,30
1265,12,12,30
1266,12,12,29
1267,12,12,30
1268,12,12,30
1269,12,12,30
1270,12,12,30
1271,12,12,30
1272,12,12,30
1273,12,12,30
1274,12,12,30
1275,12,12,30
1276,12,12,30
1277,12,12,30
1278,12,12,30
1279,12,12,30
1280,12,12,30
1281,12,12,30
1282,12,12,30
1283,12,12,30
1284,12,12,30
1285,12,12,30
1286,12,12,30
1287,12,12,30
1288,12,12,30
1289,12,12,30
1290,12,12,30
1291,12,12,30
1292,12,12,30
1293,12,12,30
1294,12,12,30
1295,12,12,30
1296,12,12,30
1297,12,12,30
1298,12,12,30
1299,12,12,30
1300,12,12,30
1301,12,12,30
1302,12,12,30
1303,12,12,30
1304,12,12,30
1305,12,12,30
1306,12,12,30
1307,12,12,30
1308,12,12,30
1309,12,12,30
1310,12,12,30
1311,12,12,30
1312,12,12,30
1313,12,12,30
1314,12,12,30
1315,12,12,30
1316,12,12,30
1317,12,12,30
1318,12,12,30
1319,12,12,30
1320,12,12,29
1321,12,12,30
1322,12,12,30
1323,12,12,28
1324,12,12,30
1325,12,12,30
1326,12,12,30
1327,12,12,30
1328,12,12,30
1329,12,12,30
1330,12,12,30
1331,12,12,30
1332,12,12,30
1333,12,12,30
1334,12,12,30
1335,12,12,30
1336,12,12,30
1337,12,12,30
1338,12,12,30
1339,12,12,30
1340,12,12,30
1341,12,12,30
1342,12,12,30
1343,12,12,30
1344,12,12,30
1345,12,12,30
1346,12,12,29
1347,12,12,30
1348,12,12,30
1349,12,12,30
1350,12,12,30
1351,12,12,30
1352,12,12,30
1353,12,12,30
1354,12,12,30
1355,12,12,30
1356,12,12,30
1357,12,12,30
1358,12,12,30
1359,12,12,30
1360,12,12,30
1361,12,12,30
1362,12,12,30
1363,12,12,30
1364,12,12,30
1365,12,12,30
1366,12,12,30
1367,12,12,30
1368,12,12,30
1369,12,12,30
1370,12,12,29
1371,12,12,30
1372,12,12,30
1373,12,12,30
1374,12,12,30
1375,12,12,30
1376,12,12,30
1377,12,12,30
1378,12,12,30
1379,12,12,30
1380,12,12,30
1381,12,12,30
1382,12,12,30
1383,12,12,30
1384,12,12,30
1385,12,12,30
1386,12,12,30
1387,12,12,30
1388,12,12,30
1389,12,12,30
1390,12,12,30
1391,12,12,30
1392,12,12,30
1393,12,12,30
1394,12,12,30
1395,12,12,30
1396,12,12,30
1397,12,12,30
1398,12,12,30
1399,12,12,30
1400,12,12,30
1401,12,12,30
1402,12,12,30
1403,12,12,30
1404,12,12,30
1405,12,12,30
1406,12,12,30
1407,12,12,30
1408,12,12,30
1409,12,12,30
1410,12,12,30
1411,12,12,30
1412,12,12,30
1413,12,12,30
1414,12,12,30
1415,12,12,30
1416,12,12,30
1417,12,12,30
1418,12,12,30
1419,12,12,30
1420,12,12,30
1421,12,12,30
1422,12,12,30
1423,12,12,30
1424,12,12,30
1425,12,12,30
1426,12,12,30
1427,12,12,30
1428,12,12,30
1429,12,12,30
1430,12,12,30
1431,12,12,30
1432,12,12,29
1433,12,12,30
1434,12,12,30
1435,12,12,30
1436,12,12,30
1437,12,12,30
1438,12,12,30
1439,12,12,30
1440,12,12,30
1441,12,12,30
1442,12,12,30
1443,12,12,30
1444,12,12,30
1445,12,12,30
1446,12,12,30
1447,12,12,30
1448,12,12,30
1449,12,12,30
1450,12,12,30
1451,12,12,30
1452,12,12,30
1453,12,12,30
1454,12,12,30
1455,12,12,30
1456,12,12,30
1457,12,12,30
1458,12,12,30
1459,12,12,30
1460,12,12,30
1461,12,12,30
1462,12,12,30
1463,12,12,30
1464,12,12,30
1465,12,12,30
1466,12,12,30
1467,12,12,30
1468,12,12,30
1469,12,12,30
1470,12,12,30
1471,12,12,30
1472,12,12,30
1473,12,12,30
1474,12,12,30
1475,12,12,30
1476,12,12,30
1477,12,12,30
1478,12,12,30
1479,12,12,30
1480,12,12,30
1481,12,12,30
1482,12,12,30
1483,12,12,30
1484,12,12,30
1485,12,12,30
1486,12,12,30
1487,12,12,30
1488,12,12,30
1489,12,12,30
1490,12,12,30
1491,12,12,30
1492,12,12,30
1493,12,12,30
1494,12,12,30
1495,12,12,30
1496,12,12,30
1497,12,12,30
1498,12,12,30
1499,12,12,30
1500,12,12,30
1501,12,12,30
1502,12,12,30
1503,12,12,30
1504,12,12,30
1505,12,12,30
1506,12,12,30
1507,12,12,30
1508,12,12,30
1509,12,12,30
1510,12,12,30
1511,12,12,30
1512,12,12,30
1513,12,12,30
1514,12,12,30
1515,12,12,30
1516,12,12,30
1517,12,12,30
1518,12,12,30
1519,12,12,30
1520,12,12,30
1521,12,12,30
1522,12,12,30
1523,12,12,30
1524,12,12,30
1525,12,12,30
1526,12,12,30
1527,12,12,29
1528,12,12,30
1529,12,12,30
1530,12,12,30
1531,12,12,30
1532,12,12,30
1533,12,12,30
1534,12,12,30
1535,12,12,30
1536,12,12,30
1537,12,12,30
1538,12,12,30
1539,12,12,30
1540,12,12,30
1541,12,12,30
1542,12,12,30
1543,12,12,30
1544,12,12,30
1545,12,12,30
1546,12,12,30
1547,12,12,30
1548,12,12,30
1549,12,12,30
1550,12,12,30
1551,12,12,30
1552,12,12,30
1553,12,12,30
1554,12,12,30
1555,12,12,30
1556,12,12,30
1557,12,12,30
1558,12,12,30
1559,12,12,30
1560,12,12,30
1561,12,12,30
1562,12,12,30
1563,12,12,30
1564,12,12,30
1565,12,12,30
1566,12,12,30
1567,12,12,30
1568,12,12,30
1569,12,12,30
1570,12,12,30
1571,12,12,30
1572,12,12,30
1573,12,12,30
1574,12,12,30
1575,12,12,30
1576,12,12,30
1577,12,12,30
1578,12,12,30
1579,12,12,30
1580,12,12,30
1581,12,12,30
1582,12,12,30
1583,12,12,30
1584,12,12,30
1585,12,12,30
1586,12,12,30
1587,12,12,30
1588,12,12,30
1589,12,12,30
1590,12,12,30
1591,12,12,30
1592,12,12,30
1593,12,12,30
1594,12,12,30
1595,12,12,30
1596,12,12,30
1597,12,12,30
1598,12,12,30
1599,12,12,30
1600,12,12,30
1601,12,12,30
1602,12,12,30
1603,12,12,30
1604,12,12,30
1605,12,12,30
1606,12,12,30
1607,12,12,30
1608,12,12,30
1609,12,12,30
1610,12,12,30
1611,12,12,30
1612,12,12,30
1613,12,12,30
1614,12,12,30
1615,12,12,30
1616,12,12,30
1617,12,12,30
1618,12,12,30
1619,12,12,30
1620,12,12,30
1621,12,12,30
1622,12,12,30
1623,12,12,30
1624,12,12,30
1625,12,12,30
1626,12,12,29
1627,12,12,30
1628,12,12,30
1629,12,12,30
1630,12,12,30
1631,12,12,30
1632,12,12,30
1633,12,12,30
1634,12,12,30
1635,12,12,30
1636,12,12,30
1637,12,12,30
1638,12,12,30
1639,12,12,30
1640,12,12,30
1641,12,12,30
1642,12,12,30
1643,12,12,30
1644,12,12,30
1645,12,12,30
1646,12,12,30
1647,12,12,30
1648,12,12,30
1649,12,12,30
1650,12,12,30
1651,12,12,30
1652,12,12,30
1653,12,12,30
1654,12,12,30
1655,12,12,30
1656,12,12,30
1657,12,12,30
1658,12,12,30
1659,12,12,30
1660,12,12,30
1661,12,12,30
1662,12,12,30
1663,12,12,30
1664,12,12,30
1665,12,12,30
1666,12,12,30
1667,12,12,30
1668,12,12,30
1669,12,12,30
1670,12,12,30
1671,12,12,30
1672,12,12,30
1673,12,12,30
1674,12,12,30
1675,12,12,30
1676,12,12,30
1677,12,12,30
1678,12,12,30
1679,12,12,30
1680,12,12,30
1681,12,12,30
1682,12,12,30
1683,12,12,30
1684,12,12,30
1685,12,12,30
1686,12,12,30
1687,12,12,30
1688,12,12,30
1689,12,12,30
1690,12,12,30
1691,12,12,30
1692,12,12,30
1693,12,12,30
1694,12,12,30
1695,12,12,30
1696,12,12,30
1697,12,12,30
1698,12,12,30
1699,12,12,30
1700,12,12,30
1701,12,12,30
1702,12,12,30
1703,12,12,30
1704,12,12,30
1705,12,12,30
1706,12,12,30
1707,12,12,30
1708,12,12,30
1709,12,12,30
1710,12,12,30
1711,12,12,30
1712,12,12,30
1713,12,12,30
1714,12,12,30
1715,12,12,30
1716,12,12,30
1717,12,12,30
1718,12,12,30
1719,12,12,30
1720,12,12,30
1721,12,12,30
1722,12,12,30
1723,12,12,30
1724,12,12,30
1725,12,12,30
1726,12,12,30
1727,12,12,30
1728,12,12,30
1729,12,12,30
1730,12,12,30
1731,12,12,30
1732,12,12,30
1733,12,12,30
1734,12,12,30
1735,12,12,30
1736,12,12,30
1737,12,12,30
1738,12,12,30
1739,12,12,30
1740,12,12,30
1741,12,12,30
1742,12,12,30
1743,12,12,30
1744,12,12,30
1745,12,12,30
1746,12,12,30
1747,12,12,30
1748,12,12,30
1749,12,12,30
1750,12,12,30
1751,12,12,30
1752,12,12,30
1753,12,12,30
1754,12,12,30
1755,12,12,30
1756,12,12,30
1757,12,12,30
1758,12,12,30
1759,12,12,30
1760,12,12,30
1761,12,12,30
1762,12,12,30
1763,12,12,30
1764,12,12,30
1765,12,12,30
1766,12,12,30
1767,12,12,30
1768,12,12,30
1769,12,12,30
1770,12,12,30
1771,12,12,30
1772,12,12,30
1773,12,12,30
1774,12,12,30
1775,12,12,30
1776,12,12,30
1777,12,12,30
1778,12,12,30
1779,12,12,30
1780,12,12,30
1781,12,12,30
1782,12,12,30
1783,12,12,30
1784,12,12,30
1785,12,12,30
1786,12,12,30
1787,12,12,30
1788,12,12,30
1789,12,12,30
1790,12,12,30
1791,12,12,30
1792,12,12,30
1793,12,12,30
1794,12,12,30
1795,12,12,30
1796,12,12,30
1797,12,12,30
1798,12,12,30
1799,12,12,30
1800,12,12,30
1801,12,12,30
1802,12,12,30
1803,12,12,30
1804,12,12,30
1805,12,12,30
1806,12,12,30
1807,12,12,30
1808,12,12,30
1809,12,12,30
1810,12,12,30
1811,12,12,30
1812,12,12,30
1813,12,12,30
1814,12,12,30
1815,12,12,30
1816,12,12,30
1817,12,12,30
1818,12,12,30
1819,12,12,30
1820,12,12,30
1821,12,12,30
1822,12,12,30
1823,12,12,30
1824,12,12,30
1825,12,12,30
1826,12,12,30
1827,12,12,30
1828,12,12,30
1829,12,12,30
1830,12,12,30
1831,12,12,30
1832,12,12,30
1833,12,12,30
1834,12,12,30
1835,12,12,30
1836,12,12,30
1837,12,12,30
1838,12,12,30
1839,12,12,30
1840,12,12,30
1841,12,12,30
1842,12,12,30
1843,12,12,30
1844,12,12,30
1845,12,12,30
1846,12,12,30
1847,12,12,30
1848,12,12,30
1849,12,12,30
1850,12,12,30
1851,12,12,30
1852,12,12,30
1853,12,12,30
1854,12,12,30
1855,12,12,30
1856,12,12,30
1857,12,12,30
1858,12,12,30
1859,12,12,30
1860,12,12,30
1861,12,12,30
1862,12,12,30
1863,12,12,30
1864,12,12,30
1865,12,12,30
1866,12,12,30
1867,12,12,30
1868,12,12,30
1869,12,12,30
1870,12,12,30
1871,12,12,30
1872,12,12,30
1873,12,12,30
1874,12,12,30
1875,12,12,30
1876,12,12,30
1877,12,12,30
1878,12,12,30
1879,12,12,30
1880,12,12,30
1881,12,12,30
1882,12,12,30
1883,12,12,30
1884,12,12,30
1885,12,12,30
1886,12,12,30
1887,12,12,30
1888,12,12,30
1889,12,12,29
1890,12,12,30
1891,12,12,30
1892,12,12,30
1893,12,12,30
1894,12,12,30
1895,12,12,30
1896,12,12,30
1897,12,12,30
1898,12,12,30
1899,12,12,30
1900,12,12,30
1901,12,12,30
1902,12,12,30
1903,12,12,30
1904,12,12,30
1905,12,12,30
1906,12,12,30
1907,12,12,30
1908,12,12,30
1909,12,12,30
1910,12,12,30
1911,12,12,30
1912,12,12,30
1913,12,12,30
1914,12,12,30
1915,12,12,30
1916,12,12,30
1917,12,12,30
1918,12,12,30
1919,12,12,30
1920,12,12,30
1921,12,12,30
1922,12,12,30
1923,12,12,30
1924,12,12,30
1925,12,12,30
1926,12,12,30
1927,12,12,30
1928,12,12,30
1929,12,12,30
1930,12,12,30
1931,12,12,30
1932,12,12,30
1933,12,12,30
1934,12,12,30
1935,12,12,30
1936,12,12,30
1937,12,12,30
1938,12,12,30
1939,12,12,30
1940,12,12,30
1941,12,12,30
1942,12,12,30
1943,12,12,30
1944,12,12,30
1945,12,12,30
1946,12,12,30
1947,12,12,30
1948,12,12,30
1949,12,12,30
1950,12,12,30
1951,12,12,30
1952,12,12,30
1953,12,12,30
1954,12,12,30
1955,12,12,30
1956,12,12,30
1957,12,12,30
1958,12,12,30
1959,12,12,30
1960,12,12,30
1961,12,12,30
1962,12,12,30
1963,12,12,30
1964,12,12,30
1965,12,12,30
1966,12,12,30
1967,12,12,30
1968,12,12,30
1969,12,12,30
1970,12,12,30
1971,12,12,30
1972,12,12,30
1973,12,12,30
1974,12,12,30
1975,12,12,30
1976,12,12,30
1977,12,12,30
1978,12,12,30
1979,12,12,30
1980,12,12,30
1981,12,12,30
1982,12,12,30
1983,12,12,30
1984,12,12,30
1985,12,12,30
1986,12,12,29
1987,12,12,30
1988,12,12,30
1989,12,12,30
1990,12,12,30
1991,12,12,30
1992,12,12,30
1993,12,12,30
1994,12,12,30
1995,12,12,30
1996,12,12,30
1997,12,12,30
1998,12,12,30
1999,12,12,30
