0,0,0,0
1,1,0,0
2,1,0,0
3,1,0,0
4,2,0,0
5,2,0,0
6,2,0,0
7,3,0,0
8,2,0,0
9,2,0,0
10,3,0,0
11,3,0,0
12,3,2,1
13,3,0,0
14,4,0,0
15,4,0,0
16,3,0,0
17,4,0,0
18,4,0,0
19,3,0,0
20,3,0,0
21,3,0,0
22,3,0,0
23,3,0,0
24,3,0,0
25,3,0,0
26,3,3,2
27,3,0,0
28,2,0,0
29,2,0,0
30,3,0,0
31,2,0,0
32,2,0,0
33,2,0,0
34,3,0,0
35,2,0,0
36,2,0,0
37,3,0,0
38,2,0,0
39,2,0,0
40,1,0,0
41,1,0,0
42,1,0,0
43,1,0,0
44,1,0,0
45,1,0,0
46,1,0,0
47,1,0,0
48,1,0,0
49,1,0,0
50,1,0,0
51,1,0,0
52,1,0,0
53,1,0,0
54,1,0,0
55,1,0,0
56,2,0,0
57,1,0,0
58,1,0,0
59,2,0,0
60,2,0,0
61,2,0,0
62,2,0,0
63,2,0,0
64,2,0,0
65,3,0,0
66,2,0,0
67,3,0,0
68,3,0,0
69,3,0,0
70,3,0,0
71,3,0,0
72,3,0,0
73,2,0,0
74,2,0,0
75,2,0,0
76,3,0,0
77,2,0,0
78,1,0,0
79,1,0,0
80,2,0,0
81,2,0,0
82,1,0,0
83,1,0,0
84,1,0,0
85,2,0,0
86,2,0,0
87,2,0,0
88,2,0,0
89,2,0,0
90,2,2,1
91,2,0,0
92,2,0,0
93,2,0,0
94,2,0,0
95,3,0,0
96,2,0,0
97,1,0,0
98,2,0,0
99,1,0,0
100,2,0,0
101,2,0,0
102,2,0,0
103,2,0,0
104,2,0,0
105,2,2,1
106,2,0,0
107,2,0,0
108,2,0,0
109,2,0,0
110,2,0,0
111,2,0,0
112,3,0,0
113,3,0,0
114,3,0,0
115,2,0,0
116,3,0,0
117,2,2,1
118,3,0,0
119,2,0,0
120,2,0,0
121,2,0,0
122,1,0,0
123,2,0,0
124,2,0,0
125,2,0,0
126,3,0,0
127,3,0,0
128,3,2,1
129,3,0,0
130,3,0,0
131,3,0,0
132,3,0,0
133,3,0,0
134,2,0,0
135,2,0,0
136,2,0,0
137,2,0,0
138,2,0,0
139,2,0,0
140,2,0,0
141,3,0,0
142,2,0,0
143,2,0,0
144,2,0,0
145,2,0,0
146,2,0,0
147,2,0,0
148,2,0,0
149,2,0,0
150,3,0,0
151,3,0,0
152,3,0,0
153,3,0,0
154,2,0,0
155,2,0,0
156,2,0,0
157,2,0,0
158,2,0,0
159,2,0,0
160,2,0,0
161,2,0,0
162,1,0,0
163,1,0,0
164,2,0,0
165,2,0,0
166,2,0,0
167,3,0,0
168,3,0,0
169,3,0,0
170,3,0,0
171,3,0,0
172,3,2,1
173,3,0,0
174,3,0,0
175,2,0,0
176,2,0,0
177,3,0,0
178,2,0,0
179,2,0,0
180,2,0,0
181,2,0,0
182,3,0,0
183,2,0,0
184,3,0,0
185,3,0,0
186,3,0,0
187,4,0,0
188,3,0,0
189,2,0,0
190,3,0,0
191,2,0,0
192,2,0,0
193,2,0,0
194,2,0,0
195,2,0,0
196,2,0,0
197,3,0,0
198,3,0,0
199,3,0,0
200,3,0,0
201,3,0,0
202,4,2,1
203,3,0,0
204,3,0,0
205,3,0,0
206,2,0,0
207,2,0,0
208,2,0,0
209,2,0,0
210,2,0,0
211,2,0,0
212,2,0,0
213,2,0,0
214,2,0,0
215,2,0,0
216,3,0,0
217,3,0,0
218,3,2,1
219,3,0,0
220,2,0,0
221,2,0,0
222,2,0,0
223,2,0,0
224,2,0,0
225,2,0,0
226,2,0,0
227,3,0,0
228,3,0,0
229,3,0,0
230,3,2,1
231,2,2,1
232,3,2,1
233,3,0,0
234,3,0,0
235,3,0,0
236,3,0,0
237,2,0,0
238,2,0,0
239,1,0,0
240,2,0,0
241,2,0,0
242,3,0,0
243,2,0,0
244,2,0,0
245,2,0,0
246,2,0,0
247,2,0,0
248,1,0,0
249,1,0,0
250,2,0,0
251,1,0,0
252,1,0,0
253,1,0,0
254,0,0,0
255,0,0,0
256,0,0,0
257,0,0,0
258,0,0,0
259,1,0,0
260,1,0,0
261,0,0,0
262,0,0,0
263,1,0,0
264,1,0,0
265,1,0,0
266,1,0,0
267,1,0,0
268,2,0,0
269,2,0,0
270,1,0,0
271,1,0,0
272,1,0,0
273,1,0,0
274,1,0,0
275,1,0,0
276,1,0,0
277,1,0,0
278,1,0,0
279,1,0,0
280,1,0,0
281,1,0,0
282,1,0,0
283,1,0,0
284,1,0,0
285,1,0,0
286,1,0,0
287,1,0,0
288,1,0,0
289,1,0,0
290,2,0,0
291,1,0,0
292,1,0,0
293,1,0,0
294,1,0,0
295,1,0,0
296,1,0,0
297,1,0,0
298,1,0,0
299,1,0,0
300,1,0,0
301,1,0,0
302,1,0,0
303,1,0,0
304,1,0,0
305,1,0,0
306,2,0,0
307,2,0,0
308,2,0,0
309,1,0,0
310,1,0,0
311,1,0,0
312,1,0,0
313,1,0,0
314,1,0,0
315,1,0,0
316,1,0,0
317,1,0,0
318,1,0,0
319,1,0,0
320,1,0,0
321,1,0,0
322,3,0,0
323,2,0,0
324,2,0,0
325,3,0,0
326,3,0,0
327,3,0,0
328,2,0,0
329,2,0,0
330,2,0,0
331,2,0,0
332,2,0,0
333,3,0,0
334,3,0,0
335,2,0,0
336,3,0,0
337,2,0,0
338,3,0,0
339,3,0,0
340,3,0,0
341,3,0,0
342,3,0,0
343,3,0,0
344,3,0,0
345,3,0,0
346,3,0,0
347,2,0,0
348,3,2,1
349,3,0,0
350,3,0,0
351,3,0,0
352,2,0,0
353,2,0,0
354,2,0,0
355,2,0,0
356,2,0,0
357,2,0,0
358,2,0,0
359,2,0,0
360,2,0,0
361,2,0,0
362,2,0,0
363,2,0,0
364,2,0,0
365,2,0,0
366,2,0,0
367,2,0,0
368,2,0,0
369,2,0,0
370,1,0,0
371,1,0,0
372,1,0,0
373,1,0,0
374,1,0,0
375,1,0,0
376,2,0,0
377,2,2,1
378,2,0,0
379,3,0,0
380,2,0,0
381,2,0,0
382,2,0,0
383,2,2,1
384,2,0,0
385,2,0,0
386,4,0,0
387,3,0,0
388,2,0,0
389,2,0,0
390,2,0,0
391,2,0,0
392,2,0,0
393,2,0,0
394,2,0,0
395,1,0,0
396,2,0,0
397,2,0,0
398,2,0,0
399,2,0,0
400,1,0,0
401,1,0,0
402,1,0,0
403,1,0,0
404,1,0,0
405,1,0,0
406,2,0,0
407,1,0,0
408,1,0,0
409,2,0,0
410,2,0,0
411,2,0,0
412,2,0,0
413,2,0,0
414,2,0,0
415,2,0,0
416,2,0,0
417,2,0,0
418,2,0,0
419,2,0,0
420,2,0,0
421,2,0,0
422,2,0,0
423,3,0,0
424,3,0,0
425,3,0,0
426,3,0,0
427,3,0,0
428,3,0,0
429,3,0,0
430,3,0,0
431,3,0,0
432,2,0,0
433,2,0,0
434,2,0,0
435,2,0,0
436,2,0,0
437,3,0,0
438,3,0,0
439,3,0,0
440,2,0,0
441,2,0,0
442,2,0,0
443,2,0,0
444,2,0,0
445,1,0,0
446,1,0,0
447,1,0,0
448,0,0,0
449,0,0,0
450,1,0,0
451,1,0,0
452,0,0,0
453,1,0,0
454,1,0,0
455,1,0,0
456,1,0,0
457,1,0,0
458,1,0,0
459,1,0,0
460,2,0,0
461,2,0,0
462,1,0,0
463,1,0,0
464,1,0,0
465,1,0,0
466,1,0,0
467,2,0,0
468,2,0,0
469,2,0,0
470,2,0,0
471,2,0,0
472,2,0,0
473,3,0,0
474,3,0,0
475,1,0,0
476,1,0,0
477,1,0,0
478,2,0,0
479,2,0,0
480,2,0,0
481,2,2,1
482,2,0,0
483,2,0,0
484,2,0,0
485,2,0,0
486,2,0,0
487,2,0,0
488,2,0,0
489,2,0,0
490,2,0,0
491,2,2,1
492,2,0,0
493,2,0,0
494,3,0,0
495,2,0,0
496,3,2,1
497,2,0,0
498,2,0,0
499,3,0,0
500,3,0,0
501,3,0,0
502,3,0,0
503,3,0,0
504,3,0,0
505,3,0,0
506,3,2,1
507,3,0,0
508,3,0,0
509,3,0,0
510,3,0,0
511,3,0,0
512,3,0,0
513,3,0,0
514,3,0,0
515,2,0,0
516,3,0,0
517,3,0,0
518,3,0,0
519,3,0,0
520,2,0,0
521,2,0,0
522,1,0,0
523,2,0,0
524,1,0,0
525,2,0,0
526,2,0,0
527,2,0,0
528,2,0,0
529,2,0,0
530,2,0,0
531,2,0,0
532,2,0,0
533,3,0,0
534,2,0,0
535,2,0,0
536,2,0,0
537,2,0,0
538,2,0,0
539,2,0,0
540,2,0,0
541,2,0,0
542,2,0,0
543,2,0,0
544,2,0,0
545,1,0,0
546,2,0,0
547,3,0,0
548,4,0,0
549,3,0,0
550,3,0,0
551,3,0,0
552,3,0,0
553,3,0,0
554,3,0,0
555,4,0,0
556,4,0,0
557,5,0,0
558,3,0,0
559,2,0,0
560,3,0,0
561,3,0,0
562,3,0,0
563,3,0,0
564,3,0,0
565,3,0,0
566,3,0,0
567,3,0,0
568,3,0,0
569,3,0,0
570,3,0,0
571,3,2,1
572,3,0,0
573,3,0,0
574,4,0,0
575,3,0,0
576,3,0,0
577,3,0,0
578,3,0,0
579,3,0,0
580,3,2,1
581,3,0,0
582,3,0,0
583,3,0,0
584,3,0,0
585,3,0,0
586,3,0,0
587,3,0,0
588,3,0,0
589,3,0,0
590,3,0,0
591,3,0,0
592,2,0,0
593,1,0,0
594,2,0,0
595,1,0,0
596,2,0,0
597,3,0,0
598,3,0,0
599,3,2,1
600,3,0,0
601,3,0,0
602,3,2,1
603,3,0,0
604,3,0,0
605,3,0,0
606,3,0,0
607,3,0,0
608,3,0,0
609,3,0,0
610,3,0,0
611,3,0,0
612,3,0,0
613,3,0,0
614,3,0,0
615,3,0,0
616,4,0,0
617,3,0,0
618,3,0,0
619,3,0,0
620,3,0,0
621,3,0,0
622,3,0,0
623,4,0,0
624,4,0,0
625,4,0,0
626,3,0,0
627,3,0,0
628,3,0,0
629,3,0,0
630,2,0,0
631,2,0,0
632,2,0,0
633,2,0,0
634,2,2,1
635,2,0,0
636,2,0,0
637,2,0,0
638,2,0,0
639,2,0,0
640,1,0,0
641,1,0,0
642,2,0,0
643,1,0,0
644,0,0,0
645,1,0,0
646,1,0,0
647,3,0,0
648,2,0,0
649,2,0,0
650,1,0,0
651,3,0,0
652,2,0,0
653,2,0,0
654,3,0,0
655,3,0,0
656,2,0,0
657,2,2,1
658,2,2,1
659,2,0,0
660,2,0,0
661,2,0,0
662,2,0,0
663,2,0,0
664,2,0,0
665,3,0,0
666,3,2,1
667,2,0,0
668,3,0,0
669,4,0,0
670,4,2,1
671,5,0,0
672,5,0,0
673,5,0,0
674,5,3,3
675,5,3,3
676,4,3,2
677,4,0,0
678,4,0,0
679,4,0,0
680,5,0,0
681,5,2,1
682,5,2,1
683,5,2,1
684,5,0,0
685,4,0,0
686,4,0,0
687,4,0,0
688,3,0,0
689,3,0,0
690,4,0,0
691,3,0,0
692,3,0,0
693,3,0,0
694,3,0,0
695,3,0,0
696,3,0,0
697,3,0,0
698,3,0,0
699,2,0,0
700,2,2,1
701,2,0,0
702,3,0,0
703,3,0,0
704,3,0,0
705,3,0,0
706,3,0,0
707,3,0,0
708,3,0,0
709,3,0,0
710,3,0,0
711,3,0,0
712,3,0,0
713,3,0,0
714,2,0,0
715,2,0,0
716,3,0,0
717,3,0,0
718,4,0,0
719,4,2,1
720,4,2,1
721,4,3,2
722,5,3,2
723,5,2,1
724,5,3,3
725,5,4,3
726,5,4,5
727,5,4,4
728,5,4,4
729,5,4,4
730,5,4,5
731,5,4,3
732,5,3,2
733,5,3,2
734,5,3,2
735,4,4,4
736,4,4,3
737,4,4,5
738,4,4,3
739,4,4,5
740,4,4,5
741,4,4,5
742,4,4,3
743,4,4,5
744,4,4,4
745,4,4,5
746,4,4,5
747,4,4,4
748,4,4,4
749,4,4,5
750,4,4,5
751,4,4,5
752,4,4,5
753,4,4,5
754,4,4,4
755,4,4,3
756,4,4,4
757,4,4,5
758,4,4,4
759,4,3,3
760,4,4,4
761,4,4,4
762,4,4,5
763,5,4,5
764,5,4,5
765,5,4,5
766,5,3,2
767,4,3,3
768,4,3,3
769,4,4,5
770,4,4,4
771,4,4,5
772,4,4,4
773,4,4,4
774,5,4,4
775,6,5,6
776,5,4,4
777,4,4,4
778,5,5,6
779,5,4,3
780,4,3,2
781,5,4,4
782,5,4,5
783,4,4,5
784,4,4,3
785,4,4,4
786,5,4,4
787,5,4,4
788,5,4,5
789,5,5,6
790,5,5,7
791,5,5,5
792,5,5,6
793,5,4,4
794,5,4,4
795,6,5,4
796,6,6,8
797,6,6,9
798,6,6,9
799,6,6,8
800,6,6,9
801,6,6,9
802,6,6,8
803,6,6,8
804,7,6,9
805,7,6,9
806,6,6,9
807,6,6,9
808,6,6,8
809,6,6,8
810,6,6,9
811,6,6,9
812,6,6,9
813,6,5,7
814,5,5,7
815,6,6,7
816,6,6,9
817,6,6,8
818,5,5,6
819,6,6,9
820,6,6,9
821,6,6,9
822,6,6,9
823,6,6,9
824,6,6,9
825,6,6,9
826,6,6,9
827,6,6,9
828,6,6,8
829,6,6,8
830,6,6,8
831,6,6,9
832,6,6,8
833,6,6,7
834,6,6,9
835,7,6,9
836,7,6,9
837,7,6,8
838,7,6,9
839,6,6,9
840,6,6,9
841,7,7,9
842,7,6,9
843,7,6,8
844,6,6,8
845,6,6,8
846,6,5,7
847,6,6,9
848,6,6,9
849,6,6,8
850,6,6,9
851,6,6,8
852,6,6,9
853,6,6,9
854,6,6,8
855,6,6,9
856,6,6,9
857,6,6,8
858,6,6,9
859,6,6,9
860,6,6,9
861,6,6,9
862,6,6,8
863,5,5,6
864,7,6,8
865,7,6,9
866,7,6,8
867,6,5,7
868,7,6,8
869,7,6,9
870,7,6,9
871,6,6,9
872,7,6,8
873,7,6,8
874,6,5,7
875,6,5,7
876,6,5,7
877,7,5,7
878,7,5,7
879,7,5,6
880,7,5,7
881,7,5,7
882,7,5,7
883,7,5,7
884,7,5,7
885,8,7,12
886,8,7,12
887,8,7,11
888,8,7,11
889,7,7,10
890,8,7,12
891,7,7,12
892,7,7,11
893,6,6,9
894,7,7,12
895,7,7,11
896,8,7,11
897,7,7,11
898,7,7,12
899,7,7,11
900,7,7,10
901,7,6,10
902,7,6,9
903,7,6,10
904,7,6,10
905,7,6,8
906,7,6,10
907,7,6,10
908,7,6,10
909,7,6,10
910,7,6,10
911,6,6,10
912,6,6,10
913,7,6,10
914,7,6,10
915,7,6,9
916,7,6,10
917,7,6,10
918,7,6,10
919,8,6,10
920,7,6,10
921,7,6,10
922,8,7,12
923,8,7,11
924,7,7,12
925,8,7,11
926,8,7,12
927,8,7,11
928,8,7,11
929,8,7,12
930,7,7,12
931,7,7,12
932,7,7,12
933,8,8,14
934,9,9,14
935,10,8,14
936,9,9,14
937,9,9,17
938,9,9,17
939,9,9,17
940,10,10,21
941,10,10,20
942,10,10,21
943,10,10,20
944,10,10,19
945,10,10,20
946,10,10,21
947,9,9,18
948,10,10,21
949,10,10,20
950,10,10,21
951,10,10,21
952,10,10,21
953,10,10,21
954,10,10,21
955,10,10,20
956,10,10,21
957,10,10,19
958,10,10,21
959,10,10,21
960,10,10,21
961,10,10,21
962,10,10,20
963,10,10,21
964,10,10,20
965,10,10,21
966,10,10,21
967,10,10,21
968,10,10,21
969,10,10,21
970,10,10,21
971,10,10,21
972,10,10,21
973,10,10,21
974,10,10,21
975,10,10,21
976,10,10,21
977,10,10,21
978,10,10,21
979,10,10,21
980,10,10,21
981,10,10,21
982,10,10,21
983,10,10,21
984,10,10,21
985,10,10,21
986,10,10,21
987,10,10,21
988,10,10,21
989,10,10,21
990,10,10,21
991,10,10,21
992,10,10,21
993,10,10,21
994,10,10,21
995,10,10,21
996,10,10,21
997,10,10,21
998,10,10,21
999,10,10,21
1000,10,10,21
1001,10,10,21
1002,10,10,21
1003,10,10,21
1004,10,10,21
1005,10,10,21
1006,10,10,21
1007,10,10,21
1008,10,10,21
1009,10,10,21
1010,10,10,21
1011,10,10,19
1012,10,10,21
1013,10,10,21
1014,10,10,21
1015,10,10,21
1016,10,10,21
1017,10,10,21
1018,10,10,21
1019,10,10,21
1020,10,10,21
1021,10,10,21
1022,10,10,21
1023,10,10,21
1024,10,10,21
1025,10,10,21
1026,10,10,21
1027,10,10,21
1028,10,10,21
1029,10,10,21
1030,10,10,21
1031,10,10,21
1032,10,10,21
1033,9,9,18
1034,10,10,21
1035,10,10,20
1036,10,10,21
1037,10,10,21
1038,10,10,21
1039,10,10,21
1040,10,10,21
1041,10,10,21
1042,10,10,21
1043,10,10,21
1044,10,10,21
1045,10,10,21
1046,10,10,21
1047,10,10,21
1048,10,10,21
1049,10,10,21
1050,10,10,21
1051,10,10,20
1052,10,10,21
1053,10,10,21
1054,10,10,21
1055,10,10,21
1056,10,10,21
1057,10,10,21
1058,10,10,21
1059,10,10,21
1060,10,10,21
1061,10,10,21
1062,10,10,21
1063,10,10,21
1064,10,10,21
1065,10,10,21
1066,10,10,21
1067,10,10,21
1068,10,10,21
1069,10,10,21
1070,10,10,21
1071,10,10,21
1072,10,10,21
1073,10,10,21
1074,10,10,20
1075,10,10,20
1076,10,10,21
1077,10,10,20
1078,10,10,21
1079,10,10,20
1080,10,10,21
1081,10,10,21
1082,10,10,21
1083,10,10,21
1084,10,10,21
1085,10,10,21
1086,10,10,21
1087,10,10,21
1088,10,10,21
1089,10,10,21
1090,10,10,21
1091,10,10,21
1092,10,10,21
1093,10,10,21
1094,10,10,21
1095,10,10,21
1096,10,10,21
1097,10,10,21
1098,10,10,21
1099,10,10,21
1100,10,10,21
1101,10,10,21
1102,10,10,21
1103,10,10,21
1104,10,10,21
1105,10,10,21
1106,10,10,21
1107,10,10,21
1108,10,10,21
1109,10,10,21
1110,10,10,21
1111,10,10,21
1112,10,10,21
1113,10,10,21
1114,10,10,21
1115,10,10,21
1116,10,10,21
1117,10,10,21
1118,10,10,21
1119,10,10,21
1120,10,10,21
1121,10,10,21
1122,10,10,21
1123,10,10,21
1124,10,10,21
1125,10,10,21
1126,10,10,21
1127,10,10,21
1128,10,10,21
1129,10,10,21
1130,10,10,21
1131,10,10,21
1132,10,10,21
1133,10,10,21
1134,10,10,21
1135,10,10,21
1136,10,10,21
1137,10,10,21
1138,10,10,21
1139,10,10,21
1140,10,10,21
1141,10,10,21
1142,10,10,21
1143,10,10,21
1144,10,10,21
1145,10,10,21
1146,10,10,21
1147,10,10,21
1148,10,10,21
1149,10,10,21
1150,10,10,21
1151,10,10,21
1152,10,10,21
1153,10,10,20
1154,10,10,21
1155,10,10,21
1156,10,10,21
1157,10,10,21
1158,10,10,21
1159,10,10,19
1160,10,10,21
1161,10,10,20
1162,10,10,21
1163,10,10,21
1164,10,10,20
1165,10,10,21
1166,10,10,21
1167,10,10,21
1168,10,10,21
1169,10,10,21
1170,10,10,19
1171,10,10,21
1172,10,10,21
1173,10,10,21
1174,10,10,21
1175,10,10,21
1176,10,10,21
1177,10,10,21
1178,10,10,21
1179,11,11,22
1180,11,11,25
1181,11,11,25
1182,11,11,25
1183,11,11,25
1184,11,11,25
1185,11,11,25
1186,11,11,25
1187,11,11,25
1188,11,11,25
1189,11,11,25
1190,11,11,25
1191,11,11,25
1192,11,11,25
1193,11,11,25
1194,11,11,25
1195,11,11,25
1196,11,11,25
1197,11,11,25
1198,11,11,25
1199,11,11,25
1200,11,11,25
1201,11,11,25
1202,11,11,25
1203,11,11,25
1204,11,11,25
1205,11,11,25
1206,11,11,25
1207,11,11,24
1208,11,11,24
1209,11,11,25
1210,11,11,24
1211,11,11,25
1212,11,11,25
1213,11,11,25
1214,11,11,25
1215,11,11,25
1216,11,11,25
1217,11,11,25
1218,11,11,25
1219,11,11,25
1220,11,11,25
1221,11,11,25
1222,11,11,25
1223,11,11,25
1224,11,11,25
1225,11,11,25
1226,11,11,25
1227,11,11,25
1228,11,11,25
1229,11,11,25
1230,11,11,25
1231,11,11,25
1232,11,11,25
1233,11,11,25
1234,11,11,25
1235,11,11,25
1236,11,11,25
1237,11,11,25
1238,11,11,25
1239,11,11,25
1240,11,11,25
1241,11,11,25
1242,11,11,25
1243,11,11,25
1244,11,11,25
1245,11,11,25
1246,11,11,25
1247,11,11,25
1248,11,11,25
1249,11,11,25
1250,11,11,25
1251,11,11,25
1252,11,11,25
1253,11,11,25
1254,11,11,25
1255,11,11,25
1256,11,11,25
1257,11,11,25
1258,11,11,24
1259,11,11,25
1260,11,11,25
1261,11,11,25
1262,11,11,25
1263,11,11,25
1264,11,11,25
1265,11,11,25
1266,11,11,25
1267,11,11,25
1268,11,11,25
1269,11,11,25
1270,11,11,25
1271,11,11,25
1272,11,11,25
1273,11,11,25
1274,11,11,25
1275,11,11,25
1276,11,11,25
1277,11,11,25
1278,11,11,25
1279,11,11,25
1280,11,11,25
1281,11,11,25
1282,11,11,25
1283,11,11,25
1284,11,11,24
1285,11,11,25
1286,11,11,25
1287,11,11,25
1288,11,11,25
1289,11,11,25
1290,11,11,25
1291,11,11,25
1292,11,11,25
1293,11,11,25
1294,11,11,25
1295,11,11,25
1296,11,11,25
1297,11,11,25
1298,11,11,25
1299,11,11,24
1300,11,11,25
1301,11,11,24
1302,11,11,25
1303,11,11,25
1304,11,11,25
1305,11,11,25
1306,11,11,25
1307,11,11,25
1308,11,11,25
1309,11,11,25
1310,11,11,25
1311,11,11,25
1312,11,11,25
1313,11,11,25
1314,11,11,25
1315,11,11,25
1316,11,11,25
1317,11,11,25
1318,11,11,25
1319,11,11,25
1320,11,11,25
1321,11,11,25
1322,11,11,25
1323,11,11,25
1324,11,11,25
1325,11,11,25
1326,11,11,25
1327,11,11,25
1328,11,11,24
1329,11,11,25
1330,11,11,25
1331,11,11,25
1332,11,11,25
1333,11,11,25
1334,11,11,25
1335,11,11,25
1336,11,11,25
1337,11,11,25
1338,11,11,25
1339,11,11,25
1340,11,11,25
1341,11,11,25
1342,11,11,25
1343,11,11,25
1344,11,11,25
1345,11,11,25
1346,11,11,25
1347,11,11,25
1348,11,11,25
1349,11,11,25
1350,11,11,25
1351,11,11,25
1352,11,11,25
1353,11,11,25
1354,11,11,25
1355,11,11,25
1356,11,11,25
1357,11,11,25
1358,11,11,25
1359,11,11,25
1360,11,11,25
1361,11,11,25
1362,11,11,25
1363,11,11,25
1364,11,11,25
1365,11,11,25
1366,11,11,25
1367,11,11,25
1368,11,11,25
1369,11,11,25
1370,11,11,25
1371,11,11,25
1372,11,11,25
1373,11,11,25
1374,11,11,25
1375,11,11,25
1376,11,11,25
1377,11,11,25
1378,11,11,25
1379,11,11,25
1380,11,11,25
1381,11,11,25
1382,11,11,25
1383,11,11,25
1384,11,11,25
1385,11,11,25
1386,11,11,25
1387,11,11,25
1388,11,11,25
1389,11,11,25
1390,11,11,25
1391,11,11,25
1392,11,11,25
1393,11,11,25
1394,11,11,25
1395,11,11,25
1396,11,11,25
1397,11,11,25
1398,11,11,25
1399,11,11,25
1400,11,11,25
1401,11,11,25
1402,11,11,25
1403,11,11,24
1404,11,11,25
1405,11,11,24
1406,11,11,25
1407,11,11,25
1408,11,11,25
1409,11,11,25
1410,11,11,25
1411,11,11,25
1412,11,11,25
1413,11,11,25
1414,11,11,25
1415,11,11,25
1416,11,11,25
1417,11,11,25
1418,11,11,25
1419,11,11,25
1420,11,11,25
1421,11,11,25
1422,11,11,25
1423,11,11,25
1424,11,11,25
1425,11,11,25
1426,11,11,25
1427,11,11,25
1428,11,11,25
1429,11,11,25
1430,11,11,25
1431,11,11,25
1432,11,11,25
1433,11,11,24
1434,11,11,25
1435,11,11,25
1436,11,11,25
1437,11,11,25
1438,11,11,25
1439,11,11,25
1440,11,11,25
1441,11,11,25
1442,11,11,25
1443,11,11,25
1444,11,11,25
1445,11,11,25
1446,11,11,25
1447,11,11,25
1448,11,11,25
1449,11,11,25
1450,11,11,25
1451,11,11,25
1452,11,11,25
1453,11,11,25
1454,11,11,25
1455,11,11,25
1456,11,11,25
1457,11,11,25
1458,11,11,25
1459,11,11,25
1460,11,11,25
1461,11,11,25
1462,11,11,25
1463,11,11,25
1464,11,11,25
1465,11,11,25
1466,11,11,25
1467,11,11,25
1468,11,11,25
1469,11,11,25
1470,11,11,25
1471,11,11,25
1472,11,11,25
1473,11,11,25
1474,11,11,25
1475,11,11,25
1476,11,11,25
1477,11,11,25
1478,11,11,25
1479,11,11,25
1480,11,11,25
1481,11,11,25
1482,11,11,25
1483,11,11,25
1484,11,11,25
1485,11,11,25
1486,11,11,25
1487,11,11,25
1488,11,11,25
1489,11,11,25
1490,11,11,25
1491,11,11,25
1492,11,11,25
1493,11,11,25
1494,11,11,25
1495,11,11,25
1496,11,11,25
1497,11,11,25
1498,11,11,25
1499,11,11,25
1500,11,11,25
1501,11,11,25
1502,11,11,25
1503,11,11,25
1504,11,11,24
1505,11,11,25
1506,11,11,25
1507,11,11,25
1508,11,11,25
1509,11,11,25
1510,11,11,25
1511,11,11,25
1512,11,11,25
1513,11,11,25
1514,11,11,25
1515,11,11,25
1516,11,11,25
1517,11,11,25
1518,11,11,25
1519,11,11,25
1520,11,11,25
1521,11,11,25
1522,11,11,25
1523,11,11,25
1524,11,11,25
1525,11,11,25
1526,11,11,25
1527,11,11,25
1528,11,11,25
1529,11,11,25
1530,11,11,25
1531,11,11,25
1532,11,11,25
1533,11,11,25
1534,11,11,25
1535,11,11,25
1536,11,11,25
1537,11,11,25
1538,11,11,25
1539,11,11,25
1540,11,11,25
1541,11,11,25
1542,11,11,25
1543,11,11,25
1544,11,11,25
1545,11,11,25
1546,11,11,25
1547,11,11,25
1548,11,11,25
1549,11,11,25
1550,11,11,25
1551,11,11,25
1552,11,11,25
1553,11,11,25
1554,11,11,25
1555,11,11,25
1556,11,11,25
1557,11,11,25
1558,11,11,25
1559,11,11,25
1560,11,11,25
1561,11,11,25
1562,11,11,25
1563,11,11,25
1564,11,11,25
1565,11,11,25
1566,11,11,25
1567,11,11,25
1568,11,11,25
1569,11,11,25
1570,11,11,25
1571,11,11,25
1572,11,11,25
1573,11,11,25
1574,11,11,25
1575,11,11,25
1576,11,11,25
1577,11,11,25
1578,11,11,24
1579,11,11,25
1580,11,11,25
1581,11,11,25
1582,11,11,25
1583,11,11,25
1584,11,11,25
1585,11,11,25
1586,11,11,25
1587,11,11,25
1588,11,11,25
1589,11,11,25
1590,11,11,25
1591,11,11,25
1592,11,11,25
1593,11,11,24
1594,11,11,24
1595,11,11,25
1596,11,11,25
1597,11,11,25
1598,11,11,25
1599,11,11,25
1600,11,11,25
1601,11,11,25
1602,11,11,25
1603,11,11,25
1604,11,11,25
1605,11,11,25
1606,11,11,25
1607,11,11,25
1608,11,11,24
1609,11,11,25
1610,11,11,25
1611,11,11,25
1612,11,11,25
1613,11,11,25
1614,11,11,25
1615,11,11,25
1616,11,11,25
1617,11,11,25
1618,11,11,25
1619,11,11,25
1620,11,11,25
1621,11,11,25
1622,11,11,25
1623,11,11,25
1624,11,11,25
1625,11,11,25
1626,11,11,25
1627,11,11,25
1628,11,11,25
1629,11,11,25
1630,11,11,25
1631,11,11,25
1632,11,11,25
1633,11,11,25
1634,11,11,25
1635,11,11,25
1636,11,11,25
1637,11,11,25
1638,11,11,25
1639,11,11,25
1640,11,11,25
1641,11,11,25
1642,11,11,25
1643,11,11,25
1644,11,11,25
1645,11,11,25
1646,11,11,25
1647,11,11,25
1648,11,11,25
1649,11,11,24
1650,11,11,25
1651,11,11,25
1652,11,11,25
1653,11,11,25
1654,11,11,25
1655,11,11,25
1656,11,11,25
1657,11,11,25
1658,11,11,25
1659,11,11,25
1660,11,11,25
1661,11,11,25
1662,11,11,25
1663,11,11,25
1664,11,11,25
1665,11,11,25
1666,11,11,25
1667,11,11,25
1668,11,11,25
1669,11,11,25
1670,11,11,25
1671,11,11,25
1672,11,11,25
1673,11,11,25
1674,11,11,25
1675,11,11,25
1676,11,11,25
1677,11,11,25
1678,11,11,25
1679,11,11,24
1680,11,11,25
1681,11,11,25
1682,11,11,25
1683,11,11,25
1684,11,11,25
1685,11,11,25
1686,11,11,25
1687,11,11,25
1688,11,11,25
1689,11,11,25
1690,11,11,25
1691,11,11,25
1692,11,11,25
1693,11,11,25
1694,11,11,25
1695,11,11,25
1696,11,11,25
1697,11,11,25
1698,11,11,24
1699,11,11,24
1700,11,11,25
1701,11,11,25
1702,11,11,25
1703,11,11,25
1704,11,11,25
1705,11,11,25
1706,11,11,25
1707,11,11,25
1708,11,11,25
1709,11,11,25
1710,11,11,25
1711,11,11,25
1712,11,11,25
1713,11,11,25
1714,11,11,25
1715,11,11,25
1716,11,11,25
1717,11,11,25
1718,11,11,25
1719,11,11,25
1720,11,11,25
1721,11,11,25
1722,11,11,25
1723,11,11,25
1724,11,11,25
1725,11,11,25
1726,11,11,25
1727,11,11,25
1728,11,11,25
1729,11,11,25
1730,11,11,25
1731,11,11,25
1732,11,11,25
1733,11,11,24
1734,11,11,25
1735,11,11,25
1736,11,11,24
1737,11,11,25
1738,11,11,25
1739,11,11,25
1740,11,11,25
1741,11,11,25
1742,11,11,25
1743,11,11,25
1744,11,11,23
1745,11,11,25
1746,11,11,25
1747,11,11,25
1748,11,11,25
1749,11,11,25
1750,11,11,25
1751,11,11,25
1752,11,11,25
1753,11,11,25
1754,11,11,25
1755,11,11,25
1756,11,11,25
1757,11,11,25
1758,11,11,25
1759,11,11,25
1760,11,11,25
1761,11,11,25
1762,11,11,25
1763,11,11,25
1764,11,11,25
1765,11,11,25
1766,11,11,25
1767,11,11,25
1768,11,11,25
1769,11,11,25
1770,11,11,25
1771,11,11,25
1772,11,11,25
1773,11,11,25
1774,11,11,25
1775,11,11,25
1776,11,11,25
1777,11,11,25
1778,11,11,25
1779,11,11,25
1780,11,11,25
1781,11,11,25
1782,11,11,25
1783,11,11,25
1784,11,11,25
1785,11,11,25
1786,11,11,25
1787,11,11,25
1788,11,11,25
1789,11,11,25
1790,11,11,23
1791,11,11,25
1792,11,11,25
1793,11,11,25
1794,11,11,25
1795,11,11,25
1796,11,11,25
1797,11,11,25
1798,11,11,25
1799,11,11,25
1800,11,11,25
1801,11,11,25
1802,11,11,25
1803,11,11,25
1804,11,11,25
1805,11,11,25
1806,11,11,25
1807,11,11,25
1808,11,11,25
1809,11,11,25
1810,11,11,25
1811,11,11,25
1812,11,11,25
1813,11,11,25
1814,11,11,25
1815,11,11,25
1816,11,11,25
1817,11,11,25
1818,11,11,25
1819,11,11,25
1820,11,11,25
1821,11,11,25
1822,11,11,25
1823,11,11,25
1824,11,11,24
1825,11,11,25
1826,11,11,25
1827,11,11,25
1828,11,11,25
1829,11,11,25
1830,11,11,25
1831,11,11,25
1832,11,11,25
1833,11,11,25
1834,11,11,25
1835,11,11,25
1836,11,11,25
1837,11,11,25
1838,11,11,25
1839,11,11,25
1840,11,11,25
1841,11,11,25
1842,11,11,25
1843,11,11,25
1844,11,11,25
1845,11,11,25
1846,11,11,25
1847,11,11,25
1848,12,12,30
1849,12,12,29
1850,12,12,30
1851,12,12,30
1852,12,12,30
1853,12,12,30
1854,12,12,30
1855,12,12,30
1856,12,12,30
1857,12,12,30
1858,12,12,30
1859,12,12,30
1860,12,12,30
1861,12,12,30
1862,12,12,30
1863,12,12,30
1864,12,12,30
1865,12,12,30
1866,12,12,30
1867,12,12,30
1868,12,12,30
1869,12,12,30
1870,12,12,30
1871,12,12,30
1872,12,12,30
1873,12,12,30
1874,12,12,30
1875,12,12,30
1876,12,12,30
1877,12,12,30
1878,12,12,30
1879,12,12,30
1880,12,12,30
1881,12,12,30
1882,12,12,30
1883,12,12,30
1884,12,12,30
1885,12,12,30
1886,12,12,30
1887,12,12,30
1888,12,12,30
1889,12,12,30
1890,12,12,30
1891,12,12,30
1892,12,12,30
1893,12,12,30
1894,12,12,30
1895,12,12,30
1896,12,12,30
1897,12,12,30
1898,12,12,30
1899,12,12,30
1900,12,12,30
1901,12,12,30
1902,12,12,30
1903,12,12,30
1904,12,12,30
1905,12,12,30
1906,12,12,30
1907,12,12,30
1908,12,12,30
1909,12,12,30
1910,12,12,30
1911,12,12,30
1912,12,12,30
1913,12,12,30
1914,12,12,30
1915,12,12,30
1916,12,12,30
1917,12,12,30
1918,12,12,30
1919,12,12,30
1920,12,12,30
1921,12,12,30
1922,12,12,30
1923,12,12,30
1924,12,12,30
1925,12,12,30
1926,12,12,29
1927,12,12,30
1928,12,12,30
1929,12,12,30
1930,12,12,30
1931,12,12,30
1932,12,12,30
1933,12,12,30
1934,12,12,30
1935,12,12,30
1936,12,12,30
1937,12,12,29
1938,12,12,30
1939,12,12,30
1940,12,12,30
1941,12,12,30
1942,12,12,30
1943,12,12,30
1944,12,12,30
1945,12,12,30
1946,12,12,30
1947,12,12,30
1948,12,12,30
1949,12,12,30
1950,12,12,30
1951,12,12,30
1952,12,12,30
1953,12,12,30
1954,12,12,30
1955,12,12,30
1956,12,12,30
1957,12,12,30
1958,12,12,30
1959,12,12,30
1960,12,12,30
1961,12,12,30
1962,12,12,30
1963,12,12,30
1964,12,12,30
1965,12,12,30
1966,12,12,30
1967,12,12,30
1968,12,12,30
1969,12,12,30
1970,12,12,30
1971,12,12,30
1972,12,12,30
1973,12,12,30
1974,12,12,30
1975,12,12,30
1976,12,12,30
1977,12,12,30
1978,12,12,30
1979,12,12,30
1980,12,12,30
1981,12,12,30
1982,12,12,30
1983,12,12,30
1984,12,12,30
1985,12,12,30
1986,12,12,30
1987,12,12,30
1988,12,12,30
1989,12,12,30
1990,12,12,30
1991,12,12,30
1992,12,12,30
1993,12,12,30
1994,12,12,30
1995,12,12,30
1996,12,12,30
1997,12,12,30
1998,12,12,30
1999,12,12,30
