0,1,0,0
1,0,0,0
2,0,0,0
3,0,0,0
4,0,0,0
5,0,0,0
6,1,0,0
7,1,0,0
8,1,0,0
9,1,0,0
10,1,0,0
11,2,0,0
12,2,0,0
13,2,0,0
14,3,0,0
15,4,0,0
16,3,0,0
17,2,0,0
18,2,0,0
19,2,0,0
20,2,0,0
21,3,0,0
22,3,0,0
23,3,0,0
24,3,0,0
25,3,0,0
26,2,2,1
27,2,0,0
28,2,0,0
29,2,0,0
30,2,0,0
31,2,0,0
32,2,0,0
33,2,0,0
34,2,0,0
35,2,0,0
36,2,0,0
37,2,0,0
38,2,0,0
39,2,0,0
40,2,0,0
41,2,0,0
42,2,0,0
43,2,0,0
44,2,0,0
45,2,0,0
46,2,0,0
47,2,0,0
48,2,0,0
49,2,0,0
50,3,0,0
51,2,0,0
52,2,0,0
53,2,0,0
54,2,0,0
55,2,0,0
56,2,0,0
57,2,0,0
58,2,0,0
59,2,0,0
60,2,0,0
61,2,0,0
62,2,0,0
63,3,0,0
64,3,0,0
65,3,0,0
66,2,0,0
67,3,0,0
68,3,0,0
69,3,2,1
70,3,0,0
71,3,0,0
72,3,2,1
73,3,2,1
74,3,2,1
75,3,2,1
76,3,2,1
77,3,3,2
78,3,3,2
79,3,3,2
80,3,3,3
81,3,3,2
82,3,3,2
83,3,3,2
84,3,3,3
85,3,3,2
86,3,3,2
87,3,3,3
88,3,3,2
89,3,3,2
90,3,3,2
91,3,3,2
92,3,2,1
93,3,3,3
94,3,3,2
95,3,3,2
96,3,3,2
97,3,3,2
98,3,3,3
99,3,3,3
100,3,3,3
101,3,3,3
102,3,3,2
103,3,3,3
104,3,3,2
105,3,3,3
106,3,3,2
107,3,3,2
108,3,3,3
109,3,3,2
110,3,3,2
111,3,3,3
112,4,4,4
113,4,3,3
114,4,3,2
115,4,3,3
116,4,3,3
117,4,3,3
118,4,3,2
119,4,3,2
120,4,4,3
121,3,3,3
122,3,3,3
123,4,3,3
124,4,3,3
125,4,3,3
126,3,3,3
127,3,3,3
128,4,3,3
129,4,3,2
130,4,3,2
131,6,4,4
132,5,4,5
133,5,4,3
134,5,4,4
135,5,4,5
136,5,4,4
137,5,4,5
138,5,4,5
139,5,4,5
140,5,4,4
141,5,4,5
142,5,4,3
143,5,4,5
144,5,4,5
145,5,4,4
146,5,4,4
147,5,4,4
148,5,4,5
149,5,4,5
150,5,4,5
151,5,4,5
152,4,4,5
153,5,4,5
154,5,4,5
155,5,4,5
156,5,4,5
157,4,4,4
158,4,3,3
159,4,4,5
160,5,4,4
161,5,4,4
162,5,4,3
163,5,4,5
164,5,4,4
165,5,4,4
166,5,3,3
167,5,3,2
168,4,3,2
169,5,3,2
170,5,3,2
171,5,3,3
172,5,3,3
173,5,3,3
174,5,3,2
175,5,3,3
176,5,3,3
177,4,3,3
178,5,2,1
179,5,3,2
180,4,3,2
181,4,3,2
182,5,2,1
183,5,0,0
184,5,0,0
185,4,0,0
186,4,2,1
187,4,2,1
188,3,0,0
189,3,2,1
190,2,2,1
191,2,0,0
192,2,0,0
193,2,0,0
194,2,0,0
195,2,0,0
196,2,0,0
197,2,0,0
198,3,0,0
199,3,0,0
200,3,0,0
201,3,0,0
202,3,0,0
203,2,0,0
204,2,0,0
205,1,0,0
206,1,0,0
207,2,0,0
208,2,0,0
209,1,0,0
210,1,0,0
211,2,0,0
212,2,0,0
213,1,0,0
214,2,0,0
215,2,0,0
216,2,0,0
217,2,0,0
218,3,0,0
219,4,0,0
220,3,0,0
221,3,2,1
222,3,2,1
223,3,0,0
224,3,0,0
225,3,0,0
226,3,0,0
227,3,0,0
228,3,0,0
229,3,0,0
230,4,0,0
231,3,0,0
232,3,0,0
233,2,2,1
234,2,2,1
235,2,2,1
236,2,2,1
237,2,2,1
238,2,0,0
239,2,2,1
240,2,0,0
241,2,0,0
242,4,2,1
243,3,2,1
244,3,2,1
245,3,2,1
246,3,2,1
247,2,2,1
248,2,2,1
249,2,2,1
250,2,2,1
251,2,2,1
252,2,2,1
253,2,2,1
254,2,2,1
255,2,0,0
256,4,0,0
257,4,0,0
258,4,0,0
259,3,2,1
260,3,0,0
261,3,0,0
262,3,0,0
263,2,0,0
264,2,0,0
265,2,0,0
266,3,0,0
267,3,0,0
268,3,0,0
269,3,0,0
270,2,2,1
271,3,0,0
272,3,0,0
273,3,0,0
274,3,0,0
275,3,0,0
276,3,0,0
277,3,0,0
278,3,0,0
279,3,0,0
280,2,0,0
281,2,0,0
282,3,0,0
283,3,0,0
284,3,0,0
285,3,0,0
286,3,0,0
287,3,0,0
288,3,0,0
289,3,0,0
290,3,0,0
291,3,0,0
292,3,0,0
293,3,0,0
294,3,0,0
295,3,0,0
296,3,0,0
297,3,0,0
298,4,0,0
299,4,0,0
300,2,0,0
301,2,0,0
302,2,0,0
303,2,0,0
304,2,0,0
305,2,0,0
306,2,0,0
307,1,0,0
308,2,0,0
309,2,0,0
310,3,0,0
311,2,0,0
312,2,0,0
313,2,0,0
314,2,0,0
315,2,0,0
316,2,0,0
317,2,0,0
318,3,0,0
319,2,0,0
320,2,0,0
321,2,0,0
322,2,0,0
323,2,0,0
324,2,0,0
325,2,0,0
326,2,0,0
327,2,0,0
328,3,0,0
329,2,0,0
330,2,0,0
331,2,0,0
332,2,0,0
333,2,0,0
334,2,0,0
335,2,0,0
336,2,0,0
337,2,0,0
338,2,0,0
339,2,0,0
340,2,0,0
341,2,0,0
342,1,0,0
343,1,0,0
344,2,0,0
345,2,0,0
346,2,0,0
347,2,0,0
348,2,0,0
349,2,0,0
350,2,0,0
351,2,0,0
352,2,0,0
353,2,0,0
354,2,0,0
355,2,0,0
356,2,0,0
357,2,0,0
358,2,0,0
359,2,0,0
360,2,0,0
361,2,0,0
362,2,0,0
363,2,0,0
364,2,0,0
365,2,0,0
366,2,0,0
367,2,0,0
368,3,0,0
369,3,2,1
370,3,0,0
371,3,0,0
372,3,3,2
373,3,0,0
374,3,0,0
375,4,0,0
376,3,0,0
377,3,0,0
378,3,2,1
379,3,0,0
380,3,0,0
381,3,0,0
382,3,0,0
383,3,0,0
384,3,0,0
385,2,0,0
386,1,0,0
387,2,0,0
388,2,0,0
389,2,0,0
390,1,0,0
391,1,0,0
392,1,0,0
393,2,0,0
394,2,0,0
395,3,0,0
396,3,0,0
397,3,0,0
398,3,0,0
399,3,0,0
400,3,0,0
401,3,0,0
402,2,0,0
403,2,0,0
404,3,0,0
405,3,0,0
406,2,0,0
407,4,2,1
408,3,2,1
409,3,2,1
410,3,0,0
411,3,0,0
412,3,0,0
413,3,0,0
414,3,0,0
415,3,0,0
416,4,0,0
417,3,0,0
418,4,2,1
419,4,2,1
420,4,0,0
421,4,0,0
422,4,2,1
423,4,2,1
424,4,0,0
425,4,0,0
426,4,2,1
427,3,0,0
428,3,0,0
429,3,0,0
430,3,0,0
431,3,2,1
432,2,0,0
433,3,0,0
434,3,0,0
435,3,0,0
436,3,0,0
437,3,0,0
438,3,0,0
439,3,0,0
440,3,0,0
441,3,0,0
442,3,2,1
443,3,2,1
444,4,0,0
445,4,2,1
446,4,2,1
447,4,0,0
448,3,0,0
449,3,0,0
450,3,0,0
451,3,0,0
452,3,0,0
453,2,0,0
454,1,0,0
455,1,0,0
456,1,0,0
457,1,0,0
458,1,0,0
459,1,0,0
460,1,0,0
461,1,0,0
462,1,0,0
463,1,0,0
464,2,0,0
465,2,0,0
466,2,0,0
467,3,0,0
468,2,0,0
469,2,0,0
470,2,0,0
471,2,2,1
472,2,0,0
473,2,0,0
474,2,0,0
475,2,0,0
476,3,0,0
477,3,0,0
478,2,2,1
479,3,0,0
480,3,0,0
481,3,0,0
482,3,0,0
483,3,0,0
484,3,2,1
485,4,2,1
486,3,0,0
487,2,0,0
488,3,0,0
489,2,0,0
490,2,0,0
491,2,0,0
492,3,0,0
493,3,0,0
494,3,0,0
495,3,0,0
496,3,0,0
497,3,0,0
498,3,0,0
499,2,0,0
500,2,0,0
501,2,0,0
502,2,0,0
503,2,0,0
504,2,0,0
505,2,0,0
506,2,0,0
507,2,0,0
508,2,2,1
509,2,0,0
510,2,0,0
511,2,0,0
512,2,0,0
513,2,2,1
514,2,0,0
515,3,0,0
516,2,0,0
517,2,0,0
518,2,0,0
519,2,0,0
520,2,0,0
521,2,0,0
522,2,0,0
523,1,0,0
524,2,0,0
525,1,0,0
526,1,0,0
527,2,0,0
528,2,0,0
529,2,0,0
530,2,0,0
531,2,0,0
532,2,0,0
533,2,0,0
534,2,0,0
535,2,0,0
536,2,0,0
537,2,0,0
538,2,0,0
539,2,0,0
540,2,0,0
541,2,0,0
542,2,0,0
543,1,0,0
544,1,0,0
545,1,0,0
546,1,0,0
547,1,0,0
548,1,0,0
549,1,0,0
550,1,0,0
551,1,0,0
552,1,0,0
553,1,0,0
554,1,0,0
555,1,0,0
556,1,0,0
557,2,0,0
558,2,0,0
559,2,0,0
560,3,0,0
561,3,0,0
562,3,0,0
563,3,0,0
564,3,2,1
565,3,0,0
566,3,0,0
567,3,0,0
568,3,2,1
569,3,0,0
570,3,0,0
571,3,0,0
572,3,0,0
573,3,2,1
574,4,0,0
575,4,0,0
576,1,0,0
577,1,0,0
578,2,0,0
579,1,0,0
580,1,0,0
581,1,0,0
582,2,0,0
583,3,0,0
584,1,0,0
585,1,0,0
586,2,0,0
587,2,0,0
588,2,0,0
589,3,0,0
590,2,0,0
591,2,0,0
592,2,2,1
593,2,0,0
594,2,0,0
595,2,0,0
596,2,0,0
597,2,0,0
598,2,0,0
599,2,0,0
600,2,0,0
601,2,0,0
602,2,0,0
603,2,0,0
604,1,0,0
605,0,0,0
606,1,0,0
607,1,0,0
608,2,0,0
609,3,0,0
610,2,0,0
611,2,0,0
612,2,0,0
613,2,0,0
614,2,0,0
615,3,0,0
616,2,0,0
617,3,0,0
618,3,0,0
619,2,0,0
620,2,0,0
621,4,0,0
622,4,0,0
623,4,2,1
624,4,3,2
625,4,3,2
626,4,2,1
627,4,2,1
628,3,2,1
629,2,0,0
630,3,0,0
631,3,0,0
632,3,2,1
633,4,2,1
634,5,2,1
635,5,0,0
636,4,2,1
637,5,4,4
638,5,4,4
639,5,4,5
640,5,4,5
641,5,4,4
642,5,4,4
643,4,4,5
644,4,4,4
645,5,4,5
646,4,4,5
647,4,4,5
648,4,4,4
649,4,4,3
650,3,3,2
651,3,3,3
652,4,4,4
653,4,4,5
654,4,4,3
655,4,4,5
656,4,4,4
657,4,4,5
658,4,4,5
659,5,5,6
660,4,4,5
661,5,4,5
662,5,4,4
663,5,4,4
664,4,4,5
665,5,4,4
666,5,3,3
667,5,4,4
668,5,4,4
669,5,4,4
670,4,4,3
671,4,4,4
672,4,4,3
673,4,4,4
674,4,4,3
675,4,4,3
676,4,4,4
677,4,4,5
678,4,4,5
679,4,4,4
680,4,4,5
681,4,4,5
682,4,4,4
683,4,4,4
684,4,3,2
685,4,3,2
686,4,4,3
687,4,4,4
688,3,2,1
689,4,4,4
690,4,4,4
691,4,4,4
692,4,4,3
693,4,4,4
694,4,4,5
695,4,4,4
696,4,4,5
697,4,4,5
698,4,4,4
699,4,4,4
700,4,4,4
701,4,4,4
702,3,3,3
703,4,4,4
704,4,3,2
705,4,3,2
706,5,3,2
707,4,2,1
708,4,3,2
709,5,3,2
710,5,3,3
711,5,3,3
712,5,2,1
713,5,3,3
714,5,3,2
715,5,3,3
716,4,3,3
717,4,3,2
718,4,3,2
719,4,3,2
720,4,3,2
721,4,3,2
722,4,3,3
723,5,3,2
724,4,3,3
725,3,2,1
726,3,0,0
727,3,0,0
728,2,0,0
729,2,0,0
730,3,0,0
731,2,0,0
732,4,0,0
733,3,2,1
734,4,0,0
735,4,0,0
736,5,2,1
737,5,2,1
738,4,0,0
739,3,0,0
740,4,0,0
741,4,0,0
742,4,0,0
743,2,0,0
744,2,0,0
745,2,0,0
746,2,0,0
747,2,0,0
748,1,0,0
749,1,0,0
750,1,0,0
751,1,0,0
752,1,0,0
753,1,0,0
754,1,0,0
755,1,0,0
756,2,0,0
757,2,0,0
758,2,0,0
759,2,0,0
760,2,0,0
761,3,0,0
762,2,0,0
763,3,0,0
764,3,0,0
765,3,0,0
766,3,2,1
767,3,0,0
768,2,0,0
769,3,0,0
770,3,2,1
771,3,2,1
772,3,0,0
773,3,0,0
774,3,2,1
775,3,0,0
776,3,0,0
777,3,0,0
778,3,0,0
779,2,0,0
780,2,0,0
781,3,0,0
782,2,0,0
783,2,0,0
784,2,0,0
785,2,0,0
786,2,0,0
787,2,0,0
788,2,0,0
789,3,0,0
790,3,0,0
791,4,0,0
792,3,0,0
793,3,0,0
794,3,0,0
795,3,0,0
796,3,0,0
797,3,0,0
798,3,0,0
799,3,0,0
800,3,0,0
801,2,0,0
802,2,0,0
803,2,0,0
804,2,0,0
805,2,0,0
806,3,0,0
807,2,0,0
808,2,0,0
809,2,0,0
810,2,0,0
811,2,0,0
812,2,0,0
813,2,0,0
814,2,0,0
815,4,0,0
816,3,0,0
817,3,0,0
818,3,0,0
819,3,0,0
820,3,0,0
821,2,0,0
822,3,0,0
823,3,0,0
824,3,0,0
825,2,0,0
826,2,0,0
827,2,0,0
828,3,0,0
829,2,0,0
830,2,0,0
831,2,0,0
832,1,0,0
833,2,0,0
834,2,0,0
835,1,0,0
836,2,0,0
837,2,0,0
838,2,0,0
839,3,0,0
840,2,0,0
841,2,0,0
842,2,0,0
843,2,2,1
844,2,2,1
845,2,2,1
846,2,2,1
847,2,2,1
848,2,2,1
849,2,2,1
850,3,2,1
851,2,0,0
852,2,0,0
853,2,0,0
854,2,0,0
855,3,0,0
856,3,2,1
857,3,0,0
858,2,0,0
859,2,0,0
860,2,0,0
861,2,0,0
862,2,0,0
863,2,0,0
864,1,0,0
865,1,0,0
866,2,0,0
867,2,0,0
868,2,0,0
869,2,0,0
870,2,0,0
871,2,0,0
872,2,0,0
873,2,0,0
874,2,0,0
875,3,0,0
876,3,0,0
877,2,0,0
878,3,0,0
879,3,0,0
880,3,0,0
881,3,0,0
882,3,0,0
883,3,0,0
884,3,0,0
885,3,3,2
886,3,0,0
887,3,0,0
888,2,0,0
889,4,0,0
890,3,0,0
891,3,0,0
892,3,0,0
893,3,0,0
894,2,0,0
895,2,0,0
896,2,0,0
897,1,0,0
898,1,0,0
899,1,0,0
900,1,0,0
901,1,0,0
902,2,0,0
903,2,0,0
904,2,0,0
905,2,0,0
906,2,0,0
907,2,0,0
908,2,0,0
909,2,2,1
910,2,0,0
911,2,0,0
912,2,2,1
913,2,2,1
914,2,2,1
915,2,2,1
916,2,0,0
917,2,0,0
918,2,0,0
919,2,0,0
920,2,0,0
921,2,0,0
922,2,0,0
923,2,0,0
924,2,2,1
925,2,0,0
926,2,0,0
927,3,0,0
928,2,0,0
929,3,0,0
930,3,0,0
931,3,2,1
932,3,0,0
933,4,0,0
934,4,2,1
935,4,2,1
936,4,0,0
937,4,0,0
938,4,0,0
939,3,0,0
940,4,2,1
941,4,0,0
942,4,0,0
943,3,0,0
944,2,0,0
945,2,2,1
946,2,0,0
947,1,0,0
948,1,0,0
949,2,0,0
950,2,0,0
951,2,2,1
952,2,0,0
953,2,0,0
954,2,0,0
955,2,0,0
956,2,0,0
957,2,0,0
958,2,2,1
959,2,0,0
960,2,0,0
961,3,0,0
962,2,0,0
963,2,0,0
964,3,0,0
965,2,0,0
966,2,0,0
967,3,0,0
968,2,0,0
969,1,0,0
970,1,0,0
971,2,0,0
972,3,0,0
973,3,0,0
974,3,0,0
975,3,0,0
976,3,0,0
977,3,0,0
978,3,0,0
979,3,0,0
980,3,0,0
981,3,2,1
982,3,0,0
983,2,0,0
984,2,0,0
985,3,0,0
986,3,0,0
987,4,0,0
988,2,0,0
989,3,0,0
990,1,0,0
991,1,0,0
992,1,0,0
993,2,0,0
994,2,0,0
995,2,0,0
996,3,0,0
997,3,0,0
998,3,0,0
999,3,0,0
1000,3,0,0
1001,2,0,0
1002,2,0,0
1003,1,0,0
1004,2,0,0
1005,2,0,0
1006,3,0,0
1007,3,0,0
1008,3,0,0
1009,2,0,0
1010,2,0,0
1011,2,0,0
1012,3,2,1
1013,3,2,1
1014,3,0,0
1015,3,0,0
1016,3,0,0
1017,2,0,0
1018,2,0,0
1019,2,0,0
1020,1,0,0
1021,1,0,0
1022,1,0,0
1023,1,0,0
1024,1,0,0
1025,1,0,0
1026,1,0,0
1027,2,0,0
1028,2,0,0
1029,2,0,0
1030,2,0,0
1031,2,0,0
1032,2,0,0
1033,3,0,0
1034,3,0,0
1035,2,0,0
1036,2,0,0
1037,2,0,0
1038,2,0,0
1039,2,0,0
1040,2,0,0
1041,2,0,0
1042,2,0,0
1043,2,0,0
1044,2,0,0
1045,2,0,0
1046,2,0,0
1047,2,0,0
1048,2,0,0
1049,3,0,0
1050,3,0,0
1051,3,0,0
1052,3,0,0
1053,3,0,0
1054,3,0,0
1055,3,0,0
1056,4,0,0
1057,3,0,0
1058,3,0,0
1059,2,0,0
1060,3,0,0
1061,3,0,0
1062,3,0,0
1063,3,0,0
1064,3,0,0
1065,3,0,0
1066,3,0,0
1067,3,0,0
1068,2,0,0
1069,2,0,0
1070,2,0,0
1071,2,0,0
1072,2,0,0
1073,4,2,1
1074,3,0,0
1075,3,0,0
1076,3,0,0
1077,3,0,0
1078,3,2,1
1079,2,0,0
1080,3,0,0
1081,3,0,0
1082,3,0,0
1083,3,0,0
1084,3,0,0
1085,3,0,0
1086,3,0,0
1087,4,0,0
1088,4,0,0
1089,3,0,0
1090,3,0,0
1091,3,0,0
1092,3,0,0
1093,3,0,0
1094,3,0,0
1095,3,0,0
1096,3,0,0
1097,2,0,0
1098,2,0,0
1099,2,0,0
1100,3,0,0
1101,2,0,0
1102,2,0,0
1103,2,0,0
1104,2,0,0
1105,2,0,0
1106,2,0,0
1107,2,0,0
1108,2,0,0
1109,1,0,0
1110,2,0,0
1111,1,0,0
1112,2,0,0
1113,2,0,0
1114,3,2,1
1115,3,2,1
1116,3,0,0
1117,4,0,0
1118,3,0,0
1119,3,2,1
1120,3,2,1
1121,3,2,1
1122,4,0,0
1123,4,0,0
1124,4,0,0
1125,3,0,0
1126,3,0,0
1127,3,0,0
1128,2,2,1
1129,3,2,1
1130,2,2,1
1131,3,2,1
1132,2,2,1
1133,2,0,0
1134,2,0,0
1135,2,2,1
1136,2,0,0
1137,2,0,0
1138,2,0,0
1139,3,0,0
1140,2,0,0
1141,2,0,0
1142,2,0,0
1143,2,0,0
1144,2,0,0
1145,2,0,0
1146,3,0,0
1147,3,0,0
1148,2,0,0
1149,3,0,0
1150,3,0,0
1151,3,0,0
1152,3,0,0
1153,2,0,0
1154,2,0,0
1155,2,0,0
1156,2,0,0
1157,2,0,0
1158,2,0,0
1159,2,0,0
1160,3,0,0
1161,2,0,0
1162,3,0,0
1163,3,0,0
1164,2,0,0
1165,2,0,0
1166,3,2,1
1167,3,0,0
1168,4,0,0
1169,4,0,0
1170,3,2,1
1171,3,0,0
1172,3,0,0
1173,3,0,0
1174,3,0,0
1175,3,0,0
1176,3,0,0
1177,2,0,0
1178,1,0,0
1179,2,0,0
1180,1,0,0
1181,1,0,0
1182,1,0,0
1183,1,0,0
1184,2,0,0
1185,2,0,0
1186,2,0,0
1187,2,0,0
1188,2,0,0
1189,2,0,0
1190,2,0,0
1191,2,0,0
1192,2,0,0
1193,2,0,0
1194,2,0,0
1195,2,0,0
1196,2,0,0
1197,1,0,0
1198,2,0,0
1199,2,0,0
1200,2,0,0
1201,2,0,0
1202,2,0,0
1203,2,2,1
1204,2,0,0
1205,3,0,0
1206,2,0,0
1207,2,0,0
1208,2,0,0
1209,2,0,0
1210,2,0,0
1211,2,0,0
1212,3,0,0
1213,3,0,0
1214,3,2,1
1215,3,2,1
1216,3,0,0
1217,3,0,0
1218,2,0,0
1219,2,0,0
1220,2,0,0
1221,2,0,0
1222,2,0,0
1223,2,0,0
1224,2,0,0
1225,3,0,0
1226,1,0,0
1227,1,0,0
1228,1,0,0
1229,2,0,0
1230,0,0,0
1231,0,0,0
1232,0,0,0
1233,0,0,0
1234,0,0,0
1235,1,0,0
1236,1,0,0
1237,1,0,0
1238,1,0,0
1239,3,0,0
1240,4,0,0
1241,3,0,0
1242,4,0,0
1243,4,0,0
1244,4,0,0
1245,4,2,1
1246,3,0,0
1247,5,2,1
1248,4,2,1
1249,4,2,1
1250,4,2,1
1251,4,2,1
1252,4,2,1
1253,4,2,1
1254,4,2,1
1255,4,2,1
1256,4,0,0
1257,4,0,0
1258,3,0,0
1259,3,0,0
1260,3,0,0
1261,2,0,0
1262,3,0,0
1263,3,0,0
1264,3,0,0
1265,3,0,0
1266,3,0,0
1267,3,0,0
1268,2,0,0
1269,3,0,0
1270,2,0,0
1271,2,0,0
1272,2,0,0
1273,2,0,0
1274,2,0,0
1275,1,0,0
1276,2,0,0
1277,2,0,0
1278,2,0,0
1279,2,0,0
1280,2,0,0
1281,2,0,0
1282,3,0,0
1283,3,0,0
1284,3,0,0
1285,3,0,0
1286,4,2,1
1287,2,0,0
1288,2,0,0
1289,3,0,0
1290,4,0,0
1291,3,0,0
1292,3,0,0
1293,3,0,0
1294,2,0,0
1295,1,0,0
1296,1,0,0
1297,1,0,0
1298,1,0,0
1299,1,0,0
1300,1,0,0
1301,1,0,0
1302,1,0,0
1303,1,0,0
1304,2,0,0
1305,2,0,0
1306,3,0,0
1307,3,0,0
1308,2,0,0
1309,2,2,1
1310,2,0,0
1311,2,0,0
1312,2,0,0
1313,3,0,0
1314,3,0,0
1315,4,0,0
1316,3,0,0
1317,3,0,0
1318,3,2,1
1319,2,0,0
1320,2,0,0
1321,2,0,0
1322,2,2,1
1323,3,0,0
1324,3,0,0
1325,3,0,0
1326,3,0,0
1327,3,0,0
1328,3,0,0
1329,3,0,0
1330,3,2,1
1331,3,0,0
1332,3,0,0
1333,2,0,0
1334,2,0,0
1335,2,0,0
1336,2,0,0
1337,2,0,0
1338,2,0,0
1339,2,0,0
1340,1,0,0
1341,2,0,0
1342,2,0,0
1343,2,0,0
1344,2,0,0
1345,2,0,0
1346,2,0,0
1347,2,0,0
1348,2,0,0
1349,2,0,0
1350,2,0,0
1351,2,0,0
1352,2,0,0
1353,2,0,0
1354,2,0,0
1355,1,0,0
1356,3,0,0
1357,3,0,0
1358,3,0,0
1359,2,0,0
1360,2,0,0
1361,2,0,0
1362,2,0,0
1363,3,0,0
1364,3,0,0
1365,3,0,0
1366,2,0,0
1367,2,0,0
1368,2,0,0
1369,2,0,0
1370,2,2,1
1371,2,0,0
1372,2,0,0
1373,2,0,0
1374,2,2,1
1375,2,2,1
1376,2,2,1
1377,2,2,1
1378,2,0,0
1379,2,0,0
1380,2,0,0
1381,2,0,0
1382,2,0,0
1383,3,2,1
1384,3,0,0
1385,3,0,0
1386,3,0,0
1387,3,0,0
1388,3,2,1
1389,2,0,0
1390,2,0,0
1391,3,0,0
1392,2,0,0
1393,2,0,0
1394,1,0,0
1395,1,0,0
1396,1,0,0
1397,1,0,0
1398,1,0,0
1399,1,0,0
1400,1,0,0
1401,1,0,0
1402,1,0,0
1403,1,0,0
1404,1,0,0
1405,0,0,0
1406,0,0,0
1407,2,0,0
1408,1,0,0
1409,1,0,0
1410,3,0,0
1411,2,0,0
1412,2,0,0
1413,2,0,0
1414,2,0,0
1415,2,0,0
1416,3,0,0
1417,1,0,0
1418,1,0,0
1419,1,0,0
1420,1,0,0
1421,2,0,0
1422,1,0,0
1423,1,0,0
1424,2,0,0
1425,1,0,0
1426,2,0,0
1427,2,0,0
1428,2,0,0
1429,2,0,0
1430,3,0,0
1431,2,0,0
1432,2,0,0
1433,2,0,0
1434,2,0,0
1435,2,0,0
1436,2,0,0
1437,2,0,0
1438,2,2,1
1439,2,0,0
1440,3,2,1
1441,3,0,0
1442,3,0,0
1443,4,0,0
1444,4,0,0
1445,4,0,0
1446,5,0,0
1447,4,0,0
1448,4,0,0
1449,4,0,0
1450,3,0,0
1451,3,2,1
1452,3,2,1
1453,3,2,1
1454,3,2,1
1455,3,0,0
1456,3,2,1
1457,3,0,0
1458,2,0,0
1459,2,0,0
1460,2,0,0
1461,2,0,0
1462,2,0,0
1463,2,0,0
1464,2,0,0
1465,2,0,0
1466,2,0,0
1467,2,0,0
1468,2,0,0
1469,2,0,0
1470,1,0,0
1471,1,0,0
1472,1,0,0
1473,1,0,0
1474,1,0,0
1475,1,0,0
1476,2,0,0
1477,1,0,0
1478,2,0,0
1479,2,0,0
1480,1,0,0
1481,2,0,0
1482,2,0,0
1483,2,0,0
1484,2,0,0
1485,2,0,0
1486,2,0,0
1487,2,0,0
1488,2,0,0
1489,2,0,0
1490,2,0,0
1491,3,0,0
1492,2,0,0
1493,2,0,0
1494,2,0,0
1495,2,0,0
1496,2,0,0
1497,1,0,0
1498,1,0,0
1499,1,0,0
1500,1,0,0
1501,2,0,0
1502,2,0,0
1503,2,0,0
1504,0,0,0
1505,0,0,0
1506,0,0,0
1507,2,0,0
1508,2,0,0
1509,2,0,0
1510,3,0,0
1511,2,0,0
1512,2,0,0
1513,2,0,0
1514,3,0,0
1515,4,0,0
1516,4,3,2
1517,3,3,2
1518,3,3,2
1519,3,3,3
1520,3,3,2
1521,3,3,2
1522,3,3,2
1523,4,3,2
1524,3,3,3
1525,3,2,1
1526,3,2,1
1527,3,3,2
1528,3,3,2
1529,3,3,2
1530,3,3,2
1531,3,3,3
1532,3,3,3
1533,3,3,2
1534,3,3,2
1535,3,2,1
1536,4,2,1
1537,4,3,2
1538,4,3,2
1539,4,3,2
1540,4,3,2
1541,4,3,3
1542,4,3,2
1543,3,3,2
1544,3,2,1
1545,3,3,3
1546,3,3,2
1547,4,3,3
1548,4,3,2
1549,4,3,3
1550,4,3,2
1551,4,3,3
1552,3,3,3
1553,3,3,3
1554,3,3,3
1555,3,3,3
1556,3,3,3
1557,3,3,3
1558,3,3,3
1559,3,3,2
1560,3,3,3
1561,3,2,1
1562,3,3,2
1563,3,3,2
1564,3,3,2
1565,3,3,3
1566,3,3,3
1567,3,2,1
1568,4,2,1
1569,4,0,0
1570,4,0,0
1571,4,0,0
1572,4,2,1
1573,4,2,1
1574,4,0,0
1575,4,0,0
1576,3,0,0
1577,3,0,0
1578,3,0,0
1579,2,0,0
1580,2,0,0
1581,2,0,0
1582,2,0,0
1583,2,0,0
1584,2,0,0
1585,2,0,0
1586,2,0,0
1587,2,2,1
1588,2,2,1
1589,2,2,1
1590,2,2,1
1591,2,2,1
1592,3,2,1
1593,3,0,0
1594,2,0,0
1595,2,0,0
1596,2,0,0
1597,4,0,0
1598,3,2,1
1599,3,2,1
1600,4,2,1
1601,3,2,1
1602,3,2,1
1603,3,2,1
1604,3,0,0
1605,3,2,1
1606,3,2,1
1607,3,2,1
1608,3,0,0
1609,3,0,0
1610,3,0,0
1611,3,0,0
1612,3,0,0
1613,3,0,0
1614,2,0,0
1615,3,0,0
1616,4,0,0
1617,4,0,0
1618,5,0,0
1619,4,0,0
1620,4,2,1
1621,5,2,1
1622,3,0,0
1623,3,0,0
1624,3,0,0
1625,2,0,0
1626,4,0,0
1627,3,0,0
1628,3,0,0
1629,2,0,0
1630,2,0,0
1631,2,0,0
1632,2,0,0
1633,2,0,0
1634,3,0,0
1635,4,0,0
1636,3,0,0
1637,3,0,0
1638,3,0,0
1639,3,0,0
1640,3,0,0
1641,3,2,1
1642,3,0,0
1643,3,0,0
1644,3,2,1
1645,2,0,0
1646,2,0,0
1647,3,0,0
1648,2,0,0
1649,3,0,0
1650,3,0,0
1651,3,0,0
1652,3,0,0
1653,3,0,0
1654,3,0,0
1655,3,0,0
1656,4,0,0
1657,5,0,0
1658,4,0,0
1659,4,0,0
1660,4,0,0
1661,3,0,0
1662,3,0,0
1663,4,0,0
1664,4,0,0
1665,4,0,0
1666,3,0,0
1667,3,0,0
1668,4,0,0
1669,4,0,0
1670,4,0,0
1671,4,0,0
1672,3,0,0
1673,3,0,0
1674,4,2,1
1675,5,2,1
1676,4,2,1
1677,3,0,0
1678,4,0,0
1679,4,0,0
1680,3,2,1
1681,3,0,0
1682,3,0,0
1683,4,0,0
1684,3,0,0
1685,2,0,0
1686,3,0,0
1687,3,0,0
1688,3,0,0
1689,3,0,0
1690,2,0,0
1691,2,0,0
1692,3,0,0
1693,2,0,0
1694,2,0,0
1695,2,0,0
1696,2,0,0
1697,3,0,0
1698,3,0,0
1699,3,0,0
1700,3,0,0
1701,3,0,0
1702,3,0,0
1703,3,0,0
1704,3,0,0
1705,3,0,0
1706,2,0,0
1707,3,0,0
1708,3,0,0
1709,3,0,0
1710,3,0,0
1711,3,0,0
1712,3,0,0
1713,3,0,0
1714,3,0,0
1715,2,0,0
1716,2,0,0
1717,2,0,0
1718,3,0,0
1719,2,0,0
1720,2,0,0
1721,2,0,0
1722,2,0,0
1723,2,0,0
1724,2,0,0
1725,2,0,0
1726,2,0,0
1727,2,0,0
1728,2,0,0
1729,2,2,1
1730,3,0,0
1731,3,0,0
1732,3,0,0
1733,3,3,2
1734,3,3,3
1735,3,3,2
1736,3,3,2
1737,3,3,2
1738,3,3,3
1739,3,3,3
1740,3,3,3
1741,3,3,3
1742,3,3,3
1743,3,3,3
1744,3,3,2
1745,3,3,3
1746,4,3,3
1747,4,3,3
1748,4,3,2
1749,4,0,0
1750,4,0,0
1751,4,0,0
1752,5,0,0
1753,5,0,0
1754,5,0,0
1755,4,0,0
1756,4,0,0
1757,4,0,0
1758,4,0,0
1759,4,0,0
1760,3,2,1
1761,3,0,0
1762,3,0,0
1763,3,0,0
1764,2,0,0
1765,2,0,0
1766,2,0,0
1767,2,0,0
1768,3,2,1
1769,3,0,0
1770,3,0,0
1771,3,0,0
1772,3,2,1
1773,3,0,0
1774,4,2,1
1775,3,0,0
1776,4,0,0
1777,3,0,0
1778,4,0,0
1779,3,0,0
1780,5,0,0
1781,3,0,0
1782,3,0,0
1783,3,0,0
1784,3,0,0
1785,3,0,0
1786,3,0,0
1787,3,2,1
1788,3,0,0
1789,3,0,0
1790,2,0,0
1791,3,0,0
1792,3,0,0
1793,2,0,0
1794,2,0,0
1795,3,0,0
1796,2,0,0
1797,3,0,0
1798,2,0,0
1799,2,0,0
1800,2,0,0
1801,2,2,1
1802,2,0,0
1803,2,0,0
1804,2,0,0
1805,2,0,0
1806,3,0,0
1807,2,0,0
1808,2,0,0
1809,2,0,0
1810,2,0,0
1811,2,0,0
1812,2,0,0
1813,2,0,0
1814,2,0,0
1815,2,0,0
1816,2,0,0
1817,2,0,0
1818,2,0,0
1819,2,0,0
1820,2,0,0
1821,2,0,0
1822,2,0,0
1823,2,0,0
1824,2,0,0
1825,2,0,0
1826,3,0,0
1827,2,0,0
1828,2,0,0
1829,2,0,0
1830,2,0,0
1831,3,0,0
1832,4,2,1
1833,4,2,1
1834,3,2,1
1835,3,0,0
1836,3,0,0
1837,3,2,1
1838,3,2,1
1839,3,0,0
1840,3,0,0
1841,3,2,1
1842,3,3,2
1843,3,2,1
1844,4,0,0
1845,4,0,0
1846,4,0,0
1847,3,0,0
1848,2,0,0
1849,2,0,0
1850,2,0,0
1851,2,0,0
1852,2,0,0
1853,2,0,0
1854,2,0,0
1855,2,0,0
1856,2,0,0
1857,2,0,0
1858,2,0,0
1859,2,0,0
1860,2,0,0
1861,3,0,0
1862,3,0,0
1863,2,0,0
1864,2,0,0
1865,2,0,0
1866,2,0,0
1867,2,0,0
1868,1,0,0
1869,2,0,0
1870,1,0,0
1871,2,0,0
1872,2,0,0
1873,3,0,0
1874,3,0,0
1875,2,0,0
1876,2,0,0
1877,2,0,0
1878,2,0,0
1879,2,0,0
1880,2,0,0
1881,2,0,0
1882,1,0,0
1883,1,0,0
1884,2,0,0
1885,1,0,0
1886,1,0,0
1887,1,0,0
1888,1,0,0
1889,1,0,0
1890,1,0,0
1891,1,0,0
1892,1,0,0
1893,1,0,0
1894,1,0,0
1895,1,0,0
1896,1,0,0
1897,1,0,0
1898,1,0,0
1899,2,0,0
1900,1,0,0
1901,1,0,0
1902,1,0,0
1903,2,0,0
1904,2,0,0
1905,3,0,0
1906,4,2,1
1907,4,2,1
1908,4,2,1
1909,3,2,1
1910,3,2,1
1911,3,0,0
1912,3,2,1
1913,3,2,1
1914,3,2,1
1915,3,3,2
1916,3,3,2
1917,3,3,2
1918,3,3,3
1919,3,3,2
1920,3,3,3
1921,3,2,1
1922,3,2,1
1923,4,4,3
1924,4,4,3
1925,4,4,5
1926,4,4,5
1927,4,4,5
1928,5,4,5
1929,5,4,5
1930,5,4,5
1931,5,4,5
1932,5,4,5
1933,5,4,5
1934,5,4,4
1935,5,4,4
1936,5,4,4
1937,5,5,6
1938,5,4,5
1939,5,4,4
1940,5,4,4
1941,5,4,5
1942,5,4,4
1943,4,4,4
1944,5,4,5
1945,5,4,4
1946,5,4,4
1947,5,4,3
1948,5,4,4
1949,5,4,5
1950,4,4,5
1951,4,4,4
1952,4,4,5
1953,5,4,5
1954,4,4,4
1955,4,4,3
1956,5,4,4
1957,5,4,4
1958,5,4,5
1959,5,4,5
1960,5,4,5
1961,5,4,5
1962,5,4,5
1963,5,4,5
1964,5,4,5
1965,5,4,4
1966,5,4,4
1967,5,4,5
1968,5,4,4
1969,5,4,5
1970,5,4,5
1971,5,4,5
1972,5,4,5
1973,5,4,4
1974,5,4,4
1975,5,4,3
1976,5,4,5
1977,5,4,4
1978,5,4,3
1979,5,4,4
1980,5,3,2
1981,5,4,5
1982,4,4,4
1983,5,4,5
1984,5,4,5
1985,5,4,5
1986,6,5,6
1987,6,5,7
1988,6,5,7
1989,6,5,6
1990,6,5,7
1991,6,4,5
1992,7,5,5
1993,7,5,7
1994,7,5,7
1995,6,5,7
1996,6,5,7
1997,6,5,6
1998,6,5,7
1999,6,5,7
