0,0,0,0
1,1,0,0
2,1,0,0
3,1,0,0
4,1,0,0
5,3,0,0
6,3,0,0
7,2,0,0
8,3,0,0
9,2,0,0
10,2,0,0
11,1,0,0
12,1,0,0
13,1,0,0
14,1,0,0
15,2,0,0
16,2,0,0
17,2,0,0
18,2,0,0
19,2,0,0
20,2,0,0
21,1,0,0
22,2,0,0
23,2,0,0
24,1,0,0
25,1,0,0
26,1,0,0
27,1,0,0
28,1,0,0
29,1,0,0
30,1,0,0
31,1,0,0
32,1,0,0
33,1,0,0
34,2,0,0
35,2,0,0
36,3,0,0
37,3,0,0
38,1,0,0
39,1,0,0
40,2,0,0
41,1,0,0
42,2,0,0
43,2,0,0
44,2,0,0
45,2,0,0
46,2,0,0
47,2,0,0
48,2,0,0
49,2,0,0
50,3,2,1
51,2,2,1
52,2,0,0
53,2,0,0
54,2,0,0
55,2,0,0
56,2,0,0
57,2,0,0
58,2,0,0
59,2,0,0
60,2,0,0
61,3,0,0
62,2,0,0
63,2,0,0
64,2,2,1
65,3,2,1
66,2,2,1
67,2,0,0
68,2,0,0
69,2,0,0
70,2,0,0
71,2,0,0
72,2,0,0
73,3,0,0
74,3,0,0
75,3,0,0
76,3,0,0
77,3,0,0
78,3,0,0
79,3,0,0
80,3,0,0
81,2,0,0
82,2,0,0
83,3,0,0
84,3,0,0
85,2,0,0
86,3,0,0
87,3,0,0
88,3,0,0
89,3,0,0
90,3,0,0
91,3,0,0
92,3,0,0
93,3,0,0
94,3,0,0
95,3,0,0
96,3,0,0
97,3,0,0
98,2,0,0
99,2,0,0
100,2,0,0
101,2,0,0
102,2,0,0
103,2,0,0
104,2,0,0
105,2,0,0
106,2,0,0
107,2,0,0
108,2,0,0
109,2,0,0
110,2,0,0
111,3,0,0
112,3,0,0
113,4,0,0
114,2,0,0
115,2,0,0
116,3,0,0
117,2,0,0
118,3,2,1
119,3,2,1
120,3,0,0
121,3,0,0
122,3,0,0
123,3,0,0
124,3,0,0
125,3,0,0
126,3,0,0
127,3,0,0
128,3,0,0
129,3,0,0
130,3,0,0
131,4,2,1
132,3,0,0
133,3,0,0
134,4,0,0
135,4,0,0
136,4,0,0
137,4,0,0
138,4,0,0
139,4,0,0
140,4,0,0
141,4,0,0
142,4,0,0
143,4,2,1
144,4,2,1
145,4,2,1
146,4,0,0
147,4,2,1
148,4,0,0
149,5,2,1
150,5,2,1
151,5,2,1
152,5,2,1
153,5,2,1
154,5,0,0
155,5,0,0
156,5,0,0
157,5,0,0
158,4,0,0
159,4,0,0
160,4,0,0
161,5,2,1
162,6,2,1
163,6,0,0
164,6,2,1
165,5,2,1
166,6,2,1
167,5,2,1
168,5,3,2
169,5,2,1
170,5,0,0
171,5,2,1
172,5,2,1
173,4,3,2
174,4,2,1
175,4,0,0
176,5,2,1
177,4,2,1
178,4,0,0
179,4,2,1
180,4,0,0
181,4,2,1
182,2,0,0
183,1,0,0
184,1,0,0
185,1,0,0
186,1,0,0
187,2,0,0
188,1,0,0
189,1,0,0
190,3,0,0
191,2,0,0
192,2,0,0
193,2,0,0
194,1,0,0
195,1,0,0
196,2,0,0
197,2,0,0
198,2,0,0
199,2,0,0
200,2,0,0
201,2,0,0
202,2,0,0
203,2,0,0
204,2,2,1
205,2,2,1
206,2,2,1
207,2,2,1
208,2,2,1
209,2,0,0
210,2,0,0
211,3,0,0
212,3,0,0
213,3,0,0
214,2,0,0
215,2,0,0
216,2,0,0
217,2,0,0
218,2,0,0
219,2,0,0
220,2,0,0
221,2,0,0
222,2,0,0
223,2,0,0
224,1,0,0
225,1,0,0
226,1,0,0
227,1,0,0
228,1,0,0
229,1,0,0
230,1,0,0
231,1,0,0
232,2,0,0
233,2,0,0
234,2,0,0
235,2,0,0
236,2,0,0
237,2,0,0
238,3,0,0
239,3,0,0
240,4,3,3
241,4,3,2
242,3,2,1
243,3,3,2
244,3,3,2
245,3,3,3
246,3,3,2
247,3,3,3
248,3,2,1
249,3,3,2
250,3,3,2
251,3,3,2
252,3,3,3
253,3,3,3
254,3,3,3
255,3,0,0
256,3,0,0
257,3,0,0
258,3,0,0
259,3,0,0
260,3,0,0
261,3,0,0
262,3,0,0
263,3,0,0
264,3,0,0
265,3,0,0
266,3,0,0
267,3,0,0
268,3,0,0
269,2,0,0
270,3,0,0
271,3,0,0
272,2,0,0
273,2,0,0
274,2,0,0
275,2,0,0
276,2,2,1
277,2,0,0
278,1,0,0
279,1,0,0
280,1,0,0
281,1,0,0
282,1,0,0
283,1,0,0
284,1,0,0
285,2,0,0
286,2,0,0
287,2,0,0
288,2,0,0
289,2,0,0
290,2,0,0
291,2,0,0
292,2,0,0
293,2,0,0
294,2,0,0
295,2,0,0
296,2,0,0
297,2,0,0
298,2,0,0
299,2,0,0
300,2,0,0
301,2,0,0
302,2,0,0
303,2,0,0
304,2,0,0
305,2,0,0
306,1,0,0
307,1,0,0
308,1,0,0
309,1,0,0
310,2,0,0
311,2,0,0
312,2,0,0
313,2,0,0
314,2,0,0
315,2,0,0
316,2,0,0
317,3,0,0
318,2,0,0
319,2,0,0
320,3,0,0
321,3,0,0
322,3,0,0
323,3,0,0
324,3,0,0
325,3,0,0
326,3,0,0
327,3,0,0
328,3,0,0
329,3,0,0
330,3,2,1
331,2,0,0
332,3,0,0
333,4,0,0
334,4,0,0
335,4,0,0
336,4,0,0
337,4,2,1
338,4,0,0
339,4,2,1
340,5,0,0
341,5,0,0
342,5,0,0
343,5,2,1
344,5,0,0
345,5,0,0
346,3,0,0
347,4,0,0
348,3,0,0
349,3,0,0
350,4,2,1
351,2,0,0
352,2,0,0
353,2,0,0
354,2,0,0
355,2,0,0
356,3,0,0
357,2,0,0
358,2,0,0
359,2,0,0
360,2,0,0
361,3,0,0
362,3,0,0
363,4,2,1
364,3,0,0
365,3,0,0
366,2,0,0
367,2,0,0
368,2,0,0
369,2,0,0
370,2,0,0
371,2,0,0
372,3,0,0
373,3,0,0
374,3,0,0
375,3,0,0
376,3,2,1
377,4,0,0
378,3,0,0
379,4,0,0
380,3,0,0
381,3,0,0
382,3,0,0
383,3,0,0
384,2,0,0
385,3,2,1
386,3,0,0
387,3,0,0
388,3,0,0
389,3,0,0
390,3,0,0
391,3,0,0
392,3,0,0
393,3,0,0
394,3,0,0
395,2,0,0
396,2,0,0
397,2,0,0
398,2,0,0
399,2,0,0
400,3,0,0
401,4,2,1
402,4,2,1
403,3,0,0
404,2,0,0
405,3,0,0
406,2,0,0
407,2,0,0
408,2,0,0
409,2,0,0
410,2,0,0
411,2,0,0
412,4,0,0
413,1,0,0
414,2,0,0
415,2,0,0
416,2,0,0
417,1,0,0
418,1,0,0
419,2,0,0
420,1,0,0
421,2,0,0
422,1,0,0
423,1,0,0
424,1,0,0
425,1,0,0
426,2,0,0
427,2,0,0
428,2,0,0
429,2,0,0
430,2,0,0
431,2,0,0
432,3,0,0
433,3,0,0
434,3,0,0
435,3,0,0
436,3,0,0
437,3,0,0
438,3,0,0
439,4,0,0
440,3,0,0
441,3,0,0
442,3,0,0
443,2,0,0
444,3,0,0
445,3,0,0
446,3,0,0
447,2,2,1
448,2,2,1
449,3,2,1
450,4,3,2
451,4,3,2
452,4,2,1
453,4,0,0
454,5,2,1
455,4,0,0
456,4,0,0
457,4,0,0
458,3,0,0
459,3,0,0
460,4,0,0
461,4,2,1
462,4,0,0
463,5,0,0
464,4,0,0
465,5,2,1
466,4,0,0
467,4,2,1
468,4,0,0
469,4,0,0
470,4,0,0
471,4,2,1
472,3,2,1
473,3,0,0
474,3,0,0
475,4,0,0
476,3,0,0
477,4,0,0
478,3,0,0
479,3,2,1
480,3,0,0
481,3,0,0
482,3,0,0
483,3,2,1
484,3,3,2
485,3,3,2
486,3,2,1
487,3,2,1
488,3,0,0
489,3,0,0
490,3,0,0
491,3,0,0
492,4,0,0
493,3,0,0
494,3,0,0
495,3,3,2
496,3,0,0
497,3,0,0
498,3,0,0
499,3,0,0
500,3,0,0
501,2,0,0
502,2,0,0
503,2,0,0
504,2,0,0
505,2,0,0
506,2,0,0
507,2,0,0
508,2,0,0
509,2,0,0
510,3,2,1
511,3,0,0
512,4,0,0
513,3,0,0
514,3,0,0
515,3,0,0
516,3,0,0
517,2,0,0
518,2,0,0
519,2,0,0
520,3,0,0
521,2,0,0
522,3,2,1
523,3,0,0
524,3,0,0
525,2,0,0
526,2,0,0
527,1,0,0
528,1,0,0
529,0,0,0
530,1,0,0
531,2,0,0
532,2,0,0
533,2,0,0
534,2,0,0
535,1,0,0
536,1,0,0
537,1,0,0
538,1,0,0
539,1,0,0
540,1,0,0
541,1,0,0
542,1,0,0
543,1,0,0
544,1,0,0
545,1,0,0
546,0,0,0
547,1,0,0
548,1,0,0
549,1,0,0
550,1,0,0
551,1,0,0
552,2,0,0
553,2,0,0
554,2,0,0
555,3,0,0
556,3,0,0
557,3,0,0
558,2,0,0
559,2,2,1
560,2,0,0
561,2,0,0
562,3,0,0
563,3,0,0
564,3,0,0
565,3,0,0
566,3,0,0
567,3,0,0
568,3,0,0
569,3,0,0
570,3,0,0
571,3,0,0
572,3,0,0
573,3,0,0
574,3,2,1
575,3,0,0
576,3,0,0
577,3,2,1
578,3,0,0
579,3,0,0
580,3,0,0
581,3,0,0
582,3,0,0
583,3,0,0
584,4,0,0
585,4,0,0
586,3,0,0
587,3,0,0
588,3,0,0
589,3,0,0
590,2,0,0
591,2,0,0
592,2,0,0
593,2,0,0
594,2,0,0
595,2,0,0
596,2,0,0
597,2,0,0
598,2,0,0
599,2,0,0
600,3,0,0
601,3,0,0
602,3,0,0
603,3,0,0
604,3,0,0
605,3,0,0
606,2,0,0
607,2,0,0
608,2,0,0
609,2,0,0
610,1,0,0
611,1,0,0
612,2,0,0
613,2,0,0
614,1,0,0
615,1,0,0
616,2,0,0
617,3,0,0
618,1,0,0
619,1,0,0
620,2,0,0
621,1,0,0
622,2,0,0
623,1,0,0
624,1,0,0
625,1,0,0
626,1,0,0
627,1,0,0
628,3,0,0
629,0,0,0
630,0,0,0
631,0,0,0
632,0,0,0
633,0,0,0
634,1,0,0
635,2,0,0
636,1,0,0
637,1,0,0
638,2,0,0
639,1,0,0
640,1,0,0
641,2,0,0
642,1,0,0
643,1,0,0
644,3,0,0
645,1,0,0
646,2,0,0
647,2,0,0
648,5,2,1
649,4,0,0
650,4,2,1
651,4,0,0
652,4,0,0
653,2,0,0
654,2,0,0
655,2,0,0
656,2,0,0
657,3,0,0
658,4,3,2
659,4,3,2
660,4,3,2
661,5,3,2
662,5,3,2
663,4,3,2
664,5,3,2
665,4,2,1
666,4,2,1
667,5,2,1
668,5,2,1
669,5,0,0
670,3,0,0
671,3,0,0
672,3,0,0
673,3,2,1
674,3,3,2
675,2,0,0
676,2,2,1
677,3,0,0
678,2,0,0
679,2,0,0
680,2,0,0
681,1,0,0
682,3,0,0
683,2,0,0
684,2,0,0
685,2,0,0
686,2,0,0
687,1,0,0
688,1,0,0
689,2,0,0
690,1,0,0
691,2,0,0
692,2,0,0
693,2,0,0
694,1,0,0
695,1,0,0
696,1,0,0
697,1,0,0
698,1,0,0
699,1,0,0
700,1,0,0
701,1,0,0
702,2,0,0
703,2,0,0
704,2,0,0
705,3,0,0
706,3,0,0
707,3,0,0
708,3,0,0
709,4,0,0
710,2,0,0
711,3,0,0
712,2,0,0
713,1,0,0
714,2,0,0
715,1,0,0
716,1,0,0
717,2,0,0
718,1,0,0
719,1,0,0
720,1,0,0
721,1,0,0
722,1,0,0
723,2,0,0
724,2,0,0
725,2,0,0
726,3,0,0
727,3,0,0
728,3,2,1
729,3,2,1
730,3,0,0
731,3,0,0
732,3,0,0
733,2,0,0
734,3,0,0
735,2,0,0
736,3,0,0
737,2,0,0
738,3,0,0
739,2,0,0
740,2,0,0
741,2,0,0
742,3,0,0
743,2,0,0
744,2,0,0
745,2,0,0
746,2,0,0
747,1,0,0
748,1,0,0
749,3,0,0
750,1,0,0
751,2,0,0
752,3,0,0
753,3,0,0
754,3,0,0
755,3,0,0
756,3,0,0
757,2,0,0
758,2,0,0
759,2,0,0
760,2,0,0
761,2,0,0
762,2,0,0
763,1,0,0
764,1,0,0
765,1,0,0
766,2,0,0
767,2,0,0
768,2,0,0
769,2,0,0
770,2,0,0
771,2,0,0
772,2,0,0
773,2,0,0
774,2,0,0
775,3,0,0
776,2,0,0
777,3,0,0
778,3,0,0
779,3,0,0
780,3,2,1
781,3,2,1
782,2,0,0
783,2,0,0
784,2,0,0
785,3,0,0
786,3,0,0
787,3,0,0
788,3,0,0
789,3,0,0
790,3,0,0
791,3,0,0
792,3,0,0
793,3,0,0
794,3,0,0
795,3,0,0
796,3,0,0
797,3,0,0
798,3,0,0
799,3,0,0
800,3,0,0
801,3,0,0
802,3,2,1
803,3,3,3
804,3,3,2
805,3,3,3
806,3,3,2
807,3,2,1
808,3,3,3
809,3,3,2
810,3,3,3
811,3,3,2
812,3,3,3
813,3,3,3
814,3,3,2
815,3,3,2
816,3,3,2
817,3,3,2
818,3,0,0
819,3,3,3
820,3,0,0
821,3,0,0
822,3,0,0
823,3,0,0
824,4,0,0
825,4,0,0
826,4,2,1
827,3,0,0
828,3,0,0
829,3,0,0
830,4,2,1
831,3,0,0
832,3,0,0
833,3,2,1
834,3,3,2
835,3,3,3
836,3,3,2
837,3,3,3
838,4,0,0
839,3,0,0
840,3,0,0
841,4,0,0
842,4,2,1
843,4,0,0
844,4,0,0
845,3,0,0
846,3,0,0
847,4,0,0
848,3,0,0
849,4,0,0
850,4,0,0
851,3,0,0
852,3,2,1
853,3,0,0
854,4,0,0
855,4,0,0
856,4,2,1
857,4,0,0
858,4,0,0
859,4,0,0
860,4,0,0
861,4,0,0
862,3,0,0
863,4,0,0
864,4,2,1
865,4,0,0
866,4,0,0
867,4,0,0
868,3,0,0
869,3,0,0
870,3,0,0
871,3,0,0
872,3,0,0
873,3,0,0
874,2,0,0
875,2,0,0
876,2,0,0
877,2,2,1
878,2,0,0
879,2,2,1
880,2,0,0
881,2,0,0
882,2,0,0
883,2,0,0
884,1,0,0
885,1,0,0
886,2,0,0
887,1,0,0
888,1,0,0
889,1,0,0
890,1,0,0
891,1,0,0
892,1,0,0
893,1,0,0
894,1,0,0
895,0,0,0
896,0,0,0
897,0,0,0
898,0,0,0
899,0,0,0
900,0,0,0
901,0,0,0
902,1,0,0
903,1,0,0
904,0,0,0
905,2,0,0
906,1,0,0
907,1,0,0
908,1,0,0
909,1,0,0
910,1,0,0
911,1,0,0
912,1,0,0
913,1,0,0
914,2,0,0
915,3,0,0
916,2,0,0
917,2,0,0
918,1,0,0
919,1,0,0
920,1,0,0
921,1,0,0
922,1,0,0
923,1,0,0
924,1,0,0
925,1,0,0
926,1,0,0
927,1,0,0
928,1,0,0
929,1,0,0
930,1,0,0
931,2,0,0
932,3,0,0
933,2,0,0
934,2,0,0
935,2,0,0
936,2,0,0
937,2,0,0
938,2,0,0
939,2,0,0
940,3,0,0
941,2,0,0
942,2,0,0
943,2,0,0
944,2,0,0
945,2,0,0
946,2,0,0
947,2,0,0
948,2,0,0
949,2,0,0
950,2,0,0
951,2,0,0
952,1,0,0
953,1,0,0
954,1,0,0
955,2,0,0
956,1,0,0
957,1,0,0
958,1,0,0
959,2,0,0
960,1,0,0
961,2,0,0
962,2,0,0
963,2,0,0
964,2,0,0
965,2,0,0
966,2,0,0
967,2,0,0
968,2,0,0
969,2,0,0
970,2,0,0
971,3,0,0
972,3,0,0
973,3,0,0
974,3,0,0
975,2,0,0
976,2,0,0
977,3,0,0
978,2,0,0
979,1,0,0
980,1,0,0
981,1,0,0
982,1,0,0
983,1,0,0
984,1,0,0
985,1,0,0
986,1,0,0
987,1,0,0
988,1,0,0
989,1,0,0
990,1,0,0
991,1,0,0
992,1,0,0
993,2,0,0
994,1,0,0
995,1,0,0
996,1,0,0
997,1,0,0
998,2,0,0
999,1,0,0
1000,1,0,0
1001,2,0,0
1002,2,0,0
1003,2,0,0
1004,1,0,0
1005,1,0,0
1006,1,0,0
1007,1,0,0
1008,2,0,0
1009,1,0,0
1010,2,0,0
1011,2,0,0
1012,2,0,0
1013,1,0,0
1014,3,0,0
1015,3,0,0
1016,3,0,0
1017,3,0,0
1018,4,0,0
1019,4,0,0
1020,3,0,0
1021,3,0,0
1022,3,0,0
1023,3,2,1
1024,3,0,0
1025,3,0,0
1026,3,0,0
1027,3,0,0
1028,3,0,0
1029,3,0,0
1030,3,2,1
1031,2,0,0
1032,2,0,0
1033,3,0,0
1034,2,0,0
1035,2,0,0
1036,3,0,0
1037,3,2,1
1038,3,0,0
1039,3,0,0
1040,3,2,1
1041,3,0,0
1042,3,0,0
1043,2,0,0
1044,3,0,0
1045,3,0,0
1046,2,0,0
1047,2,0,0
1048,1,0,0
1049,2,0,0
1050,2,0,0
1051,2,0,0
1052,2,0,0
1053,3,0,0
1054,3,0,0
1055,3,0,0
1056,3,0,0
1057,3,0,0
1058,4,2,1
1059,3,0,0
1060,3,0,0
1061,2,0,0
1062,4,0,0
1063,3,0,0
1064,3,0,0
1065,3,0,0
1066,2,0,0
1067,2,0,0
1068,3,0,0
1069,3,0,0
1070,3,0,0
1071,3,0,0
1072,3,0,0
1073,3,0,0
1074,2,0,0
1075,2,0,0
1076,2,0,0
1077,2,0,0
1078,2,0,0
1079,3,0,0
1080,3,0,0
1081,3,2,1
1082,3,0,0
1083,3,0,0
1084,3,0,0
1085,3,0,0
1086,3,0,0
1087,3,0,0
1088,3,0,0
1089,3,0,0
1090,3,0,0
1091,3,2,1
1092,3,2,1
1093,3,2,1
1094,3,0,0
1095,3,0,0
1096,3,0,0
1097,3,0,0
1098,4,2,1
1099,3,0,0
1100,3,2,1
1101,3,0,0
1102,4,0,0
1103,3,2,1
1104,3,2,1
1105,3,2,1
1106,3,0,0
1107,3,0,0
1108,1,0,0
1109,1,0,0
1110,1,0,0
1111,1,0,0
1112,1,0,0
1113,1,0,0
1114,2,0,0
1115,2,0,0
1116,2,0,0
1117,2,0,0
1118,2,0,0
1119,2,0,0
1120,3,0,0
1121,3,0,0
1122,2,0,0
1123,3,0,0
1124,2,0,0
1125,2,0,0
1126,2,0,0
1127,2,0,0
1128,2,0,0
1129,2,0,0
1130,2,0,0
1131,2,0,0
1132,2,0,0
1133,2,0,0
1134,2,0,0
1135,2,0,0
1136,2,0,0
1137,2,0,0
1138,2,0,0
1139,2,0,0
1140,2,0,0
1141,2,0,0
1142,2,0,0
1143,3,0,0
1144,4,0,0
1145,3,0,0
1146,3,0,0
1147,3,0,0
1148,4,0,0
1149,3,0,0
1150,3,0,0
1151,2,0,0
1152,2,0,0
1153,2,0,0
1154,2,0,0
1155,2,0,0
1156,2,0,0
1157,2,0,0
1158,2,0,0
1159,2,0,0
1160,2,0,0
1161,2,0,0
1162,2,0,0
1163,2,0,0
1164,2,0,0
1165,2,0,0
1166,2,0,0
1167,1,0,0
1168,2,0,0
1169,1,0,0
1170,1,0,0
1171,1,0,0
1172,1,0,0
1173,1,0,0
1174,1,0,0
1175,2,0,0
1176,2,0,0
1177,2,0,0
1178,3,0,0
1179,2,0,0
1180,2,0,0
1181,2,0,0
1182,2,0,0
1183,2,0,0
1184,2,2,1
1185,2,0,0
1186,2,0,0
1187,2,0,0
1188,2,0,0
1189,1,0,0
1190,1,0,0
1191,2,0,0
1192,2,0,0
1193,2,0,0
1194,3,0,0
1195,3,0,0
1196,3,0,0
1197,3,0,0
1198,2,0,0
1199,2,0,0
1200,2,0,0
1201,2,0,0
1202,2,0,0
1203,3,0,0
1204,2,0,0
1205,2,0,0
1206,2,0,0
1207,2,0,0
1208,1,0,0
1209,1,0,0
1210,2,0,0
1211,2,0,0
1212,2,0,0
1213,2,0,0
1214,2,0,0
1215,3,0,0
1216,3,0,0
1217,3,0,0
1218,3,0,0
1219,3,0,0
1220,3,0,0
1221,3,0,0
1222,3,0,0
1223,4,0,0
1224,3,0,0
1225,3,2,1
1226,3,0,0
1227,3,0,0
1228,3,0,0
1229,3,2,1
1230,3,2,1
1231,3,2,1
1232,3,2,1
1233,2,2,1
1234,2,2,1
1235,2,2,1
1236,2,0,0
1237,2,0,0
1238,2,0,0
1239,2,0,0
1240,2,2,1
1241,2,2,1
1242,3,0,0
1243,3,0,0
1244,2,0,0
1245,2,0,0
1246,2,0,0
1247,2,0,0
1248,3,0,0
1249,4,0,0
1250,2,0,0
1251,2,0,0
1252,2,0,0
1253,2,0,0
1254,2,0,0
1255,2,0,0
1256,2,0,0
1257,2,0,0
1258,2,0,0
1259,2,0,0
1260,1,0,0
1261,1,0,0
1262,2,0,0
1263,1,0,0
1264,1,0,0
1265,2,0,0
1266,1,0,0
1267,1,0,0
1268,1,0,0
1269,1,0,0
1270,1,0,0
1271,1,0,0
1272,2,0,0
1273,2,2,1
1274,2,0,0
1275,2,0,0
1276,2,0,0
1277,2,0,0
1278,1,0,0
1279,1,0,0
1280,2,2,1
1281,2,2,1
1282,2,0,0
1283,2,0,0
1284,2,0,0
1285,3,0,0
1286,2,0,0
1287,2,0,0
1288,2,0,0
1289,2,0,0
1290,2,0,0
1291,2,0,0
1292,2,0,0
1293,3,0,0
1294,3,0,0
1295,3,0,0
1296,3,0,0
1297,3,0,0
1298,3,0,0
1299,4,2,1
1300,2,0,0
1301,3,0,0
1302,3,2,1
1303,3,0,0
1304,3,0,0
1305,3,0,0
1306,4,0,0
1307,3,0,0
1308,3,0,0
1309,3,0,0
1310,2,0,0
1311,2,0,0
1312,2,0,0
1313,2,0,0
1314,2,0,0
1315,3,0,0
1316,3,0,0
1317,3,0,0
1318,3,2,1
1319,3,3,2
1320,3,0,0
1321,3,2,1
1322,3,2,1
1323,3,2,1
1324,3,2,1
1325,3,2,1
1326,3,2,1
1327,3,2,1
1328,2,0,0
1329,3,0,0
1330,3,0,0
1331,3,0,0
1332,3,0,0
1333,3,0,0
1334,3,0,0
1335,3,0,0
1336,3,2,1
1337,3,0,0
1338,3,2,1
1339,3,0,0
1340,3,0,0
1341,1,0,0
1342,1,0,0
1343,1,0,0
1344,2,0,0
1345,2,0,0
1346,2,0,0
1347,2,0,0
1348,2,0,0
1349,3,0,0
1350,3,0,0
1351,3,0,0
1352,3,0,0
1353,3,0,0
1354,3,0,0
1355,3,0,0
1356,3,0,0
1357,3,2,1
1358,3,3,3
1359,3,3,3
1360,3,3,2
1361,3,3,2
1362,3,3,3
1363,3,3,2
1364,3,3,3
1365,3,3,2
1366,3,3,3
1367,3,3,3
1368,3,3,2
1369,4,3,3
1370,4,3,3
1371,5,3,3
1372,5,4,3
1373,5,4,3
1374,4,3,2
1375,4,3,2
1376,5,3,3
1377,4,3,2
1378,5,2,1
1379,5,2,1
1380,5,2,1
1381,5,3,3
1382,5,3,2
1383,5,2,1
1384,5,4,4
1385,5,2,1
1386,4,0,0
1387,4,0,0
1388,4,0,0
1389,5,0,0
1390,4,3,2
1391,4,2,1
1392,4,0,0
1393,4,0,0
1394,4,0,0
1395,3,0,0
1396,3,0,0
1397,3,0,0
1398,3,0,0
1399,3,0,0
1400,5,0,0
1401,4,0,0
1402,4,0,0
1403,4,2,1
1404,4,2,1
1405,3,2,1
1406,2,2,1
1407,2,2,1
1408,3,0,0
1409,3,0,0
1410,2,0,0
1411,2,0,0
1412,2,0,0
1413,2,0,0
1414,2,0,0
1415,3,2,1
1416,3,2,1
1417,3,2,1
1418,3,2,1
1419,3,2,1
1420,3,0,0
1421,3,0,0
1422,2,0,0
1423,3,0,0
1424,3,0,0
1425,4,0,0
1426,4,0,0
1427,4,0,0
1428,4,0,0
1429,4,0,0
1430,4,0,0
1431,4,0,0
1432,3,0,0
1433,4,3,3
1434,4,4,4
1435,5,4,5
1436,4,4,4
1437,5,4,4
1438,4,4,4
1439,4,4,5
1440,4,4,3
1441,4,4,4
1442,4,4,4
1443,4,4,5
1444,4,4,4
1445,4,4,4
1446,4,4,5
1447,4,4,3
1448,4,4,4
1449,3,3,2
1450,4,4,4
1451,4,4,4
1452,4,4,4
1453,4,3,3
1454,4,3,3
1455,4,3,3
1456,4,3,2
1457,4,3,3
1458,4,3,3
1459,3,3,3
1460,4,3,2
1461,4,3,2
1462,4,2,1
1463,4,3,2
1464,4,2,1
1465,4,2,1
1466,4,2,1
1467,4,3,2
1468,3,2,1
1469,3,2,1
1470,3,0,0
1471,3,0,0
1472,3,0,0
1473,3,0,0
1474,3,2,1
1475,3,2,1
1476,3,2,1
1477,3,2,1
1478,3,2,1
1479,3,0,0
1480,3,0,0
1481,3,0,0
1482,3,0,0
1483,3,0,0
1484,3,0,0
1485,3,0,0
1486,3,0,0
1487,3,0,0
1488,3,0,0
1489,3,0,0
1490,2,0,0
1491,2,0,0
1492,3,0,0
1493,3,0,0
1494,3,2,1
1495,2,0,0
1496,3,0,0
1497,3,0,0
1498,3,0,0
1499,3,0,0
1500,3,0,0
1501,2,0,0
1502,2,0,0
1503,2,0,0
1504,2,0,0
1505,1,0,0
1506,0,0,0
1507,0,0,0
1508,1,0,0
1509,2,0,0
1510,2,0,0
1511,2,0,0
1512,2,0,0
1513,3,0,0
1514,2,0,0
1515,1,0,0
1516,1,0,0
1517,1,0,0
1518,1,0,0
1519,1,0,0
1520,2,0,0
1521,1,0,0
1522,2,0,0
1523,2,0,0
1524,2,0,0
1525,2,0,0
1526,2,0,0
1527,2,0,0
1528,2,0,0
1529,2,0,0
1530,2,0,0
1531,2,0,0
1532,2,2,1
1533,2,2,1
1534,3,0,0
1535,3,0,0
1536,3,0,0
1537,3,0,0
1538,3,0,0
1539,3,0,0
1540,3,0,0
1541,3,0,0
1542,3,0,0
1543,3,0,0
1544,3,0,0
1545,3,0,0
1546,3,0,0
1547,3,0,0
1548,3,0,0
1549,3,0,0
1550,3,0,0
1551,3,0,0
1552,3,0,0
1553,3,0,0
1554,3,0,0
1555,3,2,1
1556,3,2,1
1557,3,2,1
1558,3,2,1
1559,3,2,1
1560,3,0,0
1561,3,0,0
1562,3,0,0
1563,3,0,0
1564,3,0,0
1565,3,0,0
1566,3,0,0
1567,3,0,0
1568,3,0,0
1569,3,0,0
1570,3,0,0
1571,3,0,0
1572,3,0,0
1573,3,0,0
1574,3,0,0
1575,3,0,0
1576,2,0,0
1577,3,2,1
1578,3,0,0
1579,2,0,0
1580,2,0,0
1581,2,2,1
1582,2,2,1
1583,2,0,0
1584,3,2,1
1585,3,2,1
1586,3,0,0
1587,5,0,0
1588,4,0,0
1589,4,0,0
1590,3,0,0
1591,4,2,1
1592,4,3,2
1593,3,3,3
1594,3,3,2
1595,3,3,2
1596,4,4,3
1597,4,3,3
1598,3,2,1
1599,3,3,2
1600,3,3,3
1601,3,3,3
1602,4,3,3
1603,3,3,3
1604,3,3,2
1605,3,3,3
1606,3,3,2
1607,3,3,3
1608,3,3,3
1609,3,3,2
1610,3,3,2
1611,3,3,3
1612,3,3,3
1613,3,3,3
1614,3,3,3
1615,3,3,3
1616,3,3,2
1617,3,3,2
1618,3,3,3
1619,3,2,1
1620,3,3,3
1621,3,3,2
1622,3,3,2
1623,3,3,3
1624,3,3,3
1625,3,3,2
1626,3,3,2
1627,3,3,2
1628,3,3,3
1629,3,3,3
1630,3,3,3
1631,3,3,3
1632,3,3,3
1633,3,3,2
1634,3,3,2
1635,3,3,3
1636,4,3,3
1637,4,3,3
1638,4,3,3
1639,3,2,1
1640,3,2,1
1641,4,2,1
1642,4,0,0
1643,3,0,0
1644,3,0,0
1645,3,0,0
1646,3,0,0
1647,3,0,0
1648,2,0,0
1649,3,0,0
1650,2,0,0
1651,2,0,0
1652,2,0,0
1653,2,0,0
1654,3,0,0
1655,2,0,0
1656,2,0,0
1657,2,0,0
1658,1,0,0
1659,1,0,0
1660,1,0,0
1661,1,0,0
1662,1,0,0
1663,1,0,0
1664,1,0,0
1665,1,0,0
1666,1,0,0
1667,1,0,0
1668,1,0,0
1669,1,0,0
1670,1,0,0
1671,1,0,0
1672,1,0,0
1673,2,0,0
1674,1,0,0
1675,0,0,0
1676,1,0,0
1677,1,0,0
1678,1,0,0
1679,1,0,0
1680,1,0,0
1681,1,0,0
1682,1,0,0
1683,1,0,0
1684,2,0,0
1685,2,0,0
1686,2,0,0
1687,2,0,0
1688,2,0,0
1689,2,0,0
1690,1,0,0
1691,1,0,0
1692,1,0,0
1693,1,0,0
1694,2,0,0
1695,2,0,0
1696,1,0,0
1697,2,0,0
1698,1,0,0
1699,1,0,0
1700,2,0,0
1701,1,0,0
1702,1,0,0
1703,2,0,0
1704,2,0,0
1705,2,0,0
1706,3,0,0
1707,3,0,0
1708,3,0,0
1709,3,0,0
1710,3,0,0
1711,3,0,0
1712,3,0,0
1713,3,0,0
1714,2,0,0
1715,2,0,0
1716,2,0,0
1717,2,0,0
1718,2,0,0
1719,3,0,0
1720,2,0,0
1721,2,0,0
1722,2,0,0
1723,2,0,0
1724,2,0,0
1725,1,0,0
1726,2,0,0
1727,2,0,0
1728,2,0,0
1729,1,0,0
1730,1,0,0
1731,1,0,0
1732,2,0,0
1733,2,0,0
1734,2,0,0
1735,2,0,0
1736,2,0,0
1737,2,0,0
1738,2,0,0
1739,2,0,0
1740,2,0,0
1741,2,0,0
1742,2,0,0
1743,2,2,1
1744,2,0,0
1745,2,2,1
1746,2,0,0
1747,2,0,0
1748,2,0,0
1749,2,0,0
1750,2,0,0
1751,1,0,0
1752,3,0,0
1753,2,0,0
1754,2,0,0
1755,2,0,0
1756,2,0,0
1757,2,0,0
1758,2,0,0
1759,2,0,0
1760,2,0,0
1761,2,0,0
1762,2,0,0
1763,3,2,1
1764,3,0,0
1765,3,0,0
1766,3,0,0
1767,3,0,0
1768,3,0,0
1769,3,0,0
1770,2,0,0
1771,2,0,0
1772,2,0,0
1773,4,0,0
1774,4,2,1
1775,4,0,0
1776,5,0,0
1777,3,0,0
1778,3,0,0
1779,3,0,0
1780,2,0,0
1781,2,0,0
1782,2,0,0
1783,3,0,0
1784,3,0,0
1785,3,0,0
1786,3,0,0
1787,3,0,0
1788,3,0,0
1789,3,0,0
1790,3,0,0
1791,3,0,0
1792,3,0,0
1793,3,0,0
1794,3,0,0
1795,3,0,0
1796,3,0,0
1797,3,0,0
1798,3,0,0
1799,3,0,0
1800,2,0,0
1801,2,0,0
1802,2,0,0
1803,2,0,0
1804,2,0,0
1805,2,0,0
1806,2,0,0
1807,2,0,0
1808,2,0,0
1809,2,0,0
1810,2,0,0
1811,2,2,1
1812,2,2,1
1813,3,0,0
1814,3,0,0
1815,3,0,0
1816,4,0,0
1817,3,0,0
1818,3,0,0
1819,3,0,0
1820,3,0,0
1821,3,0,0
1822,3,0,0
1823,3,0,0
1824,4,0,0
1825,3,2,1
1826,3,2,1
1827,3,2,1
1828,3,0,0
1829,3,0,0
1830,3,0,0
1831,3,0,0
1832,3,0,0
1833,3,0,0
1834,4,0,0
1835,3,0,0
1836,3,0,0
1837,4,2,1
1838,4,0,0
1839,4,0,0
1840,4,0,0
1841,4,0,0
1842,4,0,0
1843,4,2,1
1844,4,2,1
1845,3,0,0
1846,4,2,1
1847,4,0,0
1848,4,0,0
1849,4,0,0
1850,4,0,0
1851,3,0,0
1852,3,0,0
1853,3,3,2
1854,4,3,3
1855,4,3,3
1856,4,3,2
1857,5,4,4
1858,4,4,4
1859,3,3,3
1860,4,3,3
1861,3,3,3
1862,3,3,3
1863,3,3,2
1864,3,3,2
1865,3,3,2
1866,3,3,3
1867,3,3,3
1868,3,3,3
1869,3,3,2
1870,3,3,2
1871,3,2,1
1872,3,3,3
1873,3,3,3
1874,3,3,2
1875,3,3,3
1876,3,3,2
1877,3,3,3
1878,4,3,2
1879,5,3,3
1880,4,2,1
1881,4,2,1
1882,4,3,2
1883,4,2,1
1884,3,0,0
1885,4,0,0
1886,3,0,0
1887,4,2,1
1888,3,0,0
1889,3,0,0
1890,2,0,0
1891,2,0,0
1892,2,0,0
1893,2,0,0
1894,3,0,0
1895,3,0,0
1896,3,0,0
1897,3,0,0
1898,3,2,1
1899,3,0,0
1900,3,0,0
1901,2,0,0
1902,3,0,0
1903,3,0,0
1904,3,0,0
1905,3,0,0
1906,3,0,0
1907,2,0,0
1908,2,0,0
1909,2,0,0
1910,3,2,1
1911,3,2,1
1912,2,0,0
1913,2,0,0
1914,2,0,0
1915,2,0,0
1916,3,0,0
1917,3,0,0
1918,3,0,0
1919,3,0,0
1920,3,0,0
1921,4,0,0
1922,3,0,0
1923,3,0,0
1924,3,0,0
1925,3,0,0
1926,3,0,0
1927,3,0,0
1928,3,0,0
1929,2,0,0
1930,2,0,0
1931,2,0,0
1932,2,0,0
1933,2,0,0
1934,2,0,0
1935,2,0,0
1936,2,0,0
1937,2,2,1
1938,2,0,0
1939,2,0,0
1940,1,0,0
1941,1,0,0
1942,2,0,0
1943,2,0,0
1944,2,0,0
1945,2,0,0
1946,2,0,0
1947,2,2,1
1948,2,2,1
1949,2,0,0
1950,2,0,0
1951,2,0,0
1952,2,0,0
1953,1,0,0
1954,2,0,0
1955,2,0,0
1956,2,0,0
1957,1,0,0
1958,1,0,0
1959,1,0,0
1960,2,0,0
1961,2,0,0
1962,3,0,0
1963,2,0,0
1964,2,0,0
1965,3,0,0
1966,2,0,0
1967,2,0,0
1968,3,0,0
1969,2,0,0
1970,3,0,0
1971,2,0,0
1972,3,0,0
1973,3,0,0
1974,3,0,0
1975,3,0,0
1976,2,0,0
1977,3,0,0
1978,2,0,0
1979,1,0,0
1980,2,0,0
1981,2,0,0
1982,1,0,0
1983,1,0,0
1984,1,0,0
1985,1,0,0
1986,1,0,0
1987,1,0,0
1988,1,0,0
1989,2,0,0
1990,2,0,0
1991,2,0,0
1992,2,0,0
1993,2,0,0
1994,2,0,0
1995,2,0,0
1996,2,0,0
1997,2,0,0
1998,2,0,0
1999,2,0,0
