0,2,0,0
1,1,0,0
2,1,0,0
3,0,0,0
4,0,0,0
5,0,0,0
6,0,0,0
7,2,0,0
8,1,0,0
9,3,2,1
10,2,0,0
11,3,0,0
12,3,0,0
13,2,0,0
14,2,0,0
15,3,0,0
16,3,0,0
17,3,0,0
18,3,0,0
19,3,0,0
20,3,0,0
21,4,2,1
22,3,2,1
23,4,2,1
24,3,2,1
25,3,2,1
26,3,2,1
27,3,0,0
28,5,2,1
29,3,2,1
30,4,2,1
31,4,2,1
32,4,2,1
33,4,2,1
34,3,2,1
35,4,2,1
36,4,2,1
37,3,3,2
38,4,2,1
39,3,3,2
40,3,2,1
41,3,0,0
42,3,2,1
43,3,0,0
44,3,0,0
45,3,0,0
46,4,0,0
47,4,0,0
48,3,0,0
49,4,0,0
50,2,0,0
51,2,0,0
52,2,0,0
53,2,0,0
54,2,0,0
55,2,0,0
56,2,0,0
57,3,0,0
58,2,0,0
59,3,0,0
60,4,0,0
61,4,0,0
62,3,0,0
63,3,0,0
64,3,0,0
65,2,0,0
66,2,0,0
67,2,0,0
68,2,0,0
69,2,0,0
70,2,0,0
71,2,2,1
72,2,0,0
73,2,0,0
74,1,0,0
75,3,0,0
76,2,0,0
77,3,0,0
78,3,0,0
79,2,0,0
80,3,0,0
81,1,0,0
82,1,0,0
83,2,0,0
84,2,0,0
85,3,0,0
86,2,0,0
87,1,0,0
88,1,0,0
89,2,0,0
90,3,0,0
91,1,0,0
92,1,0,0
93,1,0,0
94,1,0,0
95,2,0,0
96,2,0,0
97,2,0,0
98,2,0,0
99,2,0,0
100,2,0,0
101,2,0,0
102,2,0,0
103,2,0,0
104,3,0,0
105,2,0,0
106,2,0,0
107,1,0,0
108,1,0,0
109,2,0,0
110,2,0,0
111,2,0,0
112,2,0,0
113,2,0,0
114,2,0,0
115,2,0,0
116,2,0,0
117,2,0,0
118,2,0,0
119,2,0,0
120,3,0,0
121,2,0,0
122,2,0,0
123,2,0,0
124,2,0,0
125,2,0,0
126,2,0,0
127,2,0,0
128,2,0,0
129,2,0,0
130,2,0,0
131,2,0,0
132,2,0,0
133,2,0,0
134,2,0,0
135,2,0,0
136,2,0,0
137,3,0,0
138,2,0,0
139,2,0,0
140,2,0,0
141,2,0,0
142,2,0,0
143,2,0,0
144,2,0,0
145,2,0,0
146,2,0,0
147,1,0,0
148,1,0,0
149,1,0,0
150,1,0,0
151,2,0,0
152,1,0,0
153,1,0,0
154,1,0,0
155,1,0,0
156,1,0,0
157,1,0,0
158,1,0,0
159,2,0,0
160,1,0,0
161,0,0,0
162,2,0,0
163,2,0,0
164,2,0,0
165,2,0,0
166,2,0,0
167,3,0,0
168,3,0,0
169,3,0,0
170,3,2,1
171,4,2,1
172,3,2,1
173,3,2,1
174,3,0,0
175,4,2,1
176,4,0,0
177,4,0,0
178,4,0,0
179,4,0,0
180,3,0,0
181,4,2,1
182,3,2,1
183,3,0,0
184,3,0,0
185,4,2,1
186,4,0,0
187,3,0,0
188,3,0,0
189,3,0,0
190,3,0,0
191,3,0,0
192,2,0,0
193,3,0,0
194,3,0,0
195,3,0,0
196,3,0,0
197,3,0,0
198,3,0,0
199,3,0,0
200,3,0,0
201,3,0,0
202,3,0,0
203,3,0,0
204,3,0,0
205,3,0,0
206,3,0,0
207,3,0,0
208,3,0,0
209,3,0,0
210,3,0,0
211,3,0,0
212,2,0,0
213,2,0,0
214,2,0,0
215,2,0,0
216,2,0,0
217,2,0,0
218,2,0,0
219,2,0,0
220,2,0,0
221,2,0,0
222,2,0,0
223,2,0,0
224,2,0,0
225,1,0,0
226,2,0,0
227,2,0,0
228,2,0,0
229,2,0,0
230,2,0,0
231,2,0,0
232,2,0,0
233,2,0,0
234,2,0,0
235,1,0,0
236,2,0,0
237,2,0,0
238,2,0,0
239,2,2,1
240,2,0,0
241,2,0,0
242,2,0,0
243,2,0,0
244,2,0,0
245,2,0,0
246,3,0,0
247,2,0,0
248,2,2,1
249,2,2,1
250,2,2,1
251,3,0,0
252,3,0,0
253,3,0,0
254,3,0,0
255,5,0,0
256,4,0,0
257,4,0,0
258,3,0,0
259,4,0,0
260,3,0,0
261,2,0,0
262,3,0,0
263,2,0,0
264,2,0,0
265,2,0,0
266,2,0,0
267,2,0,0
268,2,0,0
269,2,0,0
270,2,0,0
271,2,0,0
272,2,0,0
273,2,2,1
274,2,2,1
275,2,0,0
276,2,0,0
277,2,2,1
278,2,2,1
279,2,2,1
280,2,2,1
281,2,2,1
282,2,2,1
283,2,0,0
284,2,0,0
285,2,2,1
286,2,2,1
287,2,2,1
288,2,0,0
289,2,0,0
290,2,0,0
291,2,0,0
292,2,0,0
293,2,0,0
294,2,0,0
295,1,0,0
296,1,0,0
297,1,0,0
298,1,0,0
299,2,0,0
300,1,0,0
301,2,0,0
302,1,0,0
303,2,0,0
304,1,0,0
305,1,0,0
306,1,0,0
307,1,0,0
308,1,0,0
309,1,0,0
310,1,0,0
311,1,0,0
312,0,0,0
313,0,0,0
314,1,0,0
315,1,0,0
316,2,0,0
317,1,0,0
318,1,0,0
319,1,0,0
320,1,0,0
321,1,0,0
322,1,0,0
323,1,0,0
324,0,0,0
325,0,0,0
326,0,0,0
327,0,0,0
328,0,0,0
329,2,0,0
330,1,0,0
331,3,0,0
332,1,0,0
333,1,0,0
334,1,0,0
335,1,0,0
336,1,0,0
337,1,0,0
338,2,0,0
339,2,0,0
340,2,0,0
341,1,0,0
342,1,0,0
343,1,0,0
344,1,0,0
345,1,0,0
346,1,0,0
347,1,0,0
348,1,0,0
349,1,0,0
350,1,0,0
351,1,0,0
352,2,0,0
353,1,0,0
354,2,0,0
355,1,0,0
356,1,0,0
357,2,0,0
358,2,0,0
359,2,0,0
360,2,0,0
361,2,0,0
362,2,0,0
363,3,2,1
364,2,0,0
365,3,0,0
366,3,2,1
367,3,2,1
368,3,2,1
369,3,0,0
370,3,0,0
371,4,2,1
372,4,3,2
373,4,4,4
374,4,3,3
375,4,4,3
376,2,2,1
377,3,3,2
378,5,4,4
379,4,4,5
380,4,4,5
381,4,4,5
382,4,4,4
383,4,4,5
384,4,4,5
385,4,4,3
386,4,4,5
387,4,4,4
388,4,4,5
389,4,4,4
390,5,4,5
391,5,5,6
392,5,5,6
393,5,5,7
394,5,5,7
395,5,5,5
396,5,5,6
397,5,5,7
398,5,5,6
399,5,5,5
400,5,5,5
401,5,5,6
402,5,5,7
403,5,5,6
404,5,5,7
405,5,5,7
406,5,5,7
407,5,5,7
408,5,5,6
409,5,5,7
410,5,5,7
411,5,5,7
412,5,5,7
413,6,5,7
414,5,5,7
415,5,5,7
416,5,5,5
417,5,5,5
418,5,5,6
419,5,5,5
420,6,5,5
421,5,5,6
422,6,5,7
423,5,5,6
424,5,5,7
425,5,5,5
426,5,5,7
427,5,5,7
428,5,5,6
429,6,5,7
430,5,5,6
431,5,5,7
432,4,4,4
433,4,4,5
434,5,4,5
435,5,4,5
436,5,4,5
437,5,4,5
438,5,4,5
439,5,4,5
440,5,4,4
441,5,4,3
442,5,3,3
443,6,5,4
444,5,4,5
445,5,4,3
446,5,4,4
447,5,4,4
448,5,5,6
449,5,4,4
450,5,4,5
451,5,4,5
452,5,4,5
453,5,4,3
454,5,4,4
455,5,4,4
456,5,4,3
457,5,4,4
458,5,4,4
459,5,4,4
460,5,4,3
461,5,4,5
462,5,4,5
463,4,4,5
464,4,4,5
465,4,4,5
466,4,4,5
467,4,4,5
468,4,4,5
469,4,3,2
470,4,3,3
471,5,3,2
472,4,3,2
473,5,4,3
474,5,4,4
475,5,3,3
476,5,2,1
477,5,4,4
478,5,4,5
479,4,4,3
480,5,4,4
481,5,4,5
482,5,4,4
483,5,4,3
484,5,4,4
485,4,3,2
486,4,4,4
487,4,4,5
488,4,4,4
489,4,4,4
490,4,4,4
491,4,4,5
492,4,4,5
493,4,4,4
494,4,4,4
495,4,4,4
496,4,4,3
497,4,4,4
498,4,4,4
499,4,4,4
500,5,4,4
501,4,4,3
502,4,4,4
503,4,4,5
504,3,3,2
505,3,3,2
506,4,3,3
507,3,3,2
508,4,3,3
509,3,2,1
510,4,2,1
511,3,0,0
512,3,0,0
513,2,0,0
514,2,0,0
515,2,0,0
516,3,0,0
517,2,0,0
518,2,0,0
519,2,0,0
520,2,0,0
521,2,0,0
522,2,0,0
523,2,0,0
524,2,0,0
525,2,0,0
526,2,0,0
527,2,0,0
528,1,0,0
529,2,0,0
530,2,0,0
531,2,0,0
532,2,0,0
533,2,2,1
534,3,0,0
535,2,0,0
536,2,0,0
537,2,0,0
538,2,0,0
539,2,0,0
540,2,0,0
541,2,0,0
542,2,0,0
543,2,0,0
544,3,0,0
545,2,0,0
546,2,0,0
547,1,0,0
548,2,0,0
549,2,0,0
550,2,2,1
551,2,0,0
552,2,0,0
553,2,0,0
554,2,0,0
555,3,0,0
556,3,0,0
557,3,0,0
558,3,0,0
559,3,0,0
560,3,0,0
561,3,3,3
562,3,3,3
563,3,3,3
564,2,2,1
565,2,2,1
566,3,3,3
567,3,3,3
568,3,3,2
569,3,3,2
570,3,3,2
571,3,3,2
572,3,3,3
573,3,3,2
574,3,0,0
575,2,0,0
576,3,0,0
577,4,0,0
578,4,2,1
579,3,2,1
580,3,0,0
581,3,2,1
582,3,2,1
583,3,2,1
584,3,2,1
585,3,2,1
586,3,2,1
587,3,0,0
588,2,0,0
589,2,0,0
590,2,0,0
591,2,0,0
592,2,0,0
593,2,0,0
594,3,0,0
595,3,0,0
596,3,0,0
597,3,2,1
598,3,2,1
599,3,0,0
600,3,2,1
601,3,3,2
602,3,3,2
603,3,3,2
604,3,3,2
605,3,3,3
606,3,2,1
607,3,3,2
608,3,3,2
609,3,0,0
610,3,0,0
611,3,0,0
612,3,0,0
613,3,0,0
614,3,0,0
615,3,0,0
616,4,0,0
617,2,0,0
618,3,0,0
619,4,0,0
620,4,0,0
621,3,0,0
622,3,0,0
623,2,0,0
624,2,0,0
625,2,0,0
626,2,0,0
627,2,0,0
628,2,2,1
629,2,0,0
630,2,0,0
631,3,0,0
632,4,0,0
633,4,0,0
634,4,0,0
635,4,0,0
636,3,0,0
637,3,0,0
638,4,0,0
639,3,0,0
640,3,0,0
641,3,0,0
642,3,0,0
643,3,0,0
644,3,2,1
645,3,0,0
646,2,0,0
647,2,0,0
648,2,0,0
649,3,0,0
650,3,0,0
651,3,0,0
652,3,0,0
653,2,0,0
654,2,0,0
655,2,0,0
656,2,0,0
657,2,0,0
658,2,0,0
659,2,0,0
660,2,0,0
661,2,0,0
662,2,0,0
663,3,0,0
664,4,0,0
665,4,0,0
666,3,0,0
667,3,0,0
668,3,0,0
669,3,0,0
670,3,3,3
671,3,3,3
672,3,3,3
673,3,3,2
674,3,2,1
675,3,3,3
676,3,2,1
677,4,2,1
678,4,0,0
679,4,0,0
680,4,0,0
681,4,0,0
682,4,0,0
683,4,0,0
684,5,0,0
685,4,0,0
686,5,0,0
687,6,0,0
688,6,0,0
689,6,2,1
690,6,2,1
691,6,2,1
692,6,2,1
693,6,3,2
694,5,2,1
695,5,0,0
696,5,3,3
697,5,3,3
698,4,3,3
699,4,3,2
700,4,2,1
701,3,0,0
702,4,2,1
703,4,0,0
704,4,3,2
705,4,0,0
706,4,0,0
707,4,0,0
708,4,0,0
709,4,0,0
710,3,0,0
711,3,2,1
712,3,2,1
713,3,2,1
714,3,2,1
715,3,2,1
716,4,2,1
717,3,0,0
718,3,2,1
719,3,0,0
720,3,0,0
721,3,0,0
722,3,0,0
723,4,0,0
724,3,0,0
725,4,0,0
726,4,0,0
727,2,0,0
728,5,0,0
729,4,0,0
730,4,0,0
731,4,2,1
732,4,0,0
733,4,0,0
734,3,0,0
735,4,0,0
736,3,0,0
737,3,0,0
738,3,2,1
739,3,0,0
740,3,0,0
741,3,0,0
742,3,2,1
743,3,3,2
744,3,3,3
745,3,3,3
746,3,3,2
747,3,3,2
748,3,3,2
749,3,3,2
750,3,2,1
751,3,3,3
752,4,3,3
753,3,3,2
754,3,3,2
755,3,3,3
756,3,3,3
757,3,3,3
758,3,3,2
759,3,3,2
760,3,3,3
761,3,3,3
762,3,3,3
763,3,3,2
764,3,3,2
765,3,3,2
766,4,3,2
767,4,3,3
768,4,3,3
769,4,3,3
770,4,3,3
771,4,3,3
772,4,3,3
773,4,3,2
774,4,3,3
775,4,3,2
776,4,3,3
777,4,3,3
778,4,3,2
779,4,3,2
780,4,3,2
781,4,3,3
782,4,3,3
783,4,3,3
784,4,3,3
785,4,3,3
786,4,3,2
787,4,3,3
788,4,3,3
789,4,3,3
790,4,3,2
791,3,3,2
792,3,3,3
793,3,3,2
794,3,3,2
795,3,3,2
796,3,3,3
797,3,3,3
798,3,3,3
799,3,3,3
800,3,3,3
801,3,3,3
802,3,2,1
803,3,2,1
804,3,0,0
805,3,0,0
806,3,0,0
807,3,0,0
808,3,0,0
809,3,0,0
810,3,3,2
811,3,3,2
812,3,3,3
813,3,3,3
814,3,3,2
815,3,3,2
816,3,3,2
817,3,3,3
818,3,3,2
819,3,3,3
820,4,3,3
821,4,3,3
822,3,3,2
823,4,3,3
824,3,2,1
825,4,3,3
826,4,3,3
827,4,3,3
828,4,3,2
829,4,3,2
830,4,3,3
831,4,3,3
832,4,3,3
833,4,3,3
834,4,3,3
835,4,3,2
836,4,3,3
837,3,3,3
838,4,3,3
839,4,3,2
840,3,3,2
841,3,3,2
842,4,3,2
843,3,3,2
844,3,3,2
845,3,3,2
846,3,3,2
847,3,3,2
848,4,3,3
849,4,3,3
850,5,4,3
851,5,4,3
852,5,4,5
853,5,4,3
854,5,4,5
855,4,4,5
856,4,4,4
857,4,4,5
858,4,4,4
859,4,4,5
860,4,4,4
861,4,4,4
862,5,4,3
863,5,4,5
864,5,4,5
865,5,4,4
866,4,3,3
867,4,4,3
868,5,4,4
869,5,4,5
870,5,5,5
871,5,4,3
872,4,3,3
873,4,3,2
874,5,5,5
875,5,5,6
876,5,5,6
877,5,5,5
878,6,5,6
879,6,5,7
880,6,5,7
881,6,5,6
882,6,5,6
883,6,5,7
884,6,5,6
885,5,5,7
886,5,5,7
887,5,5,7
888,5,5,7
889,5,5,7
890,5,5,7
891,5,5,6
892,5,5,7
893,6,6,9
894,6,6,9
895,6,6,9
896,6,6,9
897,6,6,8
898,6,6,9
899,6,6,8
900,6,6,9
901,6,6,9
902,6,6,7
903,6,6,9
904,6,6,8
905,6,6,8
906,6,6,8
907,6,6,7
908,6,5,6
909,6,6,8
910,6,6,7
911,6,6,8
912,6,5,6
913,6,5,7
914,6,5,7
915,6,6,7
916,5,5,7
917,5,5,7
918,5,5,7
919,6,5,7
920,6,5,7
921,5,5,7
922,5,5,7
923,5,5,5
924,5,5,7
925,5,5,7
926,5,5,6
927,5,5,6
928,6,6,7
929,6,5,6
930,6,5,6
931,6,4,5
932,6,4,5
933,6,5,7
934,7,5,7
935,6,5,7
936,6,5,7
937,6,5,7
938,6,5,7
939,6,5,5
940,6,5,7
941,6,5,6
942,6,4,4
943,6,5,6
944,6,5,7
945,6,5,7
946,6,5,7
947,6,5,7
948,6,6,8
949,6,6,9
950,6,6,8
951,6,6,9
952,6,6,9
953,6,6,9
954,6,6,8
955,6,6,9
956,6,6,9
957,6,6,9
958,6,6,8
959,6,6,9
960,6,6,8
961,6,6,9
962,7,6,9
963,7,6,9
964,7,6,9
965,7,6,9
966,7,6,9
967,6,6,9
968,7,6,8
969,7,7,10
970,7,7,10
971,7,7,10
972,7,7,11
973,7,7,11
974,7,7,11
975,7,7,10
976,7,7,10
977,7,7,10
978,7,7,11
979,7,7,11
980,7,7,10
981,7,7,11
982,7,7,11
983,8,8,13
984,8,8,14
985,8,8,14
986,8,8,15
987,8,8,15
988,8,8,15
989,8,8,15
990,8,8,15
991,8,8,15
992,8,8,15
993,8,8,15
994,8,8,15
995,8,8,15
996,8,8,15
997,8,8,14
998,8,8,14
999,8,8,15
1000,8,8,14
1001,8,8,14
1002,8,8,15
1003,8,8,15
1004,8,8,15
1005,8,8,15
1006,8,8,15
1007,9,8,15
1008,9,9,17
1009,9,9,15
1010,9,9,15
1011,9,9,16
1012,9,9,17
1013,9,9,16
1014,9,9,17
1015,9,9,15
1016,9,9,17
1017,9,9,17
1018,9,9,16
1019,9,9,17
1020,9,9,17
1021,8,8,15
1022,9,9,16
1023,9,9,17
1024,9,9,17
1025,9,9,17
1026,9,9,17
1027,9,9,17
1028,9,9,17
1029,9,9,17
1030,9,9,17
1031,9,9,17
1032,9,9,17
1033,9,9,17
1034,8,8,15
1035,9,9,16
1036,9,9,17
1037,9,9,17
1038,10,10,18
1039,10,10,21
1040,10,10,19
1041,10,10,20
1042,10,10,20
1043,10,10,21
1044,10,10,21
1045,10,10,21
1046,10,10,21
1047,10,10,21
1048,10,10,20
1049,10,10,21
1050,10,10,21
1051,10,10,20
1052,10,10,21
1053,10,10,21
1054,10,10,21
1055,10,10,21
1056,10,10,21
1057,10,10,21
1058,10,10,21
1059,10,10,21
1060,10,10,21
1061,10,10,21
1062,10,10,21
1063,10,10,21
1064,10,10,21
1065,10,10,21
1066,10,10,20
1067,10,10,21
1068,10,10,21
1069,10,10,21
1070,10,10,20
1071,10,10,21
1072,10,10,21
1073,10,10,20
1074,10,10,21
1075,10,10,20
1076,11,11,24
1077,11,11,24
1078,11,11,24
1079,11,11,25
1080,11,11,25
1081,11,11,25
1082,11,11,25
1083,11,11,25
1084,11,11,25
1085,11,11,25
1086,11,11,25
1087,11,11,25
1088,11,11,25
1089,11,11,25
1090,11,11,25
1091,11,11,25
1092,11,11,24
1093,11,11,25
1094,11,11,25
1095,11,11,25
1096,11,11,25
1097,11,11,25
1098,11,11,25
1099,11,11,25
1100,11,11,25
1101,11,11,25
1102,11,11,25
1103,11,11,25
1104,11,11,25
1105,11,11,25
1106,11,11,25
1107,11,11,25
1108,11,11,25
1109,11,11,25
1110,11,11,25
1111,11,11,25
1112,11,11,25
1113,11,11,25
1114,11,11,25
1115,11,11,25
1116,11,11,25
1117,11,11,25
1118,11,11,25
1119,11,11,25
1120,11,11,25
1121,11,11,25
1122,11,11,25
1123,11,11,25
1124,11,11,25
1125,11,11,25
1126,11,11,25
1127,11,11,25
1128,11,11,25
1129,11,11,25
1130,11,11,25
1131,11,11,25
1132,11,11,25
1133,11,11,25
1134,11,11,25
1135,11,11,25
1136,11,11,25
1137,11,11,25
1138,11,11,25
1139,11,11,25
1140,11,11,25
1141,11,11,25
1142,11,11,25
1143,11,11,25
1144,11,11,24
1145,11,11,25
1146,11,11,25
1147,11,11,25
1148,11,11,24
1149,11,11,24
1150,11,11,25
1151,11,11,25
1152,11,11,25
1153,11,11,25
1154,11,11,25
1155,11,11,25
1156,11,11,25
1157,11,11,25
1158,11,11,25
1159,11,11,25
1160,11,11,25
1161,11,11,25
1162,11,11,25
1163,11,11,25
1164,11,11,25
1165,11,11,25
1166,11,11,25
1167,11,11,25
1168,11,11,25
1169,11,11,25
1170,11,11,25
1171,11,11,25
1172,11,11,25
1173,11,11,25
1174,11,11,25
1175,11,11,25
1176,11,11,25
1177,11,11,25
1178,11,11,25
1179,11,11,25
1180,11,11,25
1181,11,11,25
1182,11,11,25
1183,11,11,25
1184,11,11,25
1185,11,11,25
1186,11,11,25
1187,11,11,25
1188,11,11,25
1189,11,11,25
1190,11,11,25
1191,11,11,25
1192,11,11,25
1193,11,11,25
1194,11,11,25
1195,11,11,25
1196,11,11,25
1197,11,11,25
1198,11,11,25
1199,11,11,25
1200,11,11,25
1201,11,11,25
1202,11,11,25
1203,11,11,25
1204,11,11,25
1205,11,11,25
1206,11,11,25
1207,11,11,25
1208,11,11,25
1209,11,11,25
1210,11,11,25
1211,11,11,25
1212,11,11,25
1213,11,11,25
1214,11,11,25
1215,11,11,25
1216,11,11,25
1217,11,11,25
1218,11,11,25
1219,11,11,25
1220,11,11,25
1221,11,11,25
1222,11,11,25
1223,11,11,25
1224,11,11,25
1225,11,11,25
1226,11,11,25
1227,11,11,25
1228,11,11,25
1229,11,11,25
1230,11,11,25
1231,11,11,25
1232,11,11,25
1233,11,11,25
1234,11,11,25
1235,11,11,25
1236,11,11,25
1237,11,11,25
1238,11,11,25
1239,11,11,25
1240,11,11,25
1241,11,11,25
1242,11,11,25
1243,11,11,25
1244,11,11,25
1245,11,11,25
1246,11,11,25
1247,11,11,25
1248,11,11,25
1249,11,11,25
1250,11,11,25
1251,11,11,25
1252,11,11,25
1253,11,11,25
1254,11,11,25
1255,11,11,25
1256,11,11,25
1257,11,11,25
1258,11,11,25
1259,11,11,25
1260,11,11,25
1261,11,11,25
1262,11,11,25
1263,11,11,25
1264,11,11,25
1265,11,11,25
1266,11,11,25
1267,11,11,25
1268,11,11,25
1269,11,11,25
1270,11,11,25
1271,11,11,25
1272,11,11,25
1273,11,11,25
1274,11,11,25
1275,11,11,25
1276,11,11,25
1277,11,11,25
1278,11,11,25
1279,11,11,25
1280,11,11,25
1281,11,11,25
1282,11,11,25
1283,11,11,25
1284,11,11,25
1285,11,11,25
1286,11,11,25
1287,11,11,25
1288,11,11,25
1289,11,11,25
1290,11,11,25
1291,11,11,25
1292,11,11,25
1293,11,11,25
1294,11,11,25
1295,11,11,25
1296,11,11,25
1297,11,11,24
1298,11,11,25
1299,11,11,25
1300,11,11,25
1301,11,11,25
1302,11,11,25
1303,11,11,25
1304,11,11,25
1305,11,11,25
1306,11,11,25
1307,11,11,25
1308,11,11,25
1309,11,11,25
1310,11,11,25
1311,11,11,25
1312,11,11,25
1313,11,11,25
1314,11,11,25
1315,11,11,25
1316,11,11,25
1317,11,11,25
1318,11,11,25
1319,11,11,25
1320,11,11,24
1321,11,11,25
1322,11,11,25
1323,11,11,25
1324,11,11,25
1325,11,11,25
1326,11,11,25
1327,11,11,25
1328,11,11,25
1329,11,11,25
1330,11,11,25
1331,11,11,25
1332,11,11,25
1333,11,11,24
1334,11,11,25
1335,11,11,25
1336,11,11,25
1337,11,11,25
1338,11,11,25
1339,11,11,25
1340,11,11,25
1341,11,11,25
1342,11,11,25
1343,11,11,25
1344,11,11,25
1345,11,11,25
1346,11,11,24
1347,11,11,25
1348,11,11,25
1349,11,11,25
1350,11,11,25
1351,11,11,25
1352,11,11,25
1353,11,11,24
1354,11,11,25
1355,11,11,25
1356,11,11,25
1357,11,11,25
1358,11,11,25
1359,11,11,25
1360,11,11,25
1361,11,11,25
1362,11,11,25
1363,11,11,25
1364,11,11,24
1365,11,11,25
1366,11,11,24
1367,11,11,25
1368,11,11,25
1369,11,11,25
1370,11,11,25
1371,11,11,25
1372,11,11,25
1373,11,11,25
1374,11,11,25
1375,11,11,25
1376,11,11,25
1377,11,11,25
1378,11,11,25
1379,11,11,25
1380,11,11,25
1381,11,11,25
1382,11,11,25
1383,11,11,25
1384,11,11,25
1385,11,11,25
1386,11,11,25
1387,11,11,25
1388,11,11,25
1389,11,11,25
1390,11,11,25
1391,11,11,25
1392,11,11,25
1393,11,11,25
1394,11,11,25
1395,11,11,25
1396,11,11,25
1397,11,11,25
1398,11,11,24
1399,11,11,25
1400,11,11,25
1401,11,11,25
1402,11,11,25
1403,11,11,25
1404,11,11,24
1405,11,11,25
1406,11,11,25
1407,11,11,25
1408,11,11,25
1409,11,11,25
1410,11,11,25
1411,11,11,25
1412,11,11,25
1413,11,11,25
1414,11,11,25
1415,11,11,25
1416,11,11,25
1417,11,11,25
1418,11,11,25
1419,11,11,25
1420,11,11,25
1421,11,11,25
1422,11,11,25
1423,11,11,25
1424,11,11,25
1425,11,11,25
1426,11,11,25
1427,11,11,25
1428,11,11,25
1429,11,11,25
1430,11,11,25
1431,11,11,25
1432,11,11,25
1433,11,11,25
1434,11,11,25
1435,11,11,25
1436,11,11,25
1437,11,11,25
1438,11,11,25
1439,11,11,25
1440,11,11,25
1441,11,11,25
1442,11,11,25
1443,11,11,25
1444,11,11,25
1445,11,11,25
1446,11,11,25
1447,11,11,25
1448,11,11,25
1449,11,11,25
1450,11,11,25
1451,11,11,25
1452,11,11,25
1453,11,11,25
1454,11,11,25
1455,11,11,25
1456,11,11,25
1457,11,11,25
1458,11,11,25
1459,11,11,25
1460,11,11,25
1461,11,11,25
1462,11,11,25
1463,11,11,25
1464,11,11,25
1465,11,11,25
1466,11,11,25
1467,11,11,25
1468,11,11,25
1469,11,11,25
1470,11,11,25
1471,11,11,25
1472,11,11,25
1473,11,11,25
1474,11,11,25
1475,11,11,25
1476,11,11,25
1477,11,11,25
1478,11,11,25
1479,11,11,25
1480,11,11,25
1481,11,11,25
1482,11,11,25
1483,11,11,25
1484,11,11,25
1485,11,11,25
1486,11,11,25
1487,11,11,25
1488,11,11,25
1489,11,11,25
1490,11,11,25
1491,11,11,25
1492,11,11,25
1493,11,11,25
1494,11,11,25
1495,11,11,25
1496,11,11,25
1497,11,11,25
1498,11,11,25
1499,11,11,25
1500,11,11,24
1501,11,11,25
1502,11,11,25
1503,11,11,25
1504,11,11,25
1505,11,11,25
1506,11,11,25
1507,11,11,25
1508,11,11,25
1509,11,11,25
1510,11,11,25
1511,11,11,25
1512,11,11,25
1513,11,11,25
1514,11,11,25
1515,11,11,25
1516,11,11,25
1517,11,11,25
1518,11,11,25
1519,11,11,25
1520,11,11,25
1521,11,11,25
1522,11,11,25
1523,11,11,25
1524,11,11,25
1525,11,11,25
1526,11,11,25
1527,11,11,25
1528,11,11,25
1529,11,11,25
1530,11,11,25
1531,11,11,25
1532,11,11,25
1533,11,11,25
1534,11,11,25
1535,11,11,25
1536,11,11,25
1537,11,11,25
1538,11,11,25
1539,11,11,25
1540,11,11,25
1541,11,11,25
1542,11,11,25
1543,11,11,25
1544,11,11,25
1545,11,11,25
1546,11,11,25
1547,11,11,25
1548,11,11,25
1549,11,11,25
1550,11,11,25
1551,11,11,25
1552,11,11,25
1553,11,11,25
1554,11,11,25
1555,11,11,25
1556,11,11,25
1557,12,12,30
1558,12,12,30
1559,12,12,30
1560,12,12,30
1561,12,12,30
1562,12,12,30
1563,12,12,30
1564,12,12,30
1565,12,12,30
1566,12,12,30
1567,12,12,30
1568,12,12,30
1569,12,12,30
1570,12,12,30
1571,12,12,30
1572,12,12,30
1573,12,12,30
1574,12,12,30
1575,12,12,30
1576,12,12,30
1577,12,12,30
1578,12,12,30
1579,12,12,30
1580,12,12,30
1581,12,12,30
1582,12,12,30
1583,12,12,30
1584,12,12,30
1585,12,12,30
1586,12,12,30
1587,12,12,30
1588,12,12,30
1589,12,12,30
1590,12,12,30
1591,12,12,30
1592,12,12,30
1593,12,12,30
1594,12,12,30
1595,12,12,30
1596,12,12,30
1597,12,12,30
1598,12,12,30
1599,12,12,30
1600,12,12,30
1601,12,12,30
1602,12,12,30
1603,12,12,30
1604,12,12,30
1605,12,12,30
1606,12,12,29
1607,12,12,30
1608,12,12,30
1609,12,12,30
1610,12,12,30
1611,12,12,30
1612,12,12,30
1613,12,12,30
1614,12,12,30
1615,12,12,30
1616,12,12,30
1617,12,12,30
1618,12,12,30
1619,12,12,30
1620,12,12,30
1621,12,12,30
1622,12,12,30
1623,12,12,30
1624,12,12,30
1625,12,12,30
1626,12,12,30
1627,12,12,30
1628,12,12,30
1629,12,12,30
1630,12,12,30
1631,12,12,30
1632,12,12,30
1633,12,12,30
1634,12,12,30
1635,12,12,30
1636,12,12,30
1637,12,12,30
1638,12,12,30
1639,12,12,30
1640,12,12,30
1641,12,12,30
1642,12,12,30
1643,12,12,30
1644,12,12,29
1645,12,12,30
1646,12,12,30
1647,12,12,30
1648,12,12,30
1649,12,12,30
1650,12,12,30
1651,12,12,30
1652,12,12,30
1653,12,12,30
1654,12,12,30
1655,12,12,30
1656,12,12,30
1657,12,12,30
1658,12,12,30
1659,12,12,30
1660,12,12,30
1661,12,12,30
1662,12,12,30
1663,12,12,30
1664,12,12,30
1665,12,12,30
1666,12,12,30
1667,12,12,30
1668,12,12,30
1669,12,12,30
1670,12,12,30
1671,12,12,30
1672,12,12,30
1673,12,12,30
1674,12,12,30
1675,12,12,30
1676,12,12,30
1677,12,12,30
1678,12,12,30
1679,12,12,30
1680,12,12,30
1681,12,12,30
1682,12,12,30
1683,12,12,30
1684,12,12,30
1685,12,12,30
1686,12,12,30
1687,12,12,30
1688,12,12,30
1689,12,12,30
1690,12,12,30
1691,12,12,30
1692,12,12,30
1693,12,12,30
1694,12,12,30
1695,12,12,30
1696,12,12,30
1697,12,12,30
1698,12,12,30
1699,12,12,30
1700,12,12,30
1701,12,12,30
1702,12,12,30
1703,12,12,30
1704,12,12,30
1705,12,12,30
1706,12,12,30
1707,12,12,30
1708,12,12,30
1709,12,12,30
1710,12,12,30
1711,12,12,30
1712,12,12,30
1713,12,12,30
1714,12,12,30
1715,12,12,30
1716,12,12,30
1717,12,12,30
1718,12,12,30
1719,12,12,30
1720,12,12,30
1721,12,12,30
1722,12,12,30
1723,12,12,30
1724,12,12,30
1725,12,12,30
1726,12,12,30
1727,12,12,30
1728,12,12,30
1729,12,12,30
1730,12,12,30
1731,12,12,30
1732,12,12,30
1733,12,12,30
1734,12,12,30
1735,12,12,30
1736,12,12,29
1737,12,12,29
1738,12,12,30
1739,12,12,30
1740,12,12,30
1741,12,12,30
1742,12,12,30
1743,12,12,30
1744,12,12,30
1745,12,12,30
1746,12,12,30
1747,12,12,30
1748,12,12,30
1749,12,12,30
1750,12,12,30
1751,12,12,30
1752,12,12,30
1753,12,12,30
1754,12,12,30
1755,12,12,30
1756,12,12,30
1757,12,12,30
1758,12,12,30
1759,12,12,30
1760,12,12,30
1761,12,12,30
1762,12,12,30
1763,12,12,29
1764,12,12,30
1765,12,12,30
1766,12,12,30
1767,12,12,30
1768,12,12,30
1769,12,12,30
1770,12,12,30
1771,12,12,30
1772,12,12,30
1773,12,12,30
1774,12,12,30
1775,12,12,30
1776,12,12,30
1777,12,12,30
1778,12,12,30
1779,12,12,30
1780,12,12,30
1781,12,12,30
1782,12,12,30
1783,12,12,30
1784,12,12,30
1785,12,12,30
1786,12,12,30
1787,12,12,30
1788,12,12,30
1789,12,12,30
1790,12,12,30
1791,12,12,30
1792,12,12,30
1793,12,12,30
1794,12,12,30
1795,12,12,30
1796,12,12,30
1797,12,12,30
1798,12,12,30
1799,12,12,30
1800,12,12,30
1801,12,12,30
1802,12,12,30
1803,12,12,30
1804,12,12,30
1805,12,12,30
1806,12,12,30
1807,12,12,30
1808,12,12,30
1809,12,12,30
1810,12,12,30
1811,12,12,30
1812,12,12,30
1813,12,12,30
1814,12,12,30
1815,12,12,30
1816,12,12,30
1817,12,12,30
1818,12,12,30
1819,12,12,30
1820,12,12,30
1821,12,12,30
1822,12,12,30
1823,12,12,30
1824,12,12,30
1825,12,12,30
1826,12,12,30
1827,12,12,30
1828,12,12,30
1829,12,12,30
1830,12,12,30
1831,12,12,30
1832,12,12,30
1833,12,12,30
1834,12,12,30
1835,12,12,30
1836,12,12,30
1837,12,12,30
1838,12,12,30
1839,12,12,30
1840,12,12,30
1841,12,12,30
1842,12,12,30
1843,12,12,30
1844,12,12,30
1845,12,12,30
1846,12,12,30
1847,12,12,30
1848,12,12,30
1849,12,12,30
1850,12,12,30
1851,12,12,30
1852,12,12,30
1853,12,12,30
1854,12,12,30
1855,12,12,30
1856,12,12,30
1857,12,12,30
1858,12,12,30
1859,12,12,30
1860,12,12,30
1861,12,12,30
1862,12,12,30
1863,12,12,30
1864,12,12,30
1865,12,12,30
1866,12,12,30
1867,12,12,30
1868,12,12,30
1869,12,12,30
1870,12,12,30
1871,12,12,30
1872,12,12,30
1873,12,12,30
1874,12,12,30
1875,12,12,29
1876,12,12,30
1877,12,12,30
1878,12,12,30
1879,12,12,30
1880,12,12,30
1881,12,12,30
1882,12,12,30
1883,12,12,30
1884,12,12,30
1885,12,12,30
1886,12,12,30
1887,12,12,30
1888,12,12,30
1889,12,12,30
1890,12,12,30
1891,12,12,30
1892,12,12,30
1893,12,12,30
1894,12,12,30
1895,12,12,30
1896,12,12,30
1897,12,12,30
1898,12,12,30
1899,12,12,30
1900,12,12,30
1901,12,12,30
1902,12,12,30
1903,12,12,30
1904,12,12,30
1905,12,12,30
1906,12,12,30
1907,12,12,30
1908,12,12,30
1909,12,12,30
1910,12,12,30
1911,12,12,30
1912,12,12,30
1913,12,12,30
1914,12,12,30
1915,12,12,30
1916,12,12,30
1917,12,12,30
1918,12,12,30
1919,12,12,30
1920,12,12,30
1921,12,12,30
1922,12,12,30
1923,12,12,30
1924,12,12,30
1925,12,12,30
1926,12,12,30
1927,12,12,30
1928,12,12,30
1929,12,12,30
1930,12,12,30
1931,12,12,30
1932,12,12,30
1933,12,12,30
1934,12,12,30
1935,12,12,30
1936,12,12,30
1937,12,12,30
1938,12,12,30
1939,12,12,30
1940,12,12,30
1941,12,12,30
1942,12,12,30
1943,12,12,30
1944,12,12,30
1945,12,12,30
1946,12,12,30
1947,12,12,30
1948,12,12,30
1949,12,12,30
1950,12,12,30
1951,12,12,30
1952,12,12,30
1953,12,12,30
1954,12,12,30
1955,12,12,30
1956,12,12,30
1957,12,12,30
1958,12,12,30
1959,12,12,30
1960,12,12,30
1961,12,12,30
1962,12,12,30
1963,12,12,30
1964,12,12,30
1965,12,12,30
1966,12,12,30
1967,12,12,30
1968,12,12,30
1969,12,12,30
1970,12,12,30
1971,12,12,30
1972,12,12,30
1973,12,12,30
1974,12,12,30
1975,12,12,30
1976,12,12,30
1977,12,12,30
1978,12,12,30
1979,12,12,30
1980,12,12,30
1981,12,12,30
1982,12,12,30
1983,12,12,30
1984,12,12,30
1985,12,12,30
1986,12,12,30
1987,12,12,30
1988,12,12,30
1989,12,12,30
1990,12,12,30
1991,12,12,30
1992,12,12,30
1993,12,12,30
1994,12,12,30
1995,12,12,30
1996,12,12,30
1997,12,12,30
1998,12,12,30
1999,12,12,30
