0,1,0,0
1,1,0,0
2,1,0,0
3,2,0,0
4,1,0,0
5,1,0,0
6,1,0,0
7,1,0,0
8,1,0,0
9,1,0,0
10,1,0,0
11,1,0,0
12,1,0,0
13,1,0,0
14,1,0,0
15,1,0,0
16,3,0,0
17,3,0,0
18,2,0,0
19,2,0,0
20,2,0,0
21,2,0,0
22,2,0,0
23,2,0,0
24,2,0,0
25,2,0,0
26,2,0,0
27,2,0,0
28,2,0,0
29,3,0,0
30,2,0,0
31,2,0,0
32,2,0,0
33,2,0,0
34,2,0,0
35,1,0,0
36,1,0,0
37,1,0,0
38,1,0,0
39,1,0,0
40,1,0,0
41,1,0,0
42,1,0,0
43,1,0,0
44,2,0,0
45,2,0,0
46,1,0,0
47,1,0,0
48,2,0,0
49,2,0,0
50,2,0,0
51,2,0,0
52,1,0,0
53,1,0,0
54,2,0,0
55,2,0,0
56,2,0,0
57,2,0,0
58,3,0,0
59,3,0,0
60,3,0,0
61,2,0,0
62,2,0,0
63,2,0,0
64,2,0,0
65,2,0,0
66,2,0,0
67,2,0,0
68,2,0,0
69,2,0,0
70,1,0,0
71,1,0,0
72,1,0,0
73,2,0,0
74,1,0,0
75,1,0,0
76,2,0,0
77,3,0,0
78,2,0,0
79,2,0,0
80,3,0,0
81,2,0,0
82,2,0,0
83,2,0,0
84,2,0,0
85,2,0,0
86,2,2,1
87,3,2,1
88,3,2,1
89,3,0,0
90,2,0,0
91,2,0,0
92,2,0,0
93,2,0,0
94,2,0,0
95,2,0,0
96,2,0,0
97,2,0,0
98,2,0,0
99,2,0,0
100,2,0,0
101,2,0,0
102,2,0,0
103,2,0,0
104,2,0,0
105,2,0,0
106,2,0,0
107,3,0,0
108,1,0,0
109,1,0,0
110,1,0,0
111,3,0,0
112,2,0,0
113,2,0,0
114,1,0,0
115,0,0,0
116,1,0,0
117,2,0,0
118,1,0,0
119,1,0,0
120,2,0,0
121,1,0,0
122,1,0,0
123,2,0,0
124,1,0,0
125,0,0,0
126,1,0,0
127,1,0,0
128,1,0,0
129,1,0,0
130,1,0,0
131,1,0,0
132,1,0,0
133,1,0,0
134,2,0,0
135,2,0,0
136,2,0,0
137,2,0,0
138,3,0,0
139,3,0,0
140,3,0,0
141,3,2,1
142,3,2,1
143,3,2,1
144,3,2,1
145,3,2,1
146,3,2,1
147,3,3,3
148,4,3,3
149,4,3,2
150,4,3,3
151,4,3,3
152,4,3,3
153,4,3,2
154,4,3,2
155,4,0,0
156,4,3,2
157,4,3,2
158,4,4,4
159,4,2,1
160,4,0,0
161,4,2,1
162,6,2,1
163,3,0,0
164,5,2,1
165,5,0,0
166,5,0,0
167,4,0,0
168,4,3,2
169,4,3,2
170,4,3,3
171,4,3,3
172,4,3,3
173,4,3,2
174,4,2,1
175,4,3,2
176,4,3,3
177,5,3,2
178,5,2,1
179,5,3,2
180,5,3,3
181,4,3,2
182,5,3,2
183,5,4,4
184,5,4,5
185,5,4,5
186,5,4,4
187,5,4,3
188,5,4,5
189,5,4,4
190,6,4,5
191,5,4,4
192,5,3,2
193,5,5,4
194,5,4,4
195,5,3,2
196,5,3,2
197,5,3,3
198,5,4,3
199,5,3,2
200,6,3,3
201,6,3,3
202,5,5,4
203,5,2,1
204,4,3,2
205,4,3,3
206,3,3,3
207,3,3,3
208,3,3,3
209,3,3,3
210,3,3,3
211,3,3,2
212,3,3,3
213,3,3,3
214,4,3,2
215,3,3,3
216,3,3,2
217,3,3,2
218,3,3,3
219,3,2,1
220,3,2,1
221,3,2,1
222,4,0,0
223,4,0,0
224,4,2,1
225,4,0,0
226,3,2,1
227,3,0,0
228,3,0,0
229,3,0,0
230,3,0,0
231,3,0,0
232,3,2,1
233,3,2,1
234,3,0,0
235,4,0,0
236,4,0,0
237,5,0,0
238,5,2,1
239,6,2,1
240,6,0,0
241,6,0,0
242,5,0,0
243,5,2,1
244,4,0,0
245,4,0,0
246,4,0,0
247,4,0,0
248,4,0,0
249,4,2,1
250,3,0,0
251,3,0,0
252,4,0,0
253,3,0,0
254,3,0,0
255,3,0,0
256,3,0,0
257,3,3,2
258,3,3,2
259,3,0,0
260,3,2,1
261,3,2,1
262,3,2,1
263,3,0,0
264,3,0,0
265,3,0,0
266,3,2,1
267,3,0,0
268,3,0,0
269,3,3,2
270,3,3,3
271,3,3,3
272,3,3,3
273,3,3,3
274,3,3,3
275,3,3,3
276,3,3,2
277,4,3,2
278,3,3,2
279,3,3,2
280,3,3,2
281,3,3,3
282,3,3,3
283,4,4,4
284,4,4,4
285,4,4,4
286,4,4,3
287,4,4,4
288,4,4,3
289,4,4,4
290,4,4,5
291,4,4,5
292,4,4,5
293,4,4,5
294,4,4,5
295,4,4,4
296,4,4,4
297,4,4,5
298,4,4,5
299,4,4,4
300,4,4,4
301,4,4,4
302,4,4,5
303,4,4,5
304,4,4,3
305,4,4,5
306,4,4,5
307,4,4,5
308,4,4,5
309,4,4,5
310,4,4,5
311,4,4,3
312,5,4,5
313,5,3,2
314,5,4,3
315,5,4,5
316,5,4,5
317,5,4,4
318,5,4,5
319,5,4,5
320,5,4,5
321,5,4,5
322,5,4,4
323,5,4,5
324,5,5,6
325,4,3,3
326,5,4,5
327,5,4,4
328,4,3,3
329,5,4,5
330,5,4,5
331,5,4,5
332,5,4,4
333,5,4,5
334,5,4,5
335,5,4,5
336,5,4,3
337,5,4,4
338,5,4,4
339,5,2,1
340,5,4,5
341,4,4,5
342,5,5,7
343,4,4,5
344,5,5,7
345,6,5,7
346,6,5,6
347,6,5,5
348,6,5,6
349,6,5,7
350,6,5,6
351,6,6,8
352,6,5,6
353,6,5,7
354,6,5,7
355,6,5,7
356,6,5,6
357,6,5,7
358,6,5,7
359,6,5,7
360,6,5,6
361,6,5,5
362,6,5,7
363,6,5,7
364,6,5,7
365,5,5,7
366,5,5,7
367,5,5,7
368,5,5,6
369,5,5,7
370,5,5,7
371,5,5,7
372,5,5,7
373,5,5,7
374,5,5,7
375,5,5,7
376,6,5,6
377,6,5,7
378,6,5,6
379,5,5,7
380,5,5,6
381,5,5,7
382,5,5,7
383,5,5,6
384,5,4,5
385,4,4,4
386,5,4,5
387,5,5,7
388,5,5,7
389,5,5,6
390,5,5,7
391,5,5,5
392,5,5,7
393,5,5,7
394,5,5,7
395,5,5,7
396,6,5,7
397,6,5,7
398,5,5,6
399,5,5,5
400,5,5,7
401,5,5,7
402,5,5,6
403,5,5,7
404,5,5,7
405,5,5,7
406,5,5,7
407,5,5,7
408,5,5,7
409,5,5,7
410,5,5,7
411,5,5,7
412,5,5,7
413,5,5,6
414,5,5,6
415,5,5,6
416,5,5,6
417,5,5,7
418,5,5,7
419,6,5,5
420,5,4,5
421,5,4,5
422,5,4,4
423,6,5,6
424,5,5,6
425,6,6,9
426,6,6,8
427,6,6,9
428,6,6,9
429,6,6,9
430,6,6,9
431,6,6,9
432,6,6,9
433,6,6,9
434,6,6,9
435,6,6,8
436,6,6,8
437,6,6,9
438,7,6,9
439,7,6,9
440,7,6,9
441,7,6,9
442,7,6,8
443,7,6,9
444,8,7,11
445,8,7,12
446,8,7,11
447,8,7,12
448,8,7,12
449,8,7,12
450,8,7,12
451,8,7,11
452,8,7,10
453,8,7,10
454,7,6,10
455,7,6,10
456,7,6,10
457,7,6,10
458,7,7,12
459,7,7,11
460,7,7,10
461,7,7,11
462,7,7,11
463,7,7,12
464,7,7,12
465,7,7,12
466,7,7,10
467,7,7,11
468,7,7,10
469,7,7,10
470,6,6,9
471,6,6,10
472,6,6,9
473,6,6,9
474,6,6,9
475,6,6,10
476,6,6,9
477,6,6,10
478,6,6,10
479,6,6,9
480,6,6,9
481,6,6,10
482,6,6,10
483,6,6,10
484,6,6,10
485,6,6,10
486,6,6,10
487,6,6,8
488,6,6,10
489,6,6,9
490,6,6,10
491,6,6,10
492,6,6,10
493,6,6,10
494,6,6,9
495,6,6,8
496,6,6,9
497,6,6,10
498,6,6,10
499,6,6,10
500,6,6,9
501,6,6,10
502,6,6,9
503,6,6,9
504,6,6,10
505,6,6,10
506,6,6,10
507,6,6,10
508,6,6,10
509,6,6,10
510,6,6,10
511,6,6,10
512,6,6,10
513,6,6,10
514,6,6,10
515,6,6,9
516,6,6,10
517,6,6,10
518,6,6,9
519,6,6,10
520,6,6,10
521,6,6,9
522,6,6,10
523,6,6,10
524,6,6,9
525,6,6,9
526,7,6,8
527,6,6,9
528,6,6,8
529,6,6,10
530,6,6,9
531,6,6,10
532,6,6,9
533,6,6,10
534,6,6,10
535,6,6,10
536,6,6,10
537,6,6,10
538,6,6,10
539,6,6,10
540,6,6,10
541,6,6,10
542,6,6,10
543,6,6,10
544,6,6,10
545,6,6,10
546,6,6,10
547,6,6,10
548,6,6,10
549,6,6,10
550,6,6,10
551,6,6,10
552,6,6,9
553,6,6,10
554,6,6,10
555,6,6,10
556,6,6,10
557,6,6,10
558,6,6,10
559,6,6,10
560,6,6,10
561,6,6,10
562,6,6,10
563,6,6,9
564,6,6,8
565,6,6,10
566,6,6,10
567,6,6,10
568,6,6,10
569,6,6,10
570,6,6,10
571,6,6,10
572,6,6,10
573,6,6,10
574,6,6,10
575,6,6,10
576,6,6,10
577,6,6,10
578,6,6,10
579,6,6,10
580,6,6,10
581,6,6,10
582,6,6,10
583,6,6,10
584,6,6,10
585,6,6,10
586,6,6,10
587,6,6,10
588,6,6,10
589,6,6,10
590,6,6,10
591,6,6,10
592,6,6,10
593,6,6,10
594,6,6,10
595,6,6,9
596,6,6,10
597,6,6,10
598,7,6,10
599,7,6,10
600,7,6,10
601,7,7,11
602,6,6,10
603,7,7,12
604,7,7,12
605,7,7,12
606,7,7,12
607,7,7,12
608,7,7,12
609,7,7,12
610,7,7,12
611,7,7,12
612,7,7,11
613,7,7,12
614,7,7,12
615,7,7,11
616,8,7,12
617,8,7,11
618,8,7,12
619,8,8,11
620,8,8,14
621,8,8,14
622,8,8,15
623,8,8,15
624,8,8,15
625,8,8,15
626,8,8,15
627,8,8,14
628,8,8,14
629,8,8,15
630,8,8,14
631,8,8,14
632,8,8,15
633,8,8,14
634,8,8,15
635,8,8,15
636,8,8,15
637,8,8,15
638,8,8,15
639,8,8,15
640,8,8,15
641,8,8,15
642,8,8,15
643,8,8,15
644,8,8,14
645,8,8,15
646,9,9,18
647,9,9,18
648,9,9,18
649,9,9,18
650,9,9,18
651,9,9,18
652,9,9,18
653,9,9,17
654,9,9,18
655,9,9,18
656,9,9,18
657,9,9,18
658,9,9,18
659,9,9,18
660,9,9,18
661,9,9,17
662,9,9,18
663,9,9,18
664,9,9,18
665,9,9,18
666,9,9,18
667,9,9,18
668,9,9,18
669,9,9,18
670,9,9,18
671,9,9,18
672,9,9,18
673,9,9,18
674,9,9,17
675,9,9,16
676,9,9,18
677,9,9,18
678,9,9,18
679,9,9,18
680,9,9,18
681,9,9,18
682,9,9,18
683,9,9,18
684,9,9,18
685,9,9,18
686,9,9,18
687,9,9,18
688,9,9,18
689,9,9,18
690,9,9,18
691,9,9,18
692,9,9,18
693,9,9,18
694,9,9,18
695,9,9,18
696,9,9,18
697,9,9,18
698,9,9,17
699,9,9,18
700,9,9,18
701,9,9,18
702,9,9,18
703,10,9,18
704,10,9,18
705,10,9,18
706,10,10,19
707,10,10,21
708,10,10,21
709,10,10,21
710,10,10,21
711,10,10,20
712,10,10,21
713,10,10,20
714,10,10,20
715,10,10,20
716,10,10,21
717,10,10,21
718,10,10,21
719,10,10,21
720,10,10,21
721,10,10,21
722,10,10,21
723,10,10,21
724,10,10,21
725,10,10,21
726,10,10,21
727,10,10,21
728,10,10,20
729,10,10,21
730,10,10,21
731,10,10,21
732,10,10,21
733,10,10,21
734,10,10,21
735,10,10,21
736,10,10,21
737,10,10,21
738,10,10,21
739,10,10,20
740,10,10,21
741,10,10,21
742,10,10,21
743,10,10,21
744,10,10,21
745,10,10,21
746,10,10,21
747,10,10,21
748,10,10,21
749,10,10,20
750,10,10,21
751,10,10,21
752,10,10,21
753,10,10,21
754,10,10,21
755,10,10,21
756,10,10,21
757,10,10,21
758,10,10,21
759,10,10,21
760,10,10,21
761,10,10,21
762,10,10,21
763,10,10,21
764,10,10,20
765,10,10,21
766,10,10,21
767,10,10,21
768,10,10,20
769,10,10,21
770,10,10,21
771,10,10,21
772,10,10,21
773,10,10,21
774,10,10,21
775,10,10,20
776,10,10,20
777,10,10,21
778,10,10,21
779,10,10,21
780,10,10,21
781,10,10,21
782,10,10,21
783,10,10,19
784,10,10,20
785,10,10,21
786,10,10,21
787,10,10,20
788,10,10,21
789,10,10,21
790,10,10,21
791,10,10,21
792,10,10,21
793,10,10,21
794,10,10,21
795,10,10,21
796,10,10,21
797,10,10,21
798,10,10,21
799,10,10,20
800,10,10,21
801,10,10,21
802,10,10,21
803,10,10,21
804,10,10,21
805,10,10,21
806,10,10,21
807,10,10,21
808,10,10,20
809,10,10,20
810,10,10,21
811,10,10,21
812,10,10,21
813,10,10,21
814,10,10,21
815,10,10,21
816,10,10,21
817,10,10,19
818,10,10,20
819,10,10,21
820,10,10,21
821,10,10,21
822,10,10,21
823,10,10,21
824,10,10,21
825,10,10,21
826,10,10,21
827,10,10,21
828,10,10,21
829,10,10,21
830,10,10,20
831,10,10,21
832,10,10,21
833,10,10,21
834,10,10,21
835,10,10,21
836,10,10,21
837,10,10,21
838,10,10,21
839,10,10,21
840,10,10,21
841,10,10,21
842,10,10,21
843,10,10,21
844,10,10,21
845,10,10,21
846,10,10,21
847,10,10,21
848,10,10,21
849,10,10,21
850,10,10,21
851,10,10,21
852,10,10,21
853,10,10,21
854,10,10,21
855,10,10,21
856,10,10,21
857,10,10,21
858,10,10,21
859,10,10,21
860,10,10,21
861,10,10,21
862,10,10,21
863,10,10,21
864,10,10,21
865,10,10,21
866,10,10,21
867,10,10,21
868,10,10,21
869,10,10,21
870,10,10,20
871,10,10,21
872,10,10,21
873,10,10,21
874,10,10,21
875,10,10,21
876,10,10,21
877,10,10,21
878,10,10,21
879,10,10,21
880,10,10,21
881,10,10,21
882,10,10,21
883,10,10,21
884,10,10,21
885,10,10,21
886,10,10,21
887,10,10,21
888,10,10,21
889,10,10,21
890,10,10,21
891,10,10,21
892,10,10,21
893,10,10,20
894,10,10,21
895,10,10,21
896,10,10,21
897,10,10,21
898,10,10,21
899,10,10,21
900,10,10,21
901,10,10,21
902,10,10,20
903,10,10,21
904,10,10,20
905,10,10,21
906,10,10,21
907,10,10,21
908,10,10,21
909,10,10,21
910,10,10,21
911,10,10,21
912,10,10,21
913,10,10,21
914,10,10,21
915,10,10,21
916,10,10,21
917,10,10,21
918,10,10,21
919,10,10,21
920,10,10,21
921,10,10,21
922,10,10,21
923,10,10,21
924,10,10,21
925,10,10,21
926,10,10,21
927,10,10,21
928,10,10,21
929,10,10,21
930,10,10,21
931,10,10,21
932,10,10,21
933,10,10,21
934,10,10,21
935,10,10,21
936,10,10,21
937,10,10,21
938,10,10,21
939,10,10,21
940,10,10,21
941,10,10,21
942,10,10,21
943,10,10,21
944,10,10,21
945,10,10,21
946,10,10,21
947,10,10,21
948,10,10,21
949,10,10,21
950,10,10,21
951,10,10,21
952,10,10,21
953,10,10,21
954,10,10,21
955,10,10,21
956,10,10,21
957,10,10,21
958,10,10,21
959,10,10,21
960,10,10,21
961,10,10,21
962,10,10,21
963,10,10,21
964,10,10,21
965,10,10,21
966,10,10,21
967,10,10,21
968,10,10,21
969,10,10,21
970,10,10,21
971,10,10,21
972,10,10,21
973,10,10,21
974,10,10,21
975,10,10,21
976,10,10,21
977,10,10,21
978,10,10,21
979,10,10,21
980,10,10,21
981,10,10,21
982,10,10,21
983,10,10,21
984,10,10,21
985,10,10,21
986,10,10,21
987,10,10,21
988,10,10,21
989,10,10,21
990,10,10,21
991,10,10,21
992,10,10,21
993,10,10,21
994,10,10,21
995,10,10,21
996,10,10,21
997,10,10,21
998,10,10,21
999,10,10,21
1000,10,10,21
1001,10,10,21
1002,10,10,21
1003,10,10,21
1004,10,10,21
1005,10,10,21
1006,10,10,21
1007,10,10,21
1008,10,10,21
1009,10,10,21
1010,10,10,21
1011,10,10,21
1012,10,10,21
1013,10,10,21
1014,10,10,21
1015,10,10,21
1016,10,10,21
1017,10,10,21
1018,10,10,21
1019,10,10,21
1020,10,10,21
1021,10,10,21
1022,10,10,21
1023,10,10,21
1024,10,10,21
1025,10,10,21
1026,10,10,21
1027,10,10,21
1028,10,10,21
1029,10,10,21
1030,10,10,21
1031,10,10,21
1032,10,10,21
1033,10,10,21
1034,10,10,21
1035,10,10,21
1036,10,10,21
1037,10,10,20
1038,10,10,21
1039,10,10,21
1040,10,10,21
1041,10,10,21
1042,10,10,21
1043,10,10,21
1044,10,10,21
1045,10,10,21
1046,10,10,21
1047,10,10,21
1048,10,10,21
1049,10,10,21
1050,10,10,21
1051,10,10,21
1052,10,10,21
1053,10,10,21
1054,10,10,21
1055,10,10,21
1056,10,10,21
1057,10,10,21
1058,10,10,21
1059,10,10,21
1060,10,10,21
1061,10,10,21
1062,10,10,21
1063,10,10,21
1064,10,10,21
1065,10,10,21
1066,10,10,21
1067,10,10,21
1068,10,10,20
1069,10,10,20
1070,10,10,21
1071,10,10,21
1072,10,10,21
1073,10,10,20
1074,10,10,21
1075,10,10,21
1076,10,10,21
1077,10,10,21
1078,10,10,21
1079,10,10,21
1080,10,10,21
1081,10,10,21
1082,10,10,21
1083,10,10,21
1084,10,10,21
1085,10,10,21
1086,10,10,21
1087,10,10,21
1088,10,10,21
1089,10,10,21
1090,10,10,21
1091,10,10,21
1092,10,10,21
1093,10,10,21
1094,10,10,21
1095,10,10,21
1096,10,10,21
1097,10,10,21
1098,10,10,21
1099,10,10,20
1100,10,10,21
1101,10,10,21
1102,10,10,21
1103,10,10,21
1104,10,10,21
1105,10,10,21
1106,10,10,21
1107,10,10,21
1108,10,10,21
1109,10,10,21
1110,10,10,21
1111,10,10,21
1112,10,10,21
1113,10,10,21
1114,10,10,21
1115,10,10,21
1116,10,10,21
1117,10,10,21
1118,10,10,21
1119,10,10,21
1120,10,10,21
1121,10,10,21
1122,10,10,21
1123,10,10,21
1124,10,10,21
1125,10,10,21
1126,10,10,21
1127,10,10,21
1128,10,10,21
1129,10,10,20
1130,9,9,18
1131,10,10,21
1132,10,10,20
1133,10,10,20
1134,10,10,21
1135,10,10,21
1136,10,10,21
1137,10,10,21
1138,10,10,21
1139,10,10,21
1140,10,10,21
1141,10,10,21
1142,10,10,21
1143,10,10,19
1144,10,10,21
1145,10,10,21
1146,10,10,21
1147,10,10,21
1148,10,10,21
1149,10,10,21
1150,10,10,21
1151,10,10,21
1152,10,10,21
1153,10,10,21
1154,10,10,21
1155,10,10,19
1156,10,10,21
1157,10,10,21
1158,10,10,21
1159,10,10,20
1160,10,10,21
1161,10,10,21
1162,10,10,21
1163,10,10,21
1164,10,10,21
1165,10,10,21
1166,10,10,21
1167,10,10,21
1168,10,10,21
1169,10,10,21
1170,10,10,21
1171,10,10,20
1172,10,10,21
1173,10,10,21
1174,10,10,21
1175,10,10,21
1176,10,10,21
1177,10,10,21
1178,10,10,21
1179,10,10,21
1180,10,10,21
1181,10,10,21
1182,10,10,21
1183,10,10,21
1184,10,10,21
1185,10,10,21
1186,10,10,21
1187,10,10,21
1188,10,10,21
1189,10,10,21
1190,10,10,21
1191,10,10,21
1192,10,10,21
1193,10,10,21
1194,10,10,21
1195,10,10,21
1196,10,10,21
1197,10,10,21
1198,10,10,21
1199,10,10,21
1200,10,10,21
1201,10,10,21
1202,10,10,21
1203,10,10,21
1204,10,10,21
1205,10,10,20
1206,10,10,21
1207,10,10,21
1208,10,10,21
1209,10,10,21
1210,10,10,20
1211,10,10,21
1212,10,10,21
1213,10,10,21
1214,10,10,21
1215,10,10,21
1216,10,10,21
1217,10,10,21
1218,10,10,21
1219,10,10,21
1220,10,10,21
1221,10,10,21
1222,10,10,21
1223,10,10,21
1224,10,10,21
1225,10,10,21
1226,10,10,21
1227,10,10,21
1228,10,10,21
1229,10,10,21
1230,10,10,21
1231,10,10,21
1232,10,10,21
1233,10,10,21
1234,10,10,21
1235,10,10,21
1236,10,10,21
1237,10,10,20
1238,10,10,21
1239,10,10,21
1240,10,10,21
1241,10,10,21
1242,10,10,21
1243,10,10,21
1244,10,10,21
1245,10,10,20
1246,10,10,21
1247,10,10,21
1248,10,10,21
1249,10,10,21
1250,10,10,21
1251,10,10,21
1252,10,10,21
1253,10,10,21
1254,10,10,21
1255,10,10,21
1256,10,10,21
1257,10,10,21
1258,10,10,21
1259,10,10,21
1260,10,10,21
1261,10,10,21
1262,10,10,21
1263,10,10,21
1264,10,10,21
1265,10,10,21
1266,10,10,21
1267,10,10,21
1268,10,10,21
1269,10,10,21
1270,10,10,21
1271,10,10,21
1272,10,10,21
1273,10,10,21
1274,10,10,21
1275,11,11,24
1276,11,11,24
1277,11,11,25
1278,11,11,25
1279,11,11,25
1280,11,11,25
1281,11,11,25
1282,11,11,25
1283,11,11,25
1284,11,11,25
1285,11,11,25
1286,11,11,25
1287,11,11,25
1288,11,11,25
1289,11,11,25
1290,11,11,25
1291,11,11,25
1292,11,11,25
1293,11,11,25
1294,11,11,25
1295,11,11,25
1296,11,11,25
1297,11,11,25
1298,11,11,25
1299,11,11,25
1300,11,11,25
1301,11,11,25
1302,11,11,25
1303,11,11,25
1304,11,11,25
1305,11,11,24
1306,11,11,25
1307,11,11,25
1308,11,11,25
1309,11,11,25
1310,11,11,25
1311,11,11,25
1312,11,11,25
1313,11,11,25
1314,11,11,25
1315,11,11,25
1316,11,11,24
1317,11,11,25
1318,11,11,25
1319,11,11,25
1320,11,11,25
1321,11,11,25
1322,11,11,25
1323,11,11,25
1324,11,11,25
1325,11,11,25
1326,11,11,25
1327,11,11,25
1328,11,11,25
1329,11,11,25
1330,11,11,25
1331,11,11,25
1332,11,11,25
1333,11,11,25
1334,11,11,25
1335,11,11,25
1336,11,11,25
1337,11,11,25
1338,11,11,25
1339,11,11,25
1340,11,11,25
1341,11,11,25
1342,11,11,25
1343,11,11,25
1344,11,11,25
1345,11,11,25
1346,11,11,25
1347,11,11,25
1348,11,11,25
1349,11,11,25
1350,11,11,25
1351,11,11,25
1352,11,11,25
1353,11,11,25
1354,11,11,25
1355,11,11,24
1356,11,11,25
1357,11,11,25
1358,11,11,25
1359,11,11,25
1360,11,11,25
1361,11,11,25
1362,11,11,25
1363,11,11,25
1364,11,11,25
1365,11,11,25
1366,11,11,25
1367,11,11,25
1368,11,11,25
1369,11,11,25
1370,11,11,24
1371,11,11,25
1372,11,11,25
1373,11,11,25
1374,11,11,25
1375,11,11,25
1376,11,11,25
1377,11,11,25
1378,11,11,25
1379,11,11,25
1380,11,11,25
1381,11,11,25
1382,11,11,25
1383,11,11,25
1384,11,11,25
1385,11,11,25
1386,11,11,25
1387,11,11,25
1388,11,11,25
1389,11,11,25
1390,11,11,25
1391,11,11,25
1392,11,11,25
1393,11,11,25
1394,11,11,25
1395,11,11,24
1396,11,11,25
1397,11,11,25
1398,11,11,25
1399,11,11,25
1400,11,11,25
1401,11,11,25
1402,11,11,25
1403,11,11,25
1404,11,11,25
1405,11,11,25
1406,11,11,25
1407,11,11,25
1408,11,11,25
1409,11,11,25
1410,11,11,25
1411,11,11,25
1412,11,11,25
1413,11,11,25
1414,11,11,25
1415,11,11,24
1416,11,11,25
1417,11,11,25
1418,11,11,25
1419,11,11,25
1420,11,11,25
1421,11,11,25
1422,11,11,25
1423,11,11,25
1424,11,11,25
1425,11,11,25
1426,11,11,25
1427,11,11,25
1428,11,11,25
1429,11,11,25
1430,11,11,25
1431,11,11,25
1432,11,11,25
1433,11,11,25
1434,11,11,25
1435,11,11,25
1436,11,11,25
1437,11,11,25
1438,11,11,25
1439,11,11,25
1440,11,11,25
1441,11,11,25
1442,11,11,25
1443,11,11,25
1444,11,11,25
1445,11,11,25
1446,11,11,25
1447,11,11,25
1448,11,11,25
1449,11,11,25
1450,11,11,25
1451,11,11,25
1452,11,11,25
1453,11,11,25
1454,11,11,25
1455,11,11,25
1456,11,11,25
1457,11,11,25
1458,11,11,25
1459,11,11,25
1460,11,11,23
1461,11,11,25
1462,11,11,25
1463,11,11,25
1464,11,11,25
1465,11,11,25
1466,11,11,25
1467,11,11,24
1468,11,11,25
1469,11,11,25
1470,11,11,25
1471,11,11,25
1472,11,11,25
1473,11,11,25
1474,11,11,25
1475,11,11,25
1476,11,11,25
1477,11,11,25
1478,11,11,25
1479,11,11,25
1480,11,11,25
1481,11,11,25
1482,11,11,25
1483,11,11,25
1484,11,11,25
1485,11,11,25
1486,11,11,25
1487,11,11,25
1488,11,11,25
1489,11,11,25
1490,11,11,25
1491,11,11,25
1492,11,11,25
1493,11,11,25
1494,11,11,25
1495,11,11,25
1496,11,11,25
1497,11,11,25
1498,11,11,25
1499,11,11,25
1500,11,11,25
1501,11,11,25
1502,11,11,25
1503,11,11,25
1504,11,11,25
1505,11,11,25
1506,11,11,25
1507,11,11,25
1508,11,11,25
1509,11,11,25
1510,11,11,25
1511,11,11,25
1512,11,11,25
1513,11,11,25
1514,11,11,25
1515,11,11,25
1516,11,11,25
1517,11,11,25
1518,11,11,25
1519,11,11,25
1520,11,11,25
1521,11,11,25
1522,11,11,25
1523,11,11,25
1524,11,11,25
1525,11,11,25
1526,11,11,25
1527,11,11,25
1528,11,11,25
1529,11,11,25
1530,11,11,25
1531,11,11,25
1532,11,11,25
1533,11,11,25
1534,11,11,25
1535,11,11,25
1536,11,11,25
1537,11,11,25
1538,11,11,25
1539,11,11,25
1540,11,11,25
1541,11,11,25
1542,11,11,25
1543,11,11,25
1544,11,11,25
1545,11,11,25
1546,11,11,25
1547,11,11,25
1548,11,11,25
1549,11,11,25
1550,11,11,25
1551,11,11,25
1552,11,11,25
1553,11,11,25
1554,11,11,25
1555,11,11,25
1556,11,11,25
1557,11,11,25
1558,11,11,25
1559,11,11,25
1560,11,11,25
1561,11,11,25
1562,11,11,25
1563,11,11,25
1564,11,11,25
1565,11,11,25
1566,11,11,25
1567,11,11,25
1568,12,12,30
1569,12,12,29
1570,12,12,30
1571,12,12,30
1572,12,12,30
1573,12,12,30
1574,12,12,30
1575,12,12,30
1576,12,12,30
1577,12,12,30
1578,12,12,30
1579,12,12,30
1580,12,12,30
1581,12,12,30
1582,12,12,30
1583,12,12,30
1584,12,12,30
1585,12,12,30
1586,12,12,30
1587,12,12,30
1588,12,12,30
1589,12,12,30
1590,12,12,30
1591,12,12,30
1592,12,12,30
1593,12,12,30
1594,12,12,30
1595,12,12,30
1596,12,12,30
1597,12,12,30
1598,12,12,30
1599,12,12,30
1600,12,12,30
1601,12,12,30
1602,12,12,30
1603,12,12,30
1604,12,12,30
1605,12,12,30
1606,12,12,30
1607,12,12,30
1608,12,12,30
1609,12,12,30
1610,12,12,30
1611,12,12,30
1612,12,12,30
1613,12,12,30
1614,12,12,30
1615,12,12,30
1616,12,12,30
1617,12,12,30
1618,12,12,30
1619,12,12,30
1620,12,12,30
1621,12,12,30
1622,12,12,30
1623,12,12,30
1624,12,12,30
1625,12,12,30
1626,12,12,30
1627,12,12,30
1628,12,12,30
1629,12,12,30
1630,12,12,30
1631,12,12,30
1632,12,12,30
1633,12,12,30
1634,12,12,30
1635,12,12,30
1636,12,12,30
1637,12,12,30
1638,12,12,30
1639,12,12,30
1640,12,12,30
1641,12,12,30
1642,12,12,30
1643,12,12,30
1644,12,12,30
1645,12,12,30
1646,12,12,30
1647,12,12,30
1648,12,12,30
1649,12,12,30
1650,12,12,30
1651,12,12,30
1652,12,12,30
1653,12,12,30
1654,12,12,30
1655,12,12,30
1656,12,12,30
1657,12,12,30
1658,12,12,30
1659,12,12,30
1660,12,12,30
1661,12,12,30
1662,12,12,30
1663,12,12,30
1664,12,12,30
1665,12,12,30
1666,12,12,30
1667,12,12,30
1668,12,12,30
1669,12,12,30
1670,12,12,30
1671,12,12,30
1672,12,12,30
1673,12,12,30
1674,12,12,30
1675,12,12,30
1676,12,12,30
1677,12,12,30
1678,12,12,30
1679,12,12,30
1680,12,12,30
1681,12,12,30
1682,12,12,29
1683,12,12,30
1684,12,12,30
1685,12,12,30
1686,12,12,30
1687,12,12,30
1688,12,12,30
1689,12,12,29
1690,12,12,30
1691,12,12,30
1692,12,12,30
1693,12,12,30
1694,12,12,30
1695,12,12,30
1696,12,12,30
1697,12,12,30
1698,12,12,30
1699,12,12,30
1700,12,12,30
1701,12,12,30
1702,12,12,30
1703,12,12,30
1704,12,12,30
1705,12,12,30
1706,12,12,30
1707,12,12,30
1708,12,12,30
1709,12,12,30
1710,12,12,30
1711,12,12,30
1712,12,12,30
1713,12,12,30
1714,12,12,30
1715,12,12,30
1716,12,12,30
1717,12,12,30
1718,12,12,30
1719,12,12,30
1720,12,12,30
1721,12,12,30
1722,12,12,30
1723,12,12,30
1724,12,12,30
1725,12,12,30
1726,12,12,30
1727,12,12,30
1728,12,12,30
1729,12,12,30
1730,12,12,30
1731,12,12,30
1732,12,12,30
1733,12,12,30
1734,12,12,30
1735,12,12,30
1736,12,12,30
1737,12,12,30
1738,12,12,30
1739,12,12,30
1740,12,12,30
1741,12,12,30
1742,12,12,30
1743,12,12,30
1744,12,12,30
1745,12,12,30
1746,12,12,30
1747,12,12,30
1748,12,12,30
1749,12,12,30
1750,12,12,30
1751,12,12,30
1752,12,12,30
1753,12,12,30
1754,12,12,30
1755,12,12,30
1756,12,12,30
1757,12,12,30
1758,12,12,30
1759,12,12,30
1760,12,12,30
1761,12,12,30
1762,12,12,30
1763,12,12,30
1764,12,12,30
1765,12,12,30
1766,12,12,30
1767,12,12,30
1768,12,12,30
1769,12,12,30
1770,12,12,30
1771,12,12,30
1772,12,12,30
1773,12,12,30
1774,12,12,30
1775,12,12,30
1776,12,12,30
1777,12,12,30
1778,12,12,30
1779,12,12,30
1780,12,12,30
1781,12,12,30
1782,12,12,30
1783,12,12,30
1784,12,12,30
1785,12,12,30
1786,12,12,30
1787,12,12,30
1788,12,12,30
1789,12,12,30
1790,12,12,30
1791,12,12,30
1792,12,12,30
1793,12,12,30
1794,12,12,30
1795,12,12,30
1796,12,12,30
1797,12,12,30
1798,12,12,30
1799,12,12,30
1800,12,12,30
1801,12,12,30
1802,12,12,30
1803,12,12,30
1804,12,12,30
1805,12,12,30
1806,12,12,30
1807,12,12,30
1808,12,12,30
1809,12,12,30
1810,12,12,30
1811,12,12,30
1812,12,12,30
1813,12,12,30
1814,12,12,30
1815,12,12,30
1816,12,12,30
1817,12,12,30
1818,12,12,30
1819,12,12,30
1820,12,12,30
1821,12,12,30
1822,12,12,30
1823,12,12,30
1824,12,12,30
1825,12,12,30
1826,12,12,30
1827,12,12,30
1828,12,12,30
1829,12,12,30
1830,12,12,30
1831,12,12,30
1832,12,12,30
1833,12,12,30
1834,12,12,30
1835,12,12,30
1836,12,12,30
1837,12,12,30
1838,12,12,30
1839,12,12,30
1840,12,12,30
1841,12,12,30
1842,12,12,30
1843,12,12,30
1844,12,12,30
1845,12,12,30
1846,12,12,30
1847,12,12,30
1848,12,12,30
1849,12,12,30
1850,12,12,30
1851,12,12,30
1852,12,12,30
1853,12,12,30
1854,12,12,30
1855,12,12,30
1856,12,12,30
1857,12,12,30
1858,12,12,30
1859,12,12,30
1860,12,12,30
1861,12,12,30
1862,12,12,30
1863,12,12,30
1864,12,12,30
1865,12,12,30
1866,12,12,30
1867,12,12,30
1868,12,12,30
1869,12,12,30
1870,12,12,30
1871,12,12,30
1872,12,12,30
1873,12,12,30
1874,12,12,30
1875,12,12,30
1876,12,12,30
1877,12,12,30
1878,12,12,30
1879,12,12,30
1880,12,12,30
1881,12,12,30
1882,12,12,30
1883,12,12,30
1884,12,12,30
1885,12,12,30
1886,12,12,30
1887,12,12,30
1888,12,12,30
1889,12,12,30
1890,12,12,30
1891,12,12,30
1892,12,12,30
1893,12,12,30
1894,12,12,30
1895,12,12,30
1896,12,12,30
1897,12,12,30
1898,12,12,30
1899,12,12,30
1900,12,12,30
1901,12,12,30
1902,12,12,30
1903,12,12,30
1904,12,12,30
1905,12,12,30
1906,12,12,30
1907,12,12,30
1908,12,12,30
1909,12,12,30
1910,12,12,30
1911,12,12,30
1912,12,12,30
1913,12,12,30
1914,12,12,30
1915,12,12,30
1916,12,12,30
1917,12,12,30
1918,12,12,30
1919,12,12,30
1920,12,12,30
1921,12,12,30
1922,12,12,30
1923,12,12,30
1924,12,12,30
1925,12,12,30
1926,12,12,30
1927,12,12,30
1928,12,12,30
1929,12,12,30
1930,12,12,30
1931,12,12,30
1932,12,12,30
1933,12,12,30
1934,12,12,30
1935,12,12,30
1936,12,12,30
1937,12,12,30
1938,12,12,30
1939,12,12,30
1940,12,12,30
1941,12,12,30
1942,12,12,30
1943,12,12,30
1944,12,12,30
1945,12,12,30
1946,12,12,30
1947,12,12,30
1948,12,12,30
1949,12,12,30
1950,12,12,30
1951,12,12,30
1952,12,12,30
1953,12,12,30
1954,12,12,30
1955,12,12,30
1956,12,12,30
1957,12,12,30
1958,12,12,30
1959,12,12,30
1960,12,12,30
1961,12,12,30
1962,12,12,30
1963,12,12,30
1964,12,12,30
1965,12,12,30
1966,12,12,30
1967,12,12,30
1968,12,12,30
1969,12,12,30
1970,12,12,30
1971,12,12,30
1972,12,12,30
1973,12,12,30
1974,12,12,30
1975,12,12,30
1976,12,12,30
1977,12,12,30
1978,12,12,30
1979,12,12,30
1980,12,12,30
1981,12,12,30
1982,12,12,30
1983,12,12,30
1984,12,12,30
1985,12,12,30
1986,12,12,30
1987,12,12,30
1988,12,12,30
1989,12,12,30
1990,12,12,30
1991,12,12,30
1992,12,12,29
1993,12,12,30
1994,12,12,30
1995,12,12,30
1996,12,12,30
1997,12,12,30
1998,12,12,30
1999,12,12,30
