0,0,0,0
1,1,0,0
2,1,0,0
3,1,0,0
4,3,0,0
5,2,0,0
6,2,0,0
7,2,0,0
8,2,0,0
9,2,0,0
10,2,0,0
11,2,0,0
12,1,0,0
13,1,0,0
14,1,0,0
15,2,0,0
16,1,0,0
17,2,0,0
18,2,0,0
19,3,0,0
20,2,0,0
21,2,0,0
22,2,0,0
23,2,0,0
24,1,0,0
25,1,0,0
26,1,0,0
27,1,0,0
28,1,0,0
29,1,0,0
30,1,0,0
31,1,0,0
32,2,0,0
33,1,0,0
34,1,0,0
35,1,0,0
36,1,0,0
37,1,0,0
38,1,0,0
39,3,0,0
40,2,0,0
41,3,2,1
42,3,2,1
43,3,2,1
44,4,2,1
45,3,0,0
46,3,0,0
47,3,0,0
48,2,0,0
49,3,0,0
50,3,0,0
51,3,2,1
52,3,2,1
53,3,2,1
54,3,0,0
55,3,0,0
56,3,0,0
57,4,0,0
58,3,0,0
59,3,0,0
60,3,0,0
61,3,0,0
62,2,0,0
63,3,0,0
64,2,0,0
65,2,0,0
66,3,0,0
67,2,0,0
68,2,0,0
69,2,0,0
70,2,0,0
71,2,0,0
72,2,0,0
73,2,0,0
74,2,0,0
75,2,0,0
76,2,0,0
77,2,0,0
78,2,0,0
79,2,0,0
80,2,0,0
81,2,0,0
82,3,0,0
83,2,0,0
84,2,0,0
85,2,0,0
86,2,0,0
87,2,0,0
88,2,0,0
89,2,0,0
90,2,0,0
91,2,0,0
92,2,0,0
93,2,0,0
94,2,0,0
95,2,0,0
96,2,0,0
97,2,0,0
98,2,0,0
99,2,0,0
100,2,0,0
101,3,0,0
102,3,0,0
103,3,0,0
104,3,0,0
105,3,0,0
106,3,0,0
107,3,0,0
108,3,0,0
109,3,0,0
110,3,0,0
111,3,0,0
112,3,0,0
113,3,0,0
114,3,0,0
115,3,0,0
116,3,0,0
117,3,0,0
118,3,0,0
119,3,0,0
120,3,0,0
121,3,0,0
122,3,0,0
123,2,0,0
124,2,0,0
125,3,0,0
126,2,0,0
127,2,0,0
128,3,0,0
129,2,0,0
130,2,0,0
131,2,0,0
132,2,2,1
133,2,0,0
134,2,0,0
135,2,0,0
136,2,0,0
137,1,0,0
138,1,0,0
139,1,0,0
140,1,0,0
141,1,0,0
142,2,0,0
143,3,0,0
144,3,0,0
145,2,0,0
146,2,0,0
147,1,0,0
148,1,0,0
149,1,0,0
150,1,0,0
151,1,0,0
152,2,0,0
153,2,0,0
154,1,0,0
155,1,0,0
156,2,0,0
157,1,0,0
158,1,0,0
159,2,0,0
160,1,0,0
161,1,0,0
162,2,0,0
163,2,0,0
164,2,0,0
165,2,0,0
166,1,0,0
167,2,0,0
168,3,0,0
169,3,2,1
170,2,0,0
171,2,2,1
172,2,2,1
173,2,2,1
174,2,2,1
175,2,2,1
176,2,0,0
177,2,0,0
178,2,0,0
179,2,0,0
180,2,0,0
181,2,0,0
182,3,0,0
183,2,0,0
184,2,0,0
185,2,0,0
186,2,0,0
187,2,0,0
188,2,0,0
189,2,0,0
190,2,0,0
191,2,0,0
192,2,0,0
193,2,2,1
194,2,0,0
195,2,0,0
196,2,0,0
197,2,0,0
198,3,0,0
199,3,0,0
200,4,0,0
201,3,0,0
202,2,0,0
203,2,0,0
204,2,0,0
205,2,0,0
206,2,0,0
207,2,0,0
208,2,0,0
209,2,0,0
210,1,0,0
211,1,0,0
212,1,0,0
213,1,0,0
214,1,0,0
215,1,0,0
216,1,0,0
217,1,0,0
218,1,0,0
219,2,0,0
220,2,0,0
221,2,0,0
222,2,0,0
223,2,0,0
224,2,0,0
225,2,0,0
226,3,0,0
227,3,0,0
228,3,0,0
229,3,0,0
230,3,0,0
231,2,0,0
232,2,0,0
233,2,0,0
234,2,2,1
235,2,2,1
236,2,2,1
237,2,2,1
238,2,2,1
239,2,2,1
240,2,0,0
241,2,0,0
242,2,0,0
243,2,0,0
244,2,0,0
245,2,0,0
246,2,0,0
247,2,0,0
248,1,0,0
249,1,0,0
250,1,0,0
251,1,0,0
252,1,0,0
253,1,0,0
254,1,0,0
255,1,0,0
256,2,0,0
257,2,0,0
258,2,0,0
259,2,0,0
260,2,0,0
261,2,0,0
262,2,0,0
263,2,0,0
264,2,0,0
265,2,0,0
266,1,0,0
267,1,0,0
268,1,0,0
269,1,0,0
270,1,0,0
271,1,0,0
272,1,0,0
273,1,0,0
274,1,0,0
275,1,0,0
276,2,0,0
277,1,0,0
278,1,0,0
279,1,0,0
280,1,0,0
281,1,0,0
282,0,0,0
283,1,0,0
284,1,0,0
285,1,0,0
286,1,0,0
287,1,0,0
288,1,0,0
289,1,0,0
290,1,0,0
291,2,0,0
292,2,0,0
293,2,0,0
294,2,0,0
295,2,0,0
296,2,0,0
297,1,0,0
298,1,0,0
299,0,0,0
300,1,0,0
301,2,0,0
302,2,0,0
303,2,0,0
304,1,0,0
305,1,0,0
306,3,0,0
307,1,0,0
308,0,0,0
309,0,0,0
310,0,0,0
311,0,0,0
312,1,0,0
313,1,0,0
314,1,0,0
315,1,0,0
316,1,0,0
317,1,0,0
318,1,0,0
319,1,0,0
320,1,0,0
321,0,0,0
322,0,0,0
323,0,0,0
324,0,0,0
325,1,0,0
326,0,0,0
327,1,0,0
328,1,0,0
329,1,0,0
330,1,0,0
331,1,0,0
332,1,0,0
333,1,0,0
334,1,0,0
335,1,0,0
336,1,0,0
337,1,0,0
338,1,0,0
339,1,0,0
340,2,0,0
341,1,0,0
342,1,0,0
343,1,0,0
344,1,0,0
345,1,0,0
346,1,0,0
347,1,0,0
348,1,0,0
349,1,0,0
350,3,0,0
351,2,0,0
352,1,0,0
353,2,0,0
354,2,0,0
355,2,0,0
356,2,0,0
357,2,0,0
358,2,0,0
359,2,2,1
360,2,0,0
361,2,0,0
362,2,0,0
363,2,0,0
364,2,0,0
365,1,0,0
366,2,0,0
367,1,0,0
368,1,0,0
369,1,0,0
370,1,0,0
371,1,0,0
372,1,0,0
373,2,0,0
374,3,0,0
375,3,0,0
376,3,0,0
377,3,2,1
378,3,0,0
379,3,0,0
380,3,0,0
381,3,0,0
382,3,0,0
383,3,0,0
384,3,0,0
385,3,0,0
386,3,0,0
387,3,0,0
388,3,2,1
389,3,0,0
390,3,2,1
391,2,0,0
392,2,0,0
393,2,0,0
394,2,0,0
395,2,0,0
396,2,0,0
397,2,0,0
398,1,0,0
399,1,0,0
400,2,0,0
401,1,0,0
402,1,0,0
403,1,0,0
404,1,0,0
405,1,0,0
406,1,0,0
407,1,0,0
408,1,0,0
409,1,0,0
410,1,0,0
411,1,0,0
412,1,0,0
413,1,0,0
414,2,0,0
415,2,0,0
416,2,0,0
417,2,0,0
418,2,0,0
419,2,0,0
420,2,0,0
421,2,0,0
422,2,0,0
423,1,0,0
424,1,0,0
425,1,0,0
426,1,0,0
427,1,0,0
428,1,0,0
429,1,0,0
430,2,0,0
431,0,0,0
432,1,0,0
433,1,0,0
434,1,0,0
435,1,0,0
436,1,0,0
437,1,0,0
438,2,0,0
439,2,0,0
440,2,0,0
441,1,0,0
442,1,0,0
443,2,0,0
444,2,0,0
445,2,0,0
446,2,0,0
447,2,0,0
448,2,0,0
449,3,0,0
450,3,0,0
451,3,0,0
452,2,0,0
453,2,0,0
454,2,0,0
455,2,0,0
456,1,0,0
457,1,0,0
458,1,0,0
459,1,0,0
460,1,0,0
461,1,0,0
462,1,0,0
463,1,0,0
464,1,0,0
465,1,0,0
466,2,0,0
467,1,0,0
468,1,0,0
469,1,0,0
470,1,0,0
471,1,0,0
472,3,0,0
473,2,0,0
474,2,0,0
475,2,0,0
476,2,0,0
477,2,0,0
478,2,0,0
479,3,0,0
480,2,0,0
481,1,0,0
482,1,0,0
483,1,0,0
484,1,0,0
485,1,0,0
486,2,0,0
487,2,0,0
488,2,0,0
489,3,0,0
490,2,0,0
491,2,0,0
492,2,0,0
493,2,0,0
494,2,0,0
495,3,0,0
496,1,0,0
497,1,0,0
498,2,0,0
499,1,0,0
500,1,0,0
501,1,0,0
502,2,0,0
503,2,0,0
504,2,0,0
505,2,0,0
506,3,0,0
507,3,0,0
508,3,0,0
509,3,0,0
510,2,0,0
511,1,0,0
512,2,0,0
513,1,0,0
514,1,0,0
515,1,0,0
516,1,0,0
517,1,0,0
518,3,0,0
519,4,0,0
520,3,0,0
521,3,0,0
522,3,0,0
523,3,0,0
524,3,0,0
525,3,0,0
526,3,2,1
527,3,2,1
528,3,0,0
529,3,0,0
530,3,0,0
531,2,0,0
532,2,0,0
533,2,0,0
534,2,0,0
535,2,0,0
536,3,0,0
537,3,0,0
538,3,0,0
539,3,0,0
540,3,0,0
541,3,2,1
542,3,0,0
543,3,0,0
544,3,0,0
545,3,0,0
546,3,0,0
547,3,0,0
548,2,0,0
549,3,0,0
550,3,0,0
551,2,0,0
552,2,0,0
553,2,0,0
554,3,2,1
555,2,2,1
556,3,0,0
557,2,0,0
558,2,0,0
559,2,0,0
560,2,0,0
561,2,0,0
562,2,0,0
563,1,0,0
564,1,0,0
565,2,0,0
566,2,0,0
567,2,0,0
568,2,0,0
569,1,0,0
570,1,0,0
571,2,0,0
572,2,0,0
573,2,0,0
574,2,0,0
575,2,0,0
576,3,0,0
577,3,0,0
578,3,0,0
579,3,0,0
580,4,2,1
581,5,0,0
582,4,0,0
583,3,0,0
584,3,0,0
585,2,0,0
586,3,2,1
587,3,2,1
588,3,0,0
589,3,0,0
590,2,0,0
591,2,2,1
592,2,2,1
593,2,2,1
594,2,2,1
595,1,0,0
596,1,0,0
597,1,0,0
598,1,0,0
599,1,0,0
600,2,0,0
601,2,0,0
602,2,0,0
603,2,0,0
604,2,0,0
605,2,0,0
606,2,0,0
607,1,0,0
608,1,0,0
609,1,0,0
610,1,0,0
611,1,0,0
612,1,0,0
613,1,0,0
614,1,0,0
615,1,0,0
616,0,0,0
617,1,0,0
618,2,0,0
619,1,0,0
620,1,0,0
621,1,0,0
622,1,0,0
623,1,0,0
624,1,0,0
625,1,0,0
626,1,0,0
627,1,0,0
628,1,0,0
629,1,0,0
630,1,0,0
631,1,0,0
632,1,0,0
633,1,0,0
634,1,0,0
635,2,0,0
636,1,0,0
637,1,0,0
638,1,0,0
639,1,0,0
640,1,0,0
641,1,0,0
642,1,0,0
643,1,0,0
644,1,0,0
645,2,0,0
646,2,0,0
647,2,0,0
648,2,0,0
649,1,0,0
650,2,0,0
651,2,0,0
652,1,0,0
653,1,0,0
654,1,0,0
655,1,0,0
656,2,0,0
657,2,0,0
658,2,0,0
659,1,0,0
660,2,0,0
661,2,0,0
662,2,0,0
663,2,0,0
664,2,0,0
665,2,0,0
666,2,0,0
667,2,0,0
668,2,0,0
669,3,0,0
670,2,0,0
671,1,0,0
672,1,0,0
673,1,0,0
674,2,0,0
675,2,0,0
676,1,0,0
677,2,0,0
678,1,0,0
679,1,0,0
680,1,0,0
681,1,0,0
682,1,0,0
683,2,0,0
684,1,0,0
685,1,0,0
686,2,0,0
687,2,0,0
688,2,0,0
689,2,0,0
690,2,0,0
691,2,0,0
692,2,0,0
693,2,0,0
694,3,0,0
695,3,0,0
696,3,0,0
697,2,0,0
698,1,0,0
699,2,0,0
700,1,0,0
701,2,0,0
702,2,0,0
703,2,0,0
704,1,0,0
705,2,0,0
706,2,0,0
707,1,0,0
708,1,0,0
709,2,0,0
710,1,0,0
711,1,0,0
712,1,0,0
713,1,0,0
714,1,0,0
715,1,0,0
716,1,0,0
717,1,0,0
718,1,0,0
719,1,0,0
720,1,0,0
721,1,0,0
722,1,0,0
723,2,0,0
724,2,0,0
725,2,0,0
726,2,0,0
727,2,0,0
728,2,0,0
729,3,0,0
730,3,0,0
731,3,2,1
732,3,2,1
733,3,3,2
734,3,2,1
735,3,0,0
736,3,0,0
737,4,0,0
738,4,2,1
739,3,0,0
740,4,0,0
741,4,0,0
742,3,0,0
743,3,0,0
744,4,0,0
745,4,0,0
746,4,0,0
747,4,0,0
748,3,0,0
749,3,0,0
750,3,0,0
751,3,0,0
752,3,0,0
753,3,0,0
754,3,0,0
755,3,2,1
756,2,0,0
757,3,2,1
758,3,2,1
759,4,0,0
760,4,0,0
761,3,0,0
762,3,0,0
763,3,0,0
764,3,0,0
765,3,0,0
766,3,0,0
767,2,0,0
768,3,0,0
769,3,3,3
770,3,3,2
771,3,3,2
772,3,3,2
773,5,3,2
774,4,2,1
775,4,3,2
776,4,3,2
777,4,2,1
778,4,2,1
779,4,0,0
780,4,0,0
781,4,0,0
782,4,0,0
783,4,0,0
784,4,0,0
785,4,0,0
786,4,0,0
787,3,0,0
788,3,0,0
789,2,0,0
790,2,0,0
791,1,0,0
792,3,0,0
793,3,0,0
794,3,0,0
795,4,0,0
796,3,0,0
797,3,2,1
798,3,0,0
799,3,0,0
800,4,0,0
801,4,4,3
802,4,2,1
803,4,0,0
804,4,0,0
805,4,2,1
806,4,2,1
807,4,3,2
808,4,3,2
809,4,0,0
810,3,0,0
811,3,0,0
812,3,0,0
813,3,0,0
814,3,0,0
815,3,0,0
816,2,0,0
817,2,0,0
818,3,0,0
819,4,0,0
820,3,0,0
821,3,0,0
822,4,0,0
823,5,0,0
824,3,0,0
825,4,0,0
826,4,0,0
827,4,0,0
828,3,0,0
829,3,0,0
830,3,0,0
831,3,0,0
832,3,0,0
833,2,0,0
834,2,0,0
835,3,0,0
836,3,0,0
837,3,0,0
838,3,0,0
839,3,2,1
840,3,0,0
841,3,0,0
842,3,0,0
843,2,0,0
844,2,0,0
845,2,0,0
846,2,0,0
847,2,0,0
848,2,0,0
849,2,2,1
850,2,2,1
851,2,2,1
852,2,2,1
853,2,2,1
854,2,2,1
855,2,2,1
856,2,2,1
857,2,0,0
858,2,0,0
859,2,0,0
860,2,0,0
861,2,0,0
862,2,0,0
863,1,0,0
864,1,0,0
865,1,0,0
866,1,0,0
867,1,0,0
868,1,0,0
869,1,0,0
870,1,0,0
871,1,0,0
872,1,0,0
873,2,2,1
874,1,0,0
875,1,0,0
876,1,0,0
877,1,0,0
878,1,0,0
879,1,0,0
880,1,0,0
881,2,0,0
882,1,0,0
883,1,0,0
884,1,0,0
885,1,0,0
886,2,0,0
887,1,0,0
888,1,0,0
889,2,0,0
890,2,0,0
891,2,0,0
892,2,0,0
893,2,0,0
894,2,0,0
895,2,0,0
896,2,0,0
897,2,0,0
898,2,0,0
899,2,0,0
900,2,0,0
901,2,0,0
902,1,0,0
903,1,0,0
904,1,0,0
905,1,0,0
906,1,0,0
907,1,0,0
908,1,0,0
909,1,0,0
910,1,0,0
911,1,0,0
912,1,0,0
913,1,0,0
914,1,0,0
915,2,0,0
916,2,2,1
917,2,0,0
918,2,0,0
919,3,0,0
920,5,0,0
921,2,0,0
922,2,0,0
923,2,0,0
924,2,2,1
925,2,0,0
926,2,0,0
927,2,0,0
928,2,0,0
929,2,0,0
930,2,0,0
931,3,0,0
932,3,0,0
933,2,0,0
934,2,0,0
935,2,0,0
936,1,0,0
937,2,0,0
938,1,0,0
939,1,0,0
940,1,0,0
941,1,0,0
942,1,0,0
943,1,0,0
944,1,0,0
945,2,0,0
946,2,0,0
947,3,0,0
948,2,0,0
949,1,0,0
950,1,0,0
951,1,0,0
952,1,0,0
953,1,0,0
954,1,0,0
955,1,0,0
956,1,0,0
957,1,0,0
958,1,0,0
959,2,0,0
960,2,0,0
961,2,0,0
962,2,0,0
963,2,0,0
964,3,0,0
965,3,2,1
966,3,0,0
967,3,0,0
968,3,0,0
969,3,0,0
970,3,0,0
971,3,0,0
972,4,0,0
973,4,0,0
974,4,0,0
975,4,0,0
976,4,0,0
977,4,0,0
978,4,0,0
979,4,0,0
980,4,0,0
981,4,0,0
982,3,0,0
983,3,2,1
984,3,2,1
985,3,2,1
986,4,0,0
987,4,0,0
988,4,0,0
989,3,0,0
990,3,0,0
991,3,2,1
992,3,0,0
993,4,0,0
994,2,0,0
995,2,0,0
996,2,0,0
997,2,0,0
998,2,0,0
999,2,0,0
1000,2,0,0
1001,1,0,0
1002,1,0,0
1003,1,0,0
1004,1,0,0
1005,1,0,0
1006,1,0,0
1007,2,0,0
1008,1,0,0
1009,1,0,0
1010,0,0,0
1011,0,0,0
1012,0,0,0
1013,0,0,0
1014,0,0,0
1015,0,0,0
1016,0,0,0
1017,0,0,0
1018,0,0,0
1019,0,0,0
1020,1,0,0
1021,2,0,0
1022,2,0,0
1023,2,0,0
1024,2,0,0
1025,1,0,0
1026,1,0,0
1027,2,0,0
1028,2,0,0
1029,3,2,1
1030,2,0,0
1031,3,0,0
1032,2,0,0
1033,2,0,0
1034,2,0,0
1035,2,0,0
1036,2,2,1
1037,1,0,0
1038,2,0,0
1039,2,0,0
1040,3,0,0
1041,2,0,0
1042,2,2,1
1043,2,2,1
1044,2,2,1
1045,3,0,0
1046,3,0,0
1047,3,0,0
1048,3,0,0
1049,2,0,0
1050,2,0,0
1051,1,0,0
1052,2,0,0
1053,1,0,0
1054,1,0,0
1055,1,0,0
1056,1,0,0
1057,2,0,0
1058,2,0,0
1059,2,0,0
1060,2,0,0
1061,3,0,0
1062,3,0,0
1063,3,0,0
1064,2,0,0
1065,2,0,0
1066,2,0,0
1067,2,0,0
1068,2,0,0
1069,2,0,0
1070,1,0,0
1071,2,0,0
1072,2,0,0
1073,2,0,0
1074,2,0,0
1075,2,0,0
1076,2,0,0
1077,2,0,0
1078,2,0,0
1079,2,0,0
1080,3,0,0
1081,2,0,0
1082,1,0,0
1083,1,0,0
1084,1,0,0
1085,1,0,0
1086,2,0,0
1087,1,0,0
1088,1,0,0
1089,1,0,0
1090,1,0,0
1091,1,0,0
1092,2,0,0
1093,2,0,0
1094,2,0,0
1095,2,0,0
1096,1,0,0
1097,2,0,0
1098,2,0,0
1099,2,0,0
1100,2,0,0
1101,2,0,0
1102,2,0,0
1103,2,0,0
1104,2,0,0
1105,2,0,0
1106,2,0,0
1107,2,0,0
1108,2,0,0
1109,2,0,0
1110,2,0,0
1111,2,0,0
1112,2,0,0
1113,2,0,0
1114,2,0,0
1115,2,0,0
1116,2,0,0
1117,2,0,0
1118,2,0,0
1119,2,0,0
1120,3,0,0
1121,1,0,0
1122,1,0,0
1123,1,0,0
1124,1,0,0
1125,1,0,0
1126,1,0,0
1127,1,0,0
1128,1,0,0
1129,2,0,0
1130,2,0,0
1131,1,0,0
1132,3,0,0
1133,1,0,0
1134,1,0,0
1135,1,0,0
1136,1,0,0
1137,1,0,0
1138,1,0,0
1139,1,0,0
1140,1,0,0
1141,2,0,0
1142,2,0,0
1143,2,0,0
1144,3,0,0
1145,3,0,0
1146,2,0,0
1147,1,0,0
1148,1,0,0
1149,1,0,0
1150,2,0,0
1151,1,0,0
1152,1,0,0
1153,2,0,0
1154,1,0,0
1155,2,0,0
1156,2,0,0
1157,3,0,0
1158,3,0,0
1159,3,0,0
1160,3,0,0
1161,3,0,0
1162,3,0,0
1163,3,0,0
1164,3,2,1
1165,2,0,0
1166,2,0,0
1167,2,0,0
1168,1,0,0
1169,2,0,0
1170,2,0,0
1171,1,0,0
1172,3,0,0
1173,2,0,0
1174,2,0,0
1175,3,0,0
1176,2,0,0
1177,2,0,0
1178,3,0,0
1179,3,0,0
1180,3,0,0
1181,3,0,0
1182,4,0,0
1183,4,2,1
1184,5,0,0
1185,4,0,0
1186,4,2,1
1187,4,0,0
1188,4,2,1
1189,3,0,0
1190,4,0,0
1191,3,0,0
1192,2,2,1
1193,2,0,0
1194,2,0,0
1195,2,0,0
1196,2,0,0
1197,2,0,0
1198,2,0,0
1199,3,0,0
1200,3,0,0
1201,2,0,0
1202,2,0,0
1203,2,0,0
1204,2,0,0
1205,2,0,0
1206,2,0,0
1207,2,0,0
1208,4,0,0
1209,3,2,1
1210,3,0,0
1211,3,0,0
1212,3,2,1
1213,3,2,1
1214,3,2,1
1215,3,2,1
1216,4,2,1
1217,3,0,0
1218,3,0,0
1219,3,2,1
1220,4,0,0
1221,4,0,0
1222,3,0,0
1223,3,0,0
1224,2,0,0
1225,2,0,0
1226,2,0,0
1227,2,0,0
1228,2,0,0
1229,2,0,0
1230,2,0,0
1231,1,0,0
1232,1,0,0
1233,3,0,0
1234,3,0,0
1235,3,0,0
1236,3,0,0
1237,3,0,0
1238,2,0,0
1239,3,2,1
1240,3,0,0
1241,2,0,0
1242,2,0,0
1243,2,0,0
1244,2,0,0
1245,2,0,0
1246,2,0,0
1247,2,0,0
1248,2,0,0
1249,1,0,0
1250,1,0,0
1251,1,0,0
1252,1,0,0
1253,1,0,0
1254,1,0,0
1255,1,0,0
1256,1,0,0
1257,1,0,0
1258,2,0,0
1259,2,0,0
1260,2,0,0
1261,2,0,0
1262,2,0,0
1263,2,2,1
1264,2,2,1
1265,2,0,0
1266,2,2,1
1267,3,2,1
1268,3,2,1
1269,3,2,1
1270,3,2,1
1271,3,3,2
1272,3,0,0
1273,2,2,1
1274,2,2,1
1275,2,0,0
1276,3,0,0
1277,3,0,0
1278,3,0,0
1279,4,0,0
1280,3,0,0
1281,3,2,1
1282,3,0,0
1283,3,0,0
1284,3,0,0
1285,3,0,0
1286,3,0,0
1287,4,2,1
1288,3,0,0
1289,3,0,0
1290,3,0,0
1291,2,0,0
1292,2,0,0
1293,3,0,0
1294,2,0,0
1295,1,0,0
1296,1,0,0
1297,1,0,0
1298,2,0,0
1299,2,0,0
1300,2,0,0
1301,2,0,0
1302,2,0,0
1303,2,0,0
1304,2,0,0
1305,2,0,0
1306,2,0,0
1307,2,0,0
1308,3,0,0
1309,3,0,0
1310,3,0,0
1311,3,0,0
1312,3,0,0
1313,3,0,0
1314,3,0,0
1315,3,0,0
1316,2,0,0
1317,3,0,0
1318,1,0,0
1319,1,0,0
1320,0,0,0
1321,0,0,0
1322,0,0,0
1323,0,0,0
1324,1,0,0
1325,1,0,0
1326,1,0,0
1327,1,0,0
1328,1,0,0
1329,1,0,0
1330,1,0,0
1331,1,0,0
1332,2,0,0
1333,2,0,0
1334,2,0,0
1335,2,0,0
1336,2,0,0
1337,2,0,0
1338,2,0,0
1339,2,0,0
1340,2,0,0
1341,2,0,0
1342,2,0,0
1343,2,0,0
1344,2,0,0
1345,2,0,0
1346,2,0,0
1347,2,0,0
1348,2,0,0
1349,2,0,0
1350,3,0,0
1351,3,0,0
1352,3,0,0
1353,3,0,0
1354,3,0,0
1355,3,0,0
1356,3,2,1
1357,3,0,0
1358,3,0,0
1359,3,0,0
1360,3,0,0
1361,3,0,0
1362,3,0,0
1363,2,0,0
1364,3,0,0
1365,2,0,0
1366,4,0,0
1367,3,0,0
1368,2,0,0
1369,1,0,0
1370,1,0,0
1371,1,0,0
1372,1,0,0
1373,1,0,0
1374,1,0,0
1375,1,0,0
1376,1,0,0
1377,1,0,0
1378,1,0,0
1379,1,0,0
1380,1,0,0
1381,1,0,0
1382,1,0,0
1383,2,0,0
1384,2,0,0
1385,2,0,0
1386,2,0,0
1387,2,0,0
1388,2,0,0
1389,2,0,0
1390,2,0,0
1391,3,0,0
1392,3,0,0
1393,2,0,0
1394,2,0,0
1395,1,0,0
1396,1,0,0
1397,2,0,0
1398,2,0,0
1399,3,0,0
1400,2,0,0
1401,2,0,0
1402,3,0,0
1403,2,0,0
1404,2,0,0
1405,2,0,0
1406,2,0,0
1407,3,0,0
1408,3,0,0
1409,3,0,0
1410,3,0,0
1411,3,2,1
1412,3,0,0
1413,3,0,0
1414,3,0,0
1415,3,0,0
1416,3,0,0
1417,3,0,0
1418,3,0,0
1419,3,0,0
1420,3,0,0
1421,3,0,0
1422,3,0,0
1423,3,0,0
1424,4,0,0
1425,4,0,0
1426,4,0,0
1427,3,0,0
1428,3,0,0
1429,3,0,0
1430,3,0,0
1431,3,0,0
1432,3,0,0
1433,2,0,0
1434,2,0,0
1435,2,0,0
1436,2,0,0
1437,2,0,0
1438,2,0,0
1439,2,2,1
1440,2,2,1
1441,2,0,0
1442,3,0,0
1443,2,0,0
1444,2,0,0
1445,2,2,1
1446,2,2,1
1447,2,0,0
1448,2,0,0
1449,2,0,0
1450,1,0,0
1451,1,0,0
1452,2,0,0
1453,2,0,0
1454,2,0,0
1455,2,0,0
1456,2,0,0
1457,2,0,0
1458,2,0,0
1459,2,0,0
1460,2,0,0
1461,3,0,0
1462,2,0,0
1463,2,0,0
1464,2,0,0
1465,2,0,0
1466,2,0,0
1467,2,0,0
1468,2,0,0
1469,2,0,0
1470,2,0,0
1471,1,0,0
1472,2,0,0
1473,2,0,0
1474,2,0,0
1475,2,0,0
1476,2,0,0
1477,2,0,0
1478,2,0,0
1479,2,0,0
1480,2,0,0
1481,2,0,0
1482,2,0,0
1483,2,0,0
1484,2,0,0
1485,2,0,0
1486,2,0,0
1487,2,0,0
1488,3,0,0
1489,4,2,1
1490,4,0,0
1491,5,0,0
1492,4,0,0
1493,2,0,0
1494,5,2,1
1495,6,0,0
1496,5,0,0
1497,5,0,0
1498,4,0,0
1499,4,0,0
1500,3,0,0
1501,3,0,0
1502,3,0,0
1503,4,0,0
1504,4,0,0
1505,4,0,0
1506,4,0,0
1507,4,0,0
1508,3,0,0
1509,3,0,0
1510,3,0,0
1511,3,0,0
1512,3,0,0
1513,3,0,0
1514,3,0,0
1515,3,0,0
1516,2,0,0
1517,3,0,0
1518,3,0,0
1519,3,0,0
1520,4,0,0
1521,3,0,0
1522,3,0,0
1523,3,0,0
1524,2,0,0
1525,2,0,0
1526,2,0,0
1527,2,0,0
1528,1,0,0
1529,1,0,0
1530,1,0,0
1531,2,0,0
1532,1,0,0
1533,1,0,0
1534,1,0,0
1535,1,0,0
1536,2,0,0
1537,1,0,0
1538,2,0,0
1539,1,0,0
1540,1,0,0
1541,1,0,0
1542,1,0,0
1543,1,0,0
1544,2,0,0
1545,2,0,0
1546,2,0,0
1547,2,2,1
1548,2,0,0
1549,3,0,0
1550,3,0,0
1551,3,0,0
1552,2,0,0
1553,2,0,0
1554,2,0,0
1555,2,0,0
1556,2,0,0
1557,2,0,0
1558,2,0,0
1559,2,0,0
1560,2,0,0
1561,2,0,0
1562,2,0,0
1563,2,0,0
1564,2,0,0
1565,2,0,0
1566,2,0,0
1567,2,0,0
1568,2,0,0
1569,2,0,0
1570,3,0,0
1571,3,0,0
1572,3,0,0
1573,3,0,0
1574,3,0,0
1575,3,0,0
1576,3,0,0
1577,2,0,0
1578,2,0,0
1579,3,0,0
1580,3,0,0
1581,2,0,0
1582,3,0,0
1583,3,2,1
1584,3,0,0
1585,3,0,0
1586,3,0,0
1587,2,0,0
1588,2,0,0
1589,2,0,0
1590,2,0,0
1591,3,0,0
1592,2,0,0
1593,2,0,0
1594,1,0,0
1595,2,0,0
1596,2,0,0
1597,2,0,0
1598,3,0,0
1599,2,0,0
1600,2,0,0
1601,3,0,0
1602,2,0,0
1603,4,0,0
1604,3,0,0
1605,2,0,0
1606,1,0,0
1607,1,0,0
1608,2,0,0
1609,1,0,0
1610,2,0,0
1611,1,0,0
1612,1,0,0
1613,1,0,0
1614,1,0,0
1615,1,0,0
1616,1,0,0
1617,1,0,0
1618,1,0,0
1619,1,0,0
1620,0,0,0
1621,0,0,0
1622,0,0,0
1623,1,0,0
1624,1,0,0
1625,1,0,0
1626,2,0,0
1627,2,0,0
1628,2,0,0
1629,2,0,0
1630,1,0,0
1631,1,0,0
1632,1,0,0
1633,2,0,0
1634,2,0,0
1635,2,0,0
1636,2,0,0
1637,2,0,0
1638,2,0,0
1639,2,0,0
1640,2,0,0
1641,3,0,0
1642,3,0,0
1643,2,0,0
1644,2,0,0
1645,2,2,1
1646,2,0,0
1647,1,0,0
1648,2,0,0
1649,2,0,0
1650,2,0,0
1651,2,0,0
1652,2,0,0
1653,2,0,0
1654,2,0,0
1655,2,0,0
1656,2,0,0
1657,2,0,0
1658,2,0,0
1659,1,0,0
1660,1,0,0
1661,1,0,0
1662,1,0,0
1663,1,0,0
1664,1,0,0
1665,1,0,0
1666,1,0,0
1667,1,0,0
1668,1,0,0
1669,2,0,0
1670,2,0,0
1671,2,0,0
1672,2,0,0
1673,3,0,0
1674,4,0,0
1675,3,0,0
1676,2,2,1
1677,2,0,0
1678,2,0,0
1679,2,0,0
1680,2,0,0
1681,2,0,0
1682,1,0,0
1683,1,0,0
1684,1,0,0
1685,1,0,0
1686,1,0,0
1687,1,0,0
1688,0,0,0
1689,0,0,0
1690,1,0,0
1691,1,0,0
1692,2,0,0
1693,2,0,0
1694,1,0,0
1695,1,0,0
1696,1,0,0
1697,1,0,0
1698,1,0,0
1699,2,0,0
1700,2,0,0
1701,1,0,0
1702,1,0,0
1703,2,0,0
1704,1,0,0
1705,3,0,0
1706,2,2,1
1707,2,0,0
1708,2,0,0
1709,2,0,0
1710,1,0,0
1711,1,0,0
1712,1,0,0
1713,2,0,0
1714,2,0,0
1715,2,0,0
1716,2,0,0
1717,2,0,0
1718,3,0,0
1719,3,0,0
1720,2,0,0
1721,2,0,0
1722,2,0,0
1723,3,2,1
1724,3,0,0
1725,3,0,0
1726,4,0,0
1727,2,0,0
1728,2,0,0
1729,3,0,0
1730,2,0,0
1731,2,0,0
1732,2,0,0
1733,2,0,0
1734,2,0,0
1735,3,0,0
1736,2,0,0
1737,2,0,0
1738,2,0,0
1739,3,0,0
1740,2,0,0
1741,2,0,0
1742,2,2,1
1743,2,0,0
1744,2,0,0
1745,2,0,0
1746,2,0,0
1747,2,0,0
1748,2,0,0
1749,2,0,0
1750,2,0,0
1751,2,0,0
1752,2,0,0
1753,1,0,0
1754,1,0,0
1755,1,0,0
1756,0,0,0
1757,0,0,0
1758,2,0,0
1759,2,0,0
1760,2,0,0
1761,2,0,0
1762,2,0,0
1763,2,0,0
1764,2,0,0
1765,2,0,0
1766,2,0,0
1767,2,0,0
1768,2,0,0
1769,2,0,0
1770,1,0,0
1771,1,0,0
1772,1,0,0
1773,1,0,0
1774,1,0,0
1775,1,0,0
1776,1,0,0
1777,2,0,0
1778,2,0,0
1779,2,0,0
1780,2,2,1
1781,2,0,0
1782,2,0,0
1783,2,0,0
1784,2,0,0
1785,2,0,0
1786,2,0,0
1787,2,2,1
1788,2,2,1
1789,3,3,2
1790,3,0,0
1791,3,0,0
1792,3,0,0
1793,3,0,0
1794,3,0,0
1795,3,0,0
1796,3,0,0
1797,2,0,0
1798,2,0,0
1799,2,0,0
1800,2,0,0
1801,2,0,0
1802,3,2,1
1803,3,2,1
1804,4,0,0
1805,3,0,0
1806,3,0,0
1807,3,2,1
1808,3,0,0
1809,3,0,0
1810,3,0,0
1811,4,0,0
1812,4,0,0
1813,5,0,0
1814,4,0,0
1815,4,0,0
1816,4,0,0
1817,4,0,0
1818,4,2,1
1819,3,2,1
1820,3,2,1
1821,3,0,0
1822,3,0,0
1823,3,0,0
1824,2,0,0
1825,2,0,0
1826,2,0,0
1827,2,0,0
1828,2,0,0
1829,2,0,0
1830,4,3,2
1831,4,2,1
1832,4,2,1
1833,3,0,0
1834,2,2,1
1835,3,0,0
1836,3,0,0
1837,3,0,0
1838,3,0,0
1839,3,0,0
1840,4,0,0
1841,4,0,0
1842,5,0,0
1843,5,0,0
1844,4,0,0
1845,4,0,0
1846,3,0,0
1847,3,2,1
1848,3,0,0
1849,3,0,0
1850,3,0,0
1851,2,0,0
1852,2,0,0
1853,2,0,0
1854,2,2,1
1855,2,0,0
1856,3,2,1
1857,2,0,0
1858,2,0,0
1859,2,0,0
1860,2,0,0
1861,2,0,0
1862,2,0,0
1863,3,0,0
1864,2,0,0
1865,2,0,0
1866,2,0,0
1867,2,0,0
1868,2,0,0
1869,2,0,0
1870,2,2,1
1871,2,0,0
1872,2,0,0
1873,3,0,0
1874,3,0,0
1875,3,0,0
1876,2,0,0
1877,3,0,0
1878,3,0,0
1879,3,0,0
1880,3,2,1
1881,3,2,1
1882,3,0,0
1883,3,0,0
1884,3,0,0
1885,2,0,0
1886,2,0,0
1887,2,0,0
1888,2,0,0
1889,2,0,0
1890,3,0,0
1891,1,0,0
1892,1,0,0
1893,1,0,0
1894,1,0,0
1895,1,0,0
1896,1,0,0
1897,1,0,0
1898,1,0,0
1899,2,0,0
1900,2,0,0
1901,2,0,0
1902,2,0,0
1903,2,0,0
1904,2,0,0
1905,2,0,0
1906,2,0,0
1907,3,0,0
1908,2,0,0
1909,2,0,0
1910,2,0,0
1911,3,0,0
1912,3,0,0
1913,3,0,0
1914,3,0,0
1915,3,0,0
1916,3,0,0
1917,4,0,0
1918,3,0,0
1919,3,0,0
1920,3,0,0
1921,3,0,0
1922,2,0,0
1923,2,2,1
1924,2,2,1
1925,2,2,1
1926,2,2,1
1927,2,0,0
1928,3,0,0
1929,3,0,0
1930,3,0,0
1931,3,0,0
1932,3,0,0
1933,3,0,0
1934,3,0,0
1935,2,0,0
1936,2,0,0
1937,3,0,0
1938,3,0,0
1939,2,0,0
1940,2,0,0
1941,2,0,0
1942,2,0,0
1943,2,0,0
1944,2,0,0
1945,3,0,0
1946,3,0,0
1947,3,0,0
1948,3,0,0
1949,3,0,0
1950,3,0,0
1951,3,0,0
1952,3,0,0
1953,3,0,0
1954,3,0,0
1955,3,0,0
1956,3,0,0
1957,2,0,0
1958,2,0,0
1959,3,0,0
1960,3,0,0
1961,3,0,0
1962,2,0,0
1963,2,0,0
1964,2,0,0
1965,2,0,0
1966,2,0,0
1967,2,0,0
1968,2,0,0
1969,2,0,0
1970,2,0,0
1971,2,0,0
1972,3,0,0
1973,3,0,0
1974,3,0,0
1975,3,0,0
1976,3,2,1
1977,4,2,1
1978,4,0,0
1979,4,0,0
1980,3,0,0
1981,3,0,0
1982,3,0,0
1983,3,0,0
1984,3,2,1
1985,3,0,0
1986,4,0,0
1987,4,0,0
1988,4,0,0
1989,4,0,0
1990,4,0,0
1991,4,0,0
1992,3,0,0
1993,3,0,0
1994,3,0,0
1995,3,0,0
1996,3,0,0
1997,3,0,0
1998,1,0,0
1999,1,0,0
