0,0,0,0
1,1,0,0
2,1,0,0
3,1,0,0
4,1,0,0
5,1,0,0
6,2,0,0
7,2,0,0
8,1,0,0
9,1,0,0
10,1,0,0
11,1,0,0
12,1,0,0
13,1,0,0
14,2,0,0
15,1,0,0
16,3,0,0
17,2,0,0
18,2,2,1
19,3,0,0
20,2,0,0
21,2,0,0
22,2,0,0
23,2,0,0
24,2,0,0
25,3,0,0
26,3,0,0
27,3,0,0
28,2,0,0
29,2,0,0
30,3,0,0
31,2,0,0
32,3,0,0
33,3,0,0
34,3,0,0
35,3,0,0
36,3,0,0
37,3,0,0
38,3,0,0
39,3,0,0
40,3,0,0
41,4,0,0
42,3,0,0
43,3,0,0
44,3,0,0
45,2,0,0
46,2,0,0
47,3,0,0
48,2,0,0
49,2,0,0
50,4,0,0
51,4,0,0
52,5,0,0
53,4,0,0
54,4,0,0
55,4,0,0
56,3,0,0
57,3,0,0
58,3,0,0
59,4,0,0
60,3,0,0
61,3,0,0
62,3,0,0
63,3,0,0
64,3,0,0
65,3,0,0
66,4,2,1
67,4,2,1
68,4,2,1
69,4,3,2
70,3,0,0
71,4,0,0
72,4,0,0
73,4,0,0
74,4,0,0
75,4,0,0
76,3,0,0
77,3,0,0
78,2,0,0
79,1,0,0
80,1,0,0
81,2,0,0
82,2,0,0
83,3,0,0
84,3,0,0
85,3,0,0
86,1,0,0
87,1,0,0
88,2,0,0
89,2,0,0
90,2,0,0
91,1,0,0
92,1,0,0
93,1,0,0
94,1,0,0
95,1,0,0
96,1,0,0
97,1,0,0
98,1,0,0
99,1,0,0
100,1,0,0
101,1,0,0
102,0,0,0
103,0,0,0
104,0,0,0
105,2,0,0
106,2,0,0
107,3,0,0
108,2,0,0
109,2,0,0
110,3,0,0
111,2,0,0
112,3,0,0
113,4,0,0
114,3,0,0
115,4,2,1
116,4,0,0
117,3,0,0
118,3,0,0
119,3,2,1
120,3,0,0
121,4,0,0
122,4,0,0
123,4,2,1
124,5,2,1
125,4,0,0
126,4,0,0
127,4,0,0
128,4,2,1
129,4,0,0
130,3,0,0
131,3,0,0
132,3,2,1
133,3,2,1
134,3,0,0
135,2,0,0
136,3,0,0
137,2,0,0
138,1,0,0
139,2,0,0
140,1,0,0
141,0,0,0
142,0,0,0
143,0,0,0
144,0,0,0
145,0,0,0
146,1,0,0
147,1,0,0
148,1,0,0
149,1,0,0
150,1,0,0
151,1,0,0
152,1,0,0
153,1,0,0
154,2,0,0
155,3,0,0
156,2,0,0
157,2,0,0
158,2,0,0
159,2,0,0
160,2,0,0
161,2,0,0
162,2,0,0
163,2,0,0
164,2,0,0
165,2,0,0
166,3,0,0
167,2,0,0
168,2,0,0
169,2,0,0
170,3,0,0
171,2,0,0
172,2,0,0
173,2,2,1
174,3,0,0
175,2,0,0
176,2,0,0
177,2,0,0
178,3,0,0
179,3,2,1
180,3,0,0
181,3,0,0
182,3,0,0
183,3,0,0
184,3,0,0
185,2,0,0
186,3,0,0
187,3,2,1
188,3,0,0
189,3,0,0
190,3,0,0
191,3,0,0
192,3,0,0
193,3,0,0
194,3,0,0
195,3,2,1
196,3,3,2
197,3,2,1
198,3,3,2
199,3,3,3
200,3,3,3
201,3,3,2
202,3,3,3
203,3,3,2
204,3,3,3
205,3,3,3
206,3,2,1
207,3,3,2
208,3,3,2
209,3,3,2
210,3,3,2
211,3,3,2
212,3,2,1
213,3,2,1
214,3,3,2
215,3,3,2
216,3,3,3
217,3,3,2
218,3,3,2
219,3,3,2
220,3,3,3
221,3,3,2
222,3,3,2
223,3,3,2
224,3,3,2
225,3,3,2
226,3,3,2
227,3,3,3
228,3,3,2
229,3,3,3
230,4,3,3
231,4,3,2
232,4,3,2
233,4,3,2
234,4,2,1
235,4,3,2
236,4,3,3
237,4,3,2
238,4,4,3
239,4,3,3
240,3,3,2
241,3,3,2
242,3,3,3
243,3,3,2
244,3,3,2
245,3,3,3
246,3,3,3
247,3,3,2
248,3,3,3
249,3,3,3
250,3,3,2
251,3,3,2
252,3,0,0
253,3,0,0
254,3,0,0
255,3,0,0
256,4,0,0
257,4,0,0
258,3,2,1
259,3,2,1
260,3,2,1
261,3,0,0
262,3,0,0
263,3,0,0
264,3,0,0
265,2,0,0
266,2,0,0
267,2,0,0
268,2,0,0
269,2,0,0
270,1,0,0
271,1,0,0
272,1,0,0
273,0,0,0
274,0,0,0
275,0,0,0
276,0,0,0
277,1,0,0
278,1,0,0
279,1,0,0
280,1,0,0
281,1,0,0
282,1,0,0
283,2,0,0
284,2,0,0
285,2,0,0
286,2,0,0
287,2,0,0
288,2,0,0
289,3,0,0
290,3,0,0
291,2,0,0
292,2,0,0
293,2,0,0
294,2,0,0
295,2,0,0
296,1,0,0
297,2,0,0
298,2,0,0
299,1,0,0
300,2,0,0
301,2,0,0
302,2,0,0
303,2,0,0
304,1,0,0
305,1,0,0
306,1,0,0
307,1,0,0
308,1,0,0
309,1,0,0
310,1,0,0
311,1,0,0
312,1,0,0
313,1,0,0
314,1,0,0
315,2,0,0
316,1,0,0
317,1,0,0
318,1,0,0
319,1,0,0
320,1,0,0
321,2,0,0
322,1,0,0
323,1,0,0
324,2,0,0
325,1,0,0
326,1,0,0
327,1,0,0
328,1,0,0
329,1,0,0
330,1,0,0
331,2,0,0
332,2,0,0
333,2,0,0
334,2,0,0
335,2,0,0
336,1,0,0
337,1,0,0
338,1,0,0
339,1,0,0
340,2,0,0
341,2,0,0
342,2,0,0
343,2,0,0
344,2,0,0
345,3,0,0
346,3,0,0
347,3,2,1
348,3,2,1
349,2,0,0
350,2,0,0
351,3,0,0
352,2,0,0
353,2,0,0
354,3,0,0
355,3,0,0
356,2,0,0
357,3,0,0
358,3,0,0
359,3,0,0
360,3,0,0
361,4,0,0
362,4,2,1
363,4,0,0
364,3,0,0
365,4,0,0
366,4,0,0
367,4,0,0
368,4,0,0
369,4,0,0
370,4,0,0
371,4,0,0
372,4,0,0
373,4,2,1
374,4,0,0
375,4,0,0
376,3,0,0
377,3,2,1
378,3,0,0
379,3,0,0
380,3,2,1
381,5,2,1
382,3,2,1
383,3,2,1
384,3,2,1
385,2,0,0
386,2,0,0
387,3,0,0
388,2,0,0
389,2,0,0
390,2,2,1
391,3,2,1
392,2,2,1
393,2,0,0
394,2,0,0
395,2,0,0
396,2,0,0
397,2,0,0
398,2,2,1
399,2,0,0
400,2,0,0
401,2,0,0
402,2,0,0
403,2,0,0
404,2,0,0
405,2,0,0
406,2,0,0
407,2,0,0
408,2,0,0
409,2,0,0
410,3,0,0
411,3,0,0
412,3,0,0
413,3,0,0
414,3,0,0
415,4,0,0
416,3,0,0
417,3,0,0
418,3,0,0
419,3,2,1
420,3,0,0
421,2,0,0
422,4,0,0
423,2,0,0
424,2,0,0
425,3,0,0
426,3,0,0
427,2,0,0
428,2,0,0
429,2,0,0
430,2,0,0
431,2,0,0
432,3,0,0
433,3,0,0
434,4,0,0
435,5,0,0
436,5,0,0
437,4,0,0
438,4,0,0
439,4,0,0
440,5,2,1
441,5,2,1
442,5,0,0
443,4,0,0
444,5,2,1
445,5,0,0
446,4,0,0
447,4,2,1
448,3,0,0
449,3,0,0
450,2,0,0
451,2,0,0
452,2,0,0
453,2,0,0
454,1,0,0
455,1,0,0
456,2,0,0
457,2,0,0
458,1,0,0
459,1,0,0
460,1,0,0
461,1,0,0
462,1,0,0
463,1,0,0
464,2,0,0
465,2,2,1
466,2,0,0
467,2,0,0
468,2,0,0
469,2,0,0
470,3,0,0
471,2,2,1
472,2,0,0
473,2,0,0
474,1,0,0
475,2,0,0
476,1,0,0
477,1,0,0
478,1,0,0
479,1,0,0
480,1,0,0
481,1,0,0
482,1,0,0
483,1,0,0
484,1,0,0
485,1,0,0
486,1,0,0
487,1,0,0
488,1,0,0
489,1,0,0
490,1,0,0
491,1,0,0
492,1,0,0
493,1,0,0
494,1,0,0
495,1,0,0
496,1,0,0
497,1,0,0
498,1,0,0
499,1,0,0
500,1,0,0
501,1,0,0
502,1,0,0
503,1,0,0
504,2,0,0
505,2,0,0
506,2,0,0
507,3,0,0
508,3,0,0
509,2,0,0
510,2,0,0
511,2,0,0
512,1,0,0
513,1,0,0
514,1,0,0
515,2,0,0
516,1,0,0
517,1,0,0
518,1,0,0
519,2,0,0
520,2,0,0
521,2,0,0
522,2,0,0
523,2,0,0
524,2,0,0
525,2,0,0
526,2,0,0
527,2,0,0
528,2,0,0
529,3,0,0
530,3,0,0
531,3,0,0
532,3,0,0
533,4,0,0
534,3,0,0
535,3,0,0
536,4,0,0
537,3,0,0
538,4,0,0
539,2,0,0
540,3,0,0
541,3,0,0
542,3,0,0
543,3,0,0
544,3,0,0
545,3,0,0
546,2,0,0
547,2,0,0
548,3,0,0
549,2,0,0
550,1,0,0
551,1,0,0
552,1,0,0
553,2,0,0
554,2,0,0
555,2,0,0
556,2,0,0
557,2,0,0
558,2,0,0
559,2,0,0
560,2,0,0
561,3,0,0
562,3,0,0
563,2,0,0
564,2,0,0
565,3,0,0
566,2,0,0
567,3,0,0
568,4,0,0
569,3,0,0
570,4,0,0
571,3,0,0
572,2,0,0
573,2,0,0
574,2,0,0
575,2,0,0
576,2,0,0
577,1,0,0
578,2,0,0
579,2,0,0
580,2,0,0
581,1,0,0
582,1,0,0
583,1,0,0
584,2,0,0
585,2,0,0
586,2,0,0
587,3,0,0
588,3,3,2
589,3,3,2
590,3,3,3
591,3,3,2
592,3,3,2
593,3,3,3
594,3,3,3
595,3,3,2
596,3,3,3
597,3,3,3
598,3,3,3
599,4,3,2
600,4,3,2
601,4,3,2
602,3,2,1
603,3,0,0
604,3,2,1
605,2,0,0
606,2,0,0
607,2,0,0
608,2,0,0
609,2,0,0
610,2,0,0
611,2,2,1
612,2,0,0
613,2,0,0
614,2,0,0
615,2,0,0
616,2,0,0
617,2,2,1
618,2,0,0
619,2,0,0
620,2,0,0
621,2,0,0
622,2,0,0
623,2,0,0
624,2,0,0
625,2,0,0
626,2,0,0
627,2,0,0
628,2,0,0
629,3,0,0
630,2,0,0
631,2,0,0
632,3,0,0
633,3,0,0
634,2,0,0
635,1,0,0
636,3,0,0
637,3,0,0
638,2,2,1
639,2,0,0
640,3,0,0
641,2,0,0
642,2,0,0
643,2,0,0
644,1,0,0
645,1,0,0
646,2,0,0
647,2,0,0
648,2,0,0
649,2,0,0
650,2,0,0
651,1,0,0
652,1,0,0
653,1,0,0
654,1,0,0
655,1,0,0
656,2,0,0
657,2,0,0
658,2,0,0
659,3,2,1
660,3,2,1
661,3,2,1
662,3,0,0
663,3,0,0
664,4,0,0
665,4,0,0
666,3,0,0
667,3,0,0
668,3,0,0
669,3,0,0
670,3,0,0
671,4,0,0
672,2,0,0
673,2,0,0
674,2,0,0
675,2,0,0
676,2,0,0
677,2,0,0
678,2,2,1
679,2,0,0
680,2,0,0
681,2,0,0
682,2,0,0
683,3,0,0
684,2,0,0
685,2,0,0
686,2,0,0
687,2,0,0
688,2,0,0
689,2,0,0
690,2,0,0
691,2,0,0
692,1,0,0
693,1,0,0
694,1,0,0
695,1,0,0
696,2,0,0
697,2,0,0
698,1,0,0
699,1,0,0
700,2,0,0
701,1,0,0
702,1,0,0
703,1,0,0
704,1,0,0
705,1,0,0
706,1,0,0
707,1,0,0
708,2,0,0
709,1,0,0
710,1,0,0
711,2,0,0
712,3,0,0
713,2,0,0
714,2,0,0
715,3,0,0
716,3,0,0
717,2,0,0
718,3,0,0
719,3,0,0
720,4,2,1
721,3,2,1
722,3,2,1
723,4,2,1
724,3,2,1
725,3,0,0
726,3,0,0
727,3,0,0
728,3,0,0
729,2,0,0
730,2,0,0
731,2,0,0
732,2,0,0
733,2,0,0
734,2,0,0
735,2,0,0
736,2,0,0
737,3,2,1
738,2,0,0
739,3,0,0
740,3,2,1
741,3,0,0
742,3,0,0
743,3,2,1
744,2,0,0
745,2,0,0
746,2,0,0
747,2,0,0
748,2,0,0
749,2,0,0
750,2,0,0
751,2,0,0
752,2,0,0
753,2,0,0
754,3,0,0
755,2,0,0
756,2,0,0
757,2,2,1
758,2,0,0
759,2,0,0
760,2,0,0
761,2,0,0
762,2,0,0
763,2,0,0
764,2,0,0
765,3,0,0
766,2,0,0
767,2,0,0
768,2,0,0
769,2,0,0
770,2,0,0
771,2,0,0
772,2,0,0
773,1,0,0
774,1,0,0
775,1,0,0
776,1,0,0
777,1,0,0
778,1,0,0
779,1,0,0
780,1,0,0
781,1,0,0
782,1,0,0
783,1,0,0
784,1,0,0
785,1,0,0
786,2,0,0
787,2,0,0
788,2,0,0
789,2,0,0
790,2,0,0
791,2,0,0
792,3,0,0
793,3,0,0
794,3,0,0
795,3,0,0
796,4,2,1
797,4,0,0
798,4,0,0
799,4,0,0
800,4,0,0
801,3,0,0
802,3,2,1
803,3,0,0
804,3,0,0
805,3,0,0
806,3,0,0
807,4,0,0
808,5,0,0
809,3,0,0
810,4,0,0
811,4,0,0
812,4,0,0
813,5,0,0
814,5,3,2
815,5,0,0
816,4,0,0
817,4,0,0
818,4,0,0
819,4,0,0
820,4,0,0
821,4,2,1
822,4,2,1
823,4,2,1
824,3,0,0
825,4,2,1
826,3,3,2
827,3,3,2
828,3,3,2
829,3,3,2
830,3,3,2
831,3,2,1
832,3,3,2
833,3,3,3
834,3,3,3
835,4,4,4
836,4,3,3
837,4,3,3
838,5,4,3
839,4,3,2
840,4,4,4
841,5,4,4
842,5,4,5
843,5,4,5
844,5,4,5
845,4,4,4
846,4,4,5
847,4,4,5
848,5,4,4
849,4,4,5
850,4,4,4
851,4,4,3
852,4,4,3
853,4,4,5
854,4,4,5
855,4,4,5
856,4,4,3
857,4,4,3
858,4,4,4
859,4,4,4
860,4,4,3
861,4,4,4
862,4,4,4
863,4,4,4
864,4,3,2
865,4,4,4
866,4,3,3
867,4,4,5
868,4,4,4
869,4,4,4
870,4,4,3
871,4,4,4
872,4,4,5
873,4,4,4
874,4,4,4
875,4,4,4
876,4,4,4
877,4,4,5
878,4,4,5
879,4,4,4
880,4,4,3
881,4,4,4
882,4,4,3
883,4,4,5
884,5,5,5
885,5,4,4
886,5,4,3
887,5,4,3
888,5,4,4
889,5,4,4
890,5,4,5
891,5,4,5
892,5,4,5
893,5,5,6
894,5,5,7
895,5,5,7
896,5,5,6
897,5,5,5
898,5,5,7
899,5,5,5
900,5,5,6
901,5,4,5
902,4,4,4
903,5,5,7
904,5,5,7
905,5,5,7
906,5,5,7
907,6,4,4
908,5,5,5
909,5,5,4
910,4,4,4
911,5,5,6
912,5,5,6
913,5,5,6
914,5,5,7
915,5,5,7
916,5,5,7
917,5,5,5
918,6,5,7
919,6,5,6
920,7,5,6
921,7,5,7
922,6,6,6
923,6,5,7
924,6,5,7
925,7,6,7
926,6,5,7
927,6,5,6
928,6,5,6
929,6,5,7
930,6,5,6
931,5,4,4
932,6,5,6
933,6,5,5
934,6,5,5
935,6,5,7
936,6,5,5
937,7,5,7
938,6,5,7
939,7,6,9
940,7,6,9
941,6,6,8
942,6,6,9
943,6,6,8
944,6,5,6
945,5,5,6
946,6,5,7
947,5,5,6
948,5,5,4
949,6,6,8
950,6,6,7
951,6,6,8
952,6,6,9
953,6,6,9
954,6,6,9
955,6,6,8
956,6,6,9
957,6,6,9
958,6,6,9
959,6,6,9
960,6,6,9
961,6,6,8
962,6,6,9
963,6,6,9
964,6,6,8
965,6,6,9
966,6,6,8
967,6,6,9
968,6,6,9
969,6,6,9
970,6,6,9
971,6,6,8
972,6,6,9
973,6,6,8
974,6,6,8
975,6,6,9
976,6,6,9
977,6,6,8
978,6,6,9
979,6,6,6
980,6,6,9
981,6,6,8
982,6,6,9
983,6,6,9
984,6,6,9
985,6,6,7
986,5,5,5
987,6,6,7
988,6,6,7
989,6,6,7
990,6,6,7
991,6,6,9
992,6,6,9
993,6,6,9
994,6,6,8
995,6,6,7
996,6,6,9
997,6,6,8
998,6,6,9
999,6,6,8
1000,6,6,9
1001,6,6,9
1002,6,6,8
1003,6,6,8
1004,6,6,9
1005,7,6,9
1006,7,6,9
1007,7,6,8
1008,7,6,9
1009,7,6,9
1010,7,6,9
1011,6,5,7
1012,6,6,9
1013,6,6,9
1014,6,6,8
1015,6,6,9
1016,6,6,9
1017,6,6,9
1018,7,6,9
1019,7,6,9
1020,7,6,8
1021,7,6,9
1022,7,6,9
1023,7,6,8
1024,7,6,8
1025,7,6,8
1026,7,6,8
1027,7,6,9
1028,7,6,9
1029,7,6,8
1030,7,6,9
1031,7,6,9
1032,7,6,9
1033,7,6,9
1034,7,6,9
1035,7,6,8
1036,7,6,9
1037,7,6,9
1038,7,6,9
1039,7,6,9
1040,6,6,8
1041,6,6,9
1042,6,3,3
1043,6,3,3
1044,6,3,2
1045,6,3,3
1046,6,3,3
1047,6,3,2
1048,5,3,3
1049,5,3,3
1050,7,3,3
1051,6,4,4
1052,5,4,4
1053,4,3,3
1054,4,4,4
1055,5,4,4
1056,5,5,6
1057,5,5,7
1058,5,4,4
1059,5,4,5
1060,4,4,4
1061,4,3,3
1062,5,5,5
1063,5,5,7
1064,5,5,5
1065,5,5,7
1066,5,4,4
1067,4,4,5
1068,4,4,5
1069,4,4,5
1070,4,3,2
1071,4,2,1
1072,4,3,3
1073,5,3,2
1074,5,0,0
1075,4,2,1
1076,4,3,2
1077,4,3,2
1078,4,3,3
1079,3,3,3
1080,3,0,0
1081,3,0,0
1082,3,0,0
1083,3,0,0
1084,3,0,0
1085,3,3,2
1086,3,3,3
1087,3,3,3
1088,3,2,1
1089,3,3,2
1090,3,3,2
1091,3,3,2
1092,3,2,1
1093,3,2,1
1094,3,0,0
1095,3,0,0
1096,2,0,0
1097,2,0,0
1098,2,0,0
1099,2,0,0
1100,2,0,0
1101,2,0,0
1102,2,0,0
1103,2,0,0
1104,2,0,0
1105,2,0,0
1106,2,0,0
1107,2,0,0
1108,1,0,0
1109,1,0,0
1110,1,0,0
1111,1,0,0
1112,2,0,0
1113,2,0,0
1114,2,0,0
1115,2,0,0
1116,1,0,0
1117,1,0,0
1118,1,0,0
1119,1,0,0
1120,2,0,0
1121,2,0,0
1122,2,0,0
1123,2,0,0
1124,2,0,0
1125,1,0,0
1126,2,0,0
1127,1,0,0
1128,1,0,0
1129,1,0,0
1130,1,0,0
1131,1,0,0
1132,1,0,0
1133,1,0,0
1134,1,0,0
1135,3,0,0
1136,1,0,0
1137,1,0,0
1138,1,0,0
1139,1,0,0
1140,2,0,0
1141,1,0,0
1142,1,0,0
1143,1,0,0
1144,1,0,0
1145,1,0,0
1146,1,0,0
1147,1,0,0
1148,1,0,0
1149,2,0,0
1150,1,0,0
1151,2,0,0
1152,1,0,0
1153,1,0,0
1154,1,0,0
1155,1,0,0
1156,1,0,0
1157,0,0,0
1158,0,0,0
1159,1,0,0
1160,1,0,0
1161,2,0,0
1162,2,0,0
1163,2,0,0
1164,3,0,0
1165,2,0,0
1166,3,0,0
1167,3,2,1
1168,2,2,1
1169,3,2,1
1170,2,2,1
1171,2,2,1
1172,2,2,1
1173,3,2,1
1174,3,2,1
1175,3,2,1
1176,3,2,1
1177,4,2,1
1178,3,2,1
1179,3,2,1
1180,3,0,0
1181,3,0,0
1182,3,0,0
1183,2,0,0
1184,2,0,0
1185,2,0,0
1186,2,0,0
1187,3,0,0
1188,3,0,0
1189,3,0,0
1190,3,0,0
1191,3,0,0
1192,2,2,1
1193,2,0,0
1194,2,0,0
1195,3,0,0
1196,1,0,0
1197,2,0,0
1198,2,0,0
1199,2,0,0
1200,2,0,0
1201,2,0,0
1202,2,0,0
1203,3,2,1
1204,3,0,0
1205,3,0,0
1206,2,0,0
1207,2,0,0
1208,2,0,0
1209,2,0,0
1210,2,0,0
1211,2,0,0
1212,2,0,0
1213,2,0,0
1214,2,2,1
1215,2,0,0
1216,2,0,0
1217,2,2,1
1218,2,0,0
1219,2,0,0
1220,2,0,0
1221,2,0,0
1222,2,2,1
1223,2,0,0
1224,2,0,0
1225,2,0,0
1226,2,2,1
1227,2,2,1
1228,3,0,0
1229,3,0,0
1230,3,0,0
1231,3,0,0
1232,1,0,0
1233,2,0,0
1234,3,0,0
1235,4,0,0
1236,2,0,0
1237,2,2,1
1238,2,0,0
1239,2,0,0
1240,2,0,0
1241,1,0,0
1242,3,0,0
1243,2,0,0
1244,2,0,0
1245,2,0,0
1246,1,0,0
1247,1,0,0
1248,1,0,0
1249,1,0,0
1250,1,0,0
1251,1,0,0
1252,2,0,0
1253,2,0,0
1254,2,0,0
1255,2,0,0
1256,2,0,0
1257,2,0,0
1258,2,0,0
1259,1,0,0
1260,3,0,0
1261,3,0,0
1262,2,0,0
1263,2,0,0
1264,2,0,0
1265,2,0,0
1266,2,0,0
1267,2,0,0
1268,2,0,0
1269,2,0,0
1270,2,0,0
1271,2,0,0
1272,2,0,0
1273,2,0,0
1274,2,0,0
1275,2,0,0
1276,2,0,0
1277,2,0,0
1278,1,0,0
1279,1,0,0
1280,0,0,0
1281,1,0,0
1282,0,0,0
1283,0,0,0
1284,2,0,0
1285,2,0,0
1286,2,0,0
1287,3,0,0
1288,2,0,0
1289,2,0,0
1290,3,0,0
1291,2,0,0
1292,2,0,0
1293,2,0,0
1294,2,0,0
1295,2,0,0
1296,2,0,0
1297,2,0,0
1298,3,0,0
1299,3,2,1
1300,2,0,0
1301,2,0,0
1302,1,0,0
1303,2,0,0
1304,3,0,0
1305,2,0,0
1306,2,0,0
1307,2,0,0
1308,2,0,0
1309,2,0,0
1310,2,0,0
1311,2,0,0
1312,2,0,0
1313,3,0,0
1314,3,0,0
1315,2,0,0
1316,2,0,0
1317,2,0,0
1318,2,0,0
1319,2,0,0
1320,2,0,0
1321,3,0,0
1322,4,0,0
1323,3,0,0
1324,3,2,1
1325,3,0,0
1326,3,0,0
1327,3,0,0
1328,2,0,0
1329,2,0,0
1330,2,0,0
1331,3,2,1
1332,3,0,0
1333,3,0,0
1334,3,0,0
1335,3,0,0
1336,3,0,0
1337,3,2,1
1338,3,2,1
1339,3,0,0
1340,3,0,0
1341,3,0,0
1342,2,0,0
1343,2,0,0
1344,2,0,0
1345,2,0,0
1346,2,0,0
1347,5,0,0
1348,4,0,0
1349,3,0,0
1350,3,0,0
1351,5,0,0
1352,4,0,0
1353,4,0,0
1354,4,2,1
1355,4,0,0
1356,4,0,0
1357,3,0,0
1358,3,0,0
1359,3,2,1
1360,3,0,0
1361,3,2,1
1362,3,2,1
1363,3,2,1
1364,4,3,2
1365,4,3,2
1366,4,0,0
1367,4,0,0
1368,5,2,1
1369,5,2,1
1370,4,0,0
1371,3,0,0
1372,3,0,0
1373,3,0,0
1374,3,0,0
1375,2,0,0
1376,2,0,0
1377,2,0,0
1378,2,0,0
1379,3,0,0
1380,2,0,0
1381,2,0,0
1382,4,0,0
1383,2,0,0
1384,1,0,0
1385,1,0,0
1386,0,0,0
1387,0,0,0
1388,0,0,0
1389,0,0,0
1390,1,0,0
1391,1,0,0
1392,1,0,0
1393,1,0,0
1394,1,0,0
1395,2,0,0
1396,1,0,0
1397,1,0,0
1398,1,0,0
1399,3,0,0
1400,2,0,0
1401,2,0,0
1402,2,2,1
1403,2,0,0
1404,2,0,0
1405,2,0,0
1406,2,2,1
1407,2,0,0
1408,2,0,0
1409,2,0,0
1410,2,0,0
1411,2,0,0
1412,2,0,0
1413,2,0,0
1414,2,0,0
1415,3,0,0
1416,3,0,0
1417,3,0,0
1418,3,0,0
1419,2,0,0
1420,3,0,0
1421,3,0,0
1422,2,0,0
1423,2,0,0
1424,2,0,0
1425,2,0,0
1426,3,0,0
1427,2,0,0
1428,2,0,0
1429,2,0,0
1430,2,0,0
1431,2,0,0
1432,2,0,0
1433,3,0,0
1434,3,0,0
1435,3,0,0
1436,3,0,0
1437,3,0,0
1438,3,0,0
1439,3,2,1
1440,4,2,1
1441,4,3,2
1442,4,3,2
1443,4,3,2
1444,4,3,3
1445,4,3,3
1446,3,3,2
1447,4,3,2
1448,4,3,2
1449,5,4,5
1450,6,4,4
1451,5,5,6
1452,5,4,4
1453,5,5,4
1454,5,5,5
1455,5,5,6
1456,5,5,5
1457,5,5,7
1458,5,5,7
1459,5,5,7
1460,6,5,6
1461,6,5,5
1462,6,5,7
1463,6,5,7
1464,6,5,7
1465,6,5,7
1466,6,5,7
1467,6,5,7
1468,6,5,7
1469,6,5,6
1470,6,5,6
1471,6,5,7
1472,6,4,5
1473,6,4,4
1474,6,4,3
1475,6,4,4
1476,5,4,5
1477,5,4,5
1478,5,4,5
1479,5,4,5
1480,4,4,5
1481,4,4,5
1482,4,4,4
1483,4,4,4
1484,4,4,5
1485,4,4,5
1486,4,4,5
1487,4,4,5
1488,4,4,5
1489,4,4,4
1490,4,4,5
1491,4,4,5
1492,4,4,4
1493,4,4,4
1494,4,4,4
1495,4,4,4
1496,4,4,3
1497,4,4,3
1498,4,4,3
1499,5,3,3
1500,6,3,3
1501,6,3,2
1502,6,3,3
1503,6,3,3
1504,6,3,3
1505,5,3,3
1506,5,3,2
1507,4,2,1
1508,5,3,3
1509,5,3,2
1510,5,3,2
1511,4,4,3
1512,5,3,3
1513,5,3,3
1514,4,3,2
1515,4,3,2
1516,4,4,4
1517,4,4,5
1518,4,3,2
1519,4,4,3
1520,4,4,3
1521,5,4,4
1522,5,4,5
1523,5,4,3
1524,5,4,4
1525,5,4,5
1526,5,4,5
1527,5,4,4
1528,5,4,4
1529,5,2,1
1530,5,3,3
1531,5,4,3
1532,5,4,4
1533,5,3,2
1534,5,3,3
1535,5,3,2
1536,4,3,3
1537,4,3,3
1538,3,3,3
1539,3,3,3
1540,3,3,2
1541,3,3,2
1542,4,3,2
1543,3,2,1
1544,3,0,0
1545,3,0,0
1546,3,0,0
1547,3,0,0
1548,3,0,0
1549,3,0,0
1550,3,0,0
1551,3,0,0
1552,3,0,0
1553,4,0,0
1554,4,0,0
1555,4,0,0
1556,4,0,0
1557,4,0,0
1558,4,0,0
1559,4,0,0
1560,3,0,0
1561,4,0,0
1562,3,0,0
1563,3,0,0
1564,2,0,0
1565,3,0,0
1566,3,2,1
1567,3,2,1
1568,4,0,0
1569,4,0,0
1570,3,0,0
1571,2,0,0
1572,3,0,0
1573,3,0,0
1574,2,0,0
1575,2,0,0
1576,2,0,0
1577,1,0,0
1578,2,0,0
1579,2,0,0
1580,2,0,0
1581,1,0,0
1582,1,0,0
1583,2,0,0
1584,2,0,0
1585,1,0,0
1586,1,0,0
1587,1,0,0
1588,2,0,0
1589,2,0,0
1590,4,0,0
1591,3,0,0
1592,3,2,1
1593,3,0,0
1594,3,0,0
1595,3,0,0
1596,3,0,0
1597,2,2,1
1598,3,0,0
1599,4,0,0
1600,2,0,0
1601,2,0,0
1602,2,0,0
1603,2,0,0
1604,2,0,0
1605,1,0,0
1606,1,0,0
1607,1,0,0
1608,2,0,0
1609,3,0,0
1610,2,0,0
1611,2,0,0
1612,2,0,0
1613,2,2,1
1614,2,0,0
1615,3,0,0
1616,3,0,0
1617,3,0,0
1618,3,0,0
1619,3,0,0
1620,3,0,0
1621,3,0,0
1622,3,0,0
1623,2,0,0
1624,2,0,0
1625,2,0,0
1626,2,0,0
1627,2,0,0
1628,2,0,0
1629,1,0,0
1630,1,0,0
1631,1,0,0
1632,1,0,0
1633,2,0,0
1634,2,0,0
1635,2,0,0
1636,1,0,0
1637,2,0,0
1638,2,0,0
1639,2,0,0
1640,2,0,0
1641,2,0,0
1642,3,0,0
1643,2,2,1
1644,1,0,0
1645,3,2,1
1646,3,2,1
1647,3,2,1
1648,3,2,1
1649,3,0,0
1650,3,0,0
1651,2,0,0
1652,2,0,0
1653,2,0,0
1654,2,0,0
1655,2,0,0
1656,2,0,0
1657,2,0,0
1658,3,0,0
1659,3,0,0
1660,3,0,0
1661,3,0,0
1662,3,0,0
1663,2,0,0
1664,1,0,0
1665,2,0,0
1666,1,0,0
1667,2,0,0
1668,1,0,0
1669,1,0,0
1670,1,0,0
1671,1,0,0
1672,1,0,0
1673,1,0,0
1674,1,0,0
1675,2,0,0
1676,1,0,0
1677,1,0,0
1678,1,0,0
1679,2,0,0
1680,2,0,0
1681,2,0,0
1682,2,0,0
1683,2,0,0
1684,2,0,0
1685,2,0,0
1686,2,0,0
1687,2,0,0
1688,2,0,0
1689,2,0,0
1690,2,0,0
1691,3,0,0
1692,3,0,0
1693,3,0,0
1694,2,0,0
1695,2,0,0
1696,2,0,0
1697,2,0,0
1698,2,0,0
1699,1,0,0
1700,1,0,0
1701,2,0,0
1702,2,0,0
1703,2,0,0
1704,2,0,0
1705,2,0,0
1706,2,2,1
1707,2,0,0
1708,2,0,0
1709,2,0,0
1710,3,0,0
1711,2,0,0
1712,2,0,0
1713,2,0,0
1714,2,0,0
1715,2,0,0
1716,2,0,0
1717,2,0,0
1718,2,0,0
1719,3,0,0
1720,2,0,0
1721,3,0,0
1722,2,0,0
1723,3,0,0
1724,3,0,0
1725,1,0,0
1726,1,0,0
1727,1,0,0
1728,1,0,0
1729,1,0,0
1730,1,0,0
1731,1,0,0
1732,1,0,0
1733,1,0,0
1734,1,0,0
1735,1,0,0
1736,1,0,0
1737,1,0,0
1738,2,0,0
1739,2,0,0
1740,1,0,0
1741,1,0,0
1742,1,0,0
1743,2,0,0
1744,1,0,0
1745,2,0,0
1746,2,0,0
1747,2,0,0
1748,2,0,0
1749,2,0,0
1750,3,0,0
1751,3,0,0
1752,3,0,0
1753,4,2,1
1754,4,0,0
1755,4,0,0
1756,3,0,0
1757,4,0,0
1758,4,2,1
1759,4,0,0
1760,3,2,1
1761,4,2,1
1762,3,0,0
1763,4,2,1
1764,4,0,0
1765,4,0,0
1766,3,0,0
1767,3,0,0
1768,3,2,1
1769,2,0,0
1770,2,0,0
1771,2,0,0
1772,2,0,0
1773,2,0,0
1774,2,0,0
1775,2,0,0
1776,3,0,0
1777,3,0,0
1778,2,0,0
1779,2,0,0
1780,2,0,0
1781,3,0,0
1782,3,0,0
1783,2,0,0
1784,3,0,0
1785,1,0,0
1786,0,0,0
1787,1,0,0
1788,1,0,0
1789,0,0,0
1790,0,0,0
1791,1,0,0
1792,0,0,0
1793,1,0,0
1794,2,0,0
1795,0,0,0
1796,0,0,0
1797,0,0,0
1798,1,0,0
1799,2,0,0
1800,2,0,0
1801,2,0,0
1802,2,0,0
1803,0,0,0
1804,1,0,0
1805,0,0,0
1806,1,0,0
1807,1,0,0
1808,1,0,0
1809,1,0,0
1810,1,0,0
1811,1,0,0
1812,1,0,0
1813,2,0,0
1814,3,0,0
1815,2,0,0
1816,1,0,0
1817,1,0,0
1818,1,0,0
1819,1,0,0
1820,2,0,0
1821,2,0,0
1822,1,0,0
1823,1,0,0
1824,1,0,0
1825,0,0,0
1826,0,0,0
1827,0,0,0
1828,1,0,0
1829,0,0,0
1830,0,0,0
1831,0,0,0
1832,1,0,0
1833,2,0,0
1834,2,0,0
1835,2,0,0
1836,1,0,0
1837,1,0,0
1838,2,0,0
1839,2,0,0
1840,2,0,0
1841,2,0,0
1842,1,0,0
1843,1,0,0
1844,1,0,0
1845,1,0,0
1846,2,0,0
1847,1,0,0
1848,1,0,0
1849,2,0,0
1850,2,0,0
1851,2,0,0
1852,2,0,0
1853,2,0,0
1854,2,0,0
1855,2,0,0
1856,2,0,0
1857,2,0,0
1858,2,0,0
1859,2,0,0
1860,2,0,0
1861,2,0,0
1862,2,2,1
1863,3,0,0
1864,3,0,0
1865,3,0,0
1866,4,2,1
1867,4,0,0
1868,3,0,0
1869,3,0,0
1870,3,0,0
1871,2,0,0
1872,2,0,0
1873,2,0,0
1874,2,0,0
1875,3,2,1
1876,3,0,0
1877,3,0,0
1878,2,0,0
1879,2,0,0
1880,4,2,1
1881,2,0,0
1882,3,0,0
1883,2,0,0
1884,2,0,0
1885,2,0,0
1886,2,0,0
1887,3,0,0
1888,3,0,0
1889,3,0,0
1890,3,0,0
1891,3,0,0
1892,2,2,1
1893,2,2,1
1894,3,2,1
1895,2,2,1
1896,2,2,1
1897,2,2,1
1898,2,2,1
1899,2,2,1
1900,2,2,1
1901,2,0,0
1902,4,0,0
1903,3,0,0
1904,3,0,0
1905,4,2,1
1906,4,2,1
1907,4,2,1
1908,4,2,1
1909,3,3,3
1910,3,3,3
1911,3,3,3
1912,3,3,3
1913,3,3,3
1914,3,3,2
1915,3,3,3
1916,3,3,3
1917,3,3,2
1918,3,3,3
1919,3,3,3
1920,3,3,2
1921,3,3,3
1922,3,3,2
1923,3,2,1
1924,4,3,2
1925,4,2,1
1926,4,0,0
1927,4,0,0
1928,3,0,0
1929,3,0,0
1930,4,0,0
1931,3,0,0
1932,4,0,0
1933,4,0,0
1934,3,0,0
1935,2,2,1
1936,2,2,1
1937,2,0,0
1938,2,0,0
1939,3,0,0
1940,3,0,0
1941,3,0,0
1942,3,0,0
1943,3,0,0
1944,3,0,0
1945,2,0,0
1946,2,0,0
1947,3,2,1
1948,3,2,1
1949,4,2,1
1950,4,2,1
1951,4,2,1
1952,4,2,1
1953,3,0,0
1954,4,0,0
1955,4,0,0
1956,4,0,0
1957,4,3,2
1958,4,2,1
1959,6,3,2
1960,5,3,2
1961,3,0,0
1962,3,0,0
1963,3,2,1
1964,3,0,0
1965,3,0,0
1966,4,0,0
1967,3,0,0
1968,3,0,0
1969,3,0,0
1970,3,0,0
1971,2,0,0
1972,1,0,0
1973,0,0,0
1974,0,0,0
1975,2,0,0
1976,2,0,0
1977,2,0,0
1978,2,0,0
1979,2,0,0
1980,2,0,0
1981,1,0,0
1982,1,0,0
1983,1,0,0
1984,1,0,0
1985,2,0,0
1986,2,0,0
1987,2,0,0
1988,2,0,0
1989,3,0,0
1990,3,0,0
1991,3,0,0
1992,3,0,0
1993,3,0,0
1994,3,0,0
1995,3,0,0
1996,3,0,0
1997,3,0,0
1998,3,0,0
1999,3,0,0
