0,0,0,0
1,1,0,0
2,0,0,0
3,0,0,0
4,0,0,0
5,1,0,0
6,1,0,0
7,2,0,0
8,2,0,0
9,2,0,0
10,2,0,0
11,2,0,0
12,2,0,0
13,2,0,0
14,1,0,0
15,1,0,0
16,1,0,0
17,1,0,0
18,2,0,0
19,2,0,0
20,1,0,0
21,1,0,0
22,1,0,0
23,1,0,0
24,2,0,0
25,2,0,0
26,2,0,0
27,2,0,0
28,3,0,0
29,5,0,0
30,4,2,1
31,2,0,0
32,3,0,0
33,3,0,0
34,4,0,0
35,3,0,0
36,3,0,0
37,3,0,0
38,3,0,0
39,3,3,2
40,3,3,3
41,3,2,1
42,4,3,2
43,3,3,3
44,5,3,3
45,5,3,3
46,5,3,3
47,5,3,3
48,5,3,3
49,5,3,3
50,5,3,2
51,5,3,3
52,4,3,3
53,3,3,2
54,3,3,2
55,3,3,2
56,3,3,3
57,3,3,2
58,3,3,3
59,3,3,2
60,3,3,3
61,3,3,3
62,3,3,3
63,3,3,2
64,3,3,2
65,3,0,0
66,3,0,0
67,3,2,1
68,3,2,1
69,4,0,0
70,4,0,0
71,3,2,1
72,2,0,0
73,2,0,0
74,2,0,0
75,2,0,0
76,2,0,0
77,2,0,0
78,2,0,0
79,2,2,1
80,2,0,0
81,2,0,0
82,1,0,0
83,2,0,0
84,2,0,0
85,2,0,0
86,2,0,0
87,2,0,0
88,2,0,0
89,2,0,0
90,2,0,0
91,2,0,0
92,2,0,0
93,2,0,0
94,2,0,0
95,2,0,0
96,2,0,0
97,2,2,1
98,2,0,0
99,2,0,0
100,2,0,0
101,2,0,0
102,2,0,0
103,2,0,0
104,2,0,0
105,2,0,0
106,2,0,0
107,2,0,0
108,3,0,0
109,2,0,0
110,2,0,0
111,2,0,0
112,3,0,0
113,3,0,0
114,2,0,0
115,2,0,0
116,2,0,0
117,2,0,0
118,3,0,0
119,2,0,0
120,2,0,0
121,2,0,0
122,2,0,0
123,2,0,0
124,2,0,0
125,2,0,0
126,2,0,0
127,1,0,0
128,2,0,0
129,1,0,0
130,2,0,0
131,1,0,0
132,2,0,0
133,1,0,0
134,0,0,0
135,1,0,0
136,1,0,0
137,1,0,0
138,2,0,0
139,1,0,0
140,1,0,0
141,1,0,0
142,2,0,0
143,2,0,0
144,2,0,0
145,2,0,0
146,2,0,0
147,1,0,0
148,2,0,0
149,1,0,0
150,1,0,0
151,2,0,0
152,2,0,0
153,1,0,0
154,1,0,0
155,1,0,0
156,1,0,0
157,1,0,0
158,1,0,0
159,1,0,0
160,1,0,0
161,1,0,0
162,1,0,0
163,1,0,0
164,2,0,0
165,1,0,0
166,1,0,0
167,1,0,0
168,1,0,0
169,2,0,0
170,2,0,0
171,3,0,0
172,2,0,0
173,2,0,0
174,3,2,1
175,3,0,0
176,2,2,1
177,4,0,0
178,4,0,0
179,3,0,0
180,3,0,0
181,3,0,0
182,3,0,0
183,3,0,0
184,3,0,0
185,3,2,1
186,3,0,0
187,3,0,0
188,3,0,0
189,3,0,0
190,3,0,0
191,3,0,0
192,3,0,0
193,3,2,1
194,3,2,1
195,2,0,0
196,2,0,0
197,1,0,0
198,3,0,0
199,2,0,0
200,1,0,0
201,1,0,0
202,1,0,0
203,1,0,0
204,1,0,0
205,1,0,0
206,1,0,0
207,1,0,0
208,0,0,0
209,0,0,0
210,3,0,0
211,2,0,0
212,2,0,0
213,2,0,0
214,2,0,0
215,2,0,0
216,3,0,0
217,3,0,0
218,3,0,0
219,2,0,0
220,2,0,0
221,3,0,0
222,3,0,0
223,4,0,0
224,5,0,0
225,4,0,0
226,4,0,0
227,2,0,0
228,4,0,0
229,4,0,0
230,4,0,0
231,4,3,2
232,4,2,1
233,4,2,1
234,3,0,0
235,3,0,0
236,4,0,0
237,4,2,1
238,4,0,0
239,2,0,0
240,3,0,0
241,3,0,0
242,3,0,0
243,2,0,0
244,2,0,0
245,2,0,0
246,2,0,0
247,2,0,0
248,3,2,1
249,3,3,2
250,4,3,2
251,3,3,3
252,3,3,3
253,3,3,2
254,4,3,2
255,5,2,1
256,4,2,1
257,3,2,1
258,3,0,0
259,4,0,0
260,3,0,0
261,3,0,0
262,4,2,1
263,4,2,1
264,4,0,0
265,4,0,0
266,5,2,1
267,3,3,2
268,3,3,2
269,3,0,0
270,3,0,0
271,3,0,0
272,2,0,0
273,5,0,0
274,3,0,0
275,3,0,0
276,3,0,0
277,3,0,0
278,3,2,1
279,3,0,0
280,4,2,1
281,3,0,0
282,3,0,0
283,3,0,0
284,3,2,1
285,3,0,0
286,3,0,0
287,3,0,0
288,3,2,1
289,3,0,0
290,3,2,1
291,3,2,1
292,3,2,1
293,3,2,1
294,3,2,1
295,3,0,0
296,4,0,0
297,4,0,0
298,5,2,1
299,4,2,1
300,4,2,1
301,4,3,2
302,4,3,2
303,4,3,2
304,4,3,2
305,4,3,2
306,4,3,2
307,4,3,3
308,4,3,2
309,3,3,3
310,3,3,3
311,4,3,2
312,4,3,3
313,3,3,2
314,3,2,1
315,3,3,2
316,3,2,1
317,3,3,2
318,3,3,2
319,2,0,0
320,3,3,3
321,3,3,2
322,3,3,2
323,3,3,3
324,3,3,3
325,3,3,2
326,3,3,2
327,4,3,3
328,4,3,2
329,4,3,2
330,3,3,3
331,3,3,3
332,3,3,2
333,3,3,3
334,3,3,2
335,4,3,2
336,3,3,2
337,3,3,2
338,3,0,0
339,4,2,1
340,3,0,0
341,4,0,0
342,4,0,0
343,3,0,0
344,3,0,0
345,2,0,0
346,2,0,0
347,2,0,0
348,2,0,0
349,2,2,1
350,2,2,1
351,2,0,0
352,2,0,0
353,2,0,0
354,2,0,0
355,2,0,0
356,2,2,1
357,2,0,0
358,2,0,0
359,2,0,0
360,2,0,0
361,2,0,0
362,2,2,1
363,2,0,0
364,2,0,0
365,3,0,0
366,3,0,0
367,3,2,1
368,4,0,0
369,3,0,0
370,3,0,0
371,4,0,0
372,4,0,0
373,5,0,0
374,4,0,0
375,3,0,0
376,2,0,0
377,2,0,0
378,2,2,1
379,2,0,0
380,2,0,0
381,2,0,0
382,2,0,0
383,2,0,0
384,2,0,0
385,1,0,0
386,1,0,0
387,2,0,0
388,2,0,0
389,1,0,0
390,1,0,0
391,1,0,0
392,1,0,0
393,1,0,0
394,1,0,0
395,2,0,0
396,2,0,0
397,1,0,0
398,1,0,0
399,1,0,0
400,1,0,0
401,1,0,0
402,1,0,0
403,1,0,0
404,1,0,0
405,1,0,0
406,2,0,0
407,2,0,0
408,1,0,0
409,2,0,0
410,1,0,0
411,1,0,0
412,1,0,0
413,2,0,0
414,2,0,0
415,3,0,0
416,2,0,0
417,2,0,0
418,3,0,0
419,3,0,0
420,3,0,0
421,3,0,0
422,4,0,0
423,3,0,0
424,2,0,0
425,1,0,0
426,1,0,0
427,1,0,0
428,2,0,0
429,3,0,0
430,3,0,0
431,2,0,0
432,2,0,0
433,2,0,0
434,2,0,0
435,2,0,0
436,2,0,0
437,2,0,0
438,2,0,0
439,2,0,0
440,2,0,0
441,2,0,0
442,2,0,0
443,2,0,0
444,2,0,0
445,2,0,0
446,3,0,0
447,3,0,0
448,3,2,1
449,3,0,0
450,3,0,0
451,3,0,0
452,2,0,0
453,2,0,0
454,2,0,0
455,2,2,1
456,2,0,0
457,3,0,0
458,3,0,0
459,3,0,0
460,3,0,0
461,2,0,0
462,2,0,0
463,3,0,0
464,3,0,0
465,3,0,0
466,3,2,1
467,3,2,1
468,3,0,0
469,3,0,0
470,3,0,0
471,3,0,0
472,3,2,1
473,3,0,0
474,3,0,0
475,3,0,0
476,3,0,0
477,3,0,0
478,3,0,0
479,2,0,0
480,2,0,0
481,2,0,0
482,2,0,0
483,2,0,0
484,2,0,0
485,2,0,0
486,3,0,0
487,3,0,0
488,3,0,0
489,2,0,0
490,2,0,0
491,2,0,0
492,1,0,0
493,1,0,0
494,1,0,0
495,1,0,0
496,1,0,0
497,1,0,0
498,1,0,0
499,1,0,0
500,1,0,0
501,1,0,0
502,1,0,0
503,1,0,0
504,2,0,0
505,1,0,0
506,2,0,0
507,2,0,0
508,2,0,0
509,2,0,0
510,3,0,0
511,2,0,0
512,2,0,0
513,1,0,0
514,2,0,0
515,3,0,0
516,3,0,0
517,3,0,0
518,3,0,0
519,2,0,0
520,2,0,0
521,2,0,0
522,2,0,0
523,2,0,0
524,2,2,1
525,2,0,0
526,2,0,0
527,2,0,0
528,2,0,0
529,2,0,0
530,3,0,0
531,2,0,0
532,2,0,0
533,2,0,0
534,2,2,1
535,2,2,1
536,2,0,0
537,2,0,0
538,2,0,0
539,2,0,0
540,2,0,0
541,2,0,0
542,2,0,0
543,2,0,0
544,3,0,0
545,3,0,0
546,3,0,0
547,3,0,0
548,3,0,0
549,2,0,0
550,3,0,0
551,3,0,0
552,3,0,0
553,2,0,0
554,3,0,0
555,3,0,0
556,3,0,0
557,3,0,0
558,3,2,1
559,3,2,1
560,3,2,1
561,3,0,0
562,2,0,0
563,2,0,0
564,2,0,0
565,2,0,0
566,2,0,0
567,1,0,0
568,1,0,0
569,1,0,0
570,2,0,0
571,2,2,1
572,2,0,0
573,2,0,0
574,2,0,0
575,2,0,0
576,1,0,0
577,1,0,0
578,1,0,0
579,2,0,0
580,2,0,0
581,2,0,0
582,2,0,0
583,2,0,0
584,2,0,0
585,2,0,0
586,2,0,0
587,2,0,0
588,2,0,0
589,2,0,0
590,2,0,0
591,2,0,0
592,2,0,0
593,2,0,0
594,2,0,0
595,2,0,0
596,2,0,0
597,2,0,0
598,2,0,0
599,2,0,0
600,3,0,0
601,2,0,0
602,2,0,0
603,2,0,0
604,2,0,0
605,2,2,1
606,2,2,1
607,3,0,0
608,3,0,0
609,3,0,0
610,3,0,0
611,3,0,0
612,3,0,0
613,3,0,0
614,3,0,0
615,3,0,0
616,3,2,1
617,4,0,0
618,3,0,0
619,3,0,0
620,3,0,0
621,2,0,0
622,2,0,0
623,2,0,0
624,2,0,0
625,2,0,0
626,3,0,0
627,2,0,0
628,2,0,0
629,2,0,0
630,1,0,0
631,1,0,0
632,2,0,0
633,2,0,0
634,2,0,0
635,2,0,0
636,2,0,0
637,2,0,0
638,2,0,0
639,2,0,0
640,2,0,0
641,2,0,0
642,2,0,0
643,2,0,0
644,2,0,0
645,2,0,0
646,2,0,0
647,2,0,0
648,2,0,0
649,3,0,0
650,2,0,0
651,3,0,0
652,2,0,0
653,2,0,0
654,2,0,0
655,2,0,0
656,2,0,0
657,2,0,0
658,2,0,0
659,2,0,0
660,2,0,0
661,2,0,0
662,2,0,0
663,2,0,0
664,2,0,0
665,2,0,0
666,2,0,0
667,2,0,0
668,2,0,0
669,2,0,0
670,2,0,0
671,2,0,0
672,2,0,0
673,2,0,0
674,2,0,0
675,2,0,0
676,2,0,0
677,2,0,0
678,2,0,0
679,2,0,0
680,1,0,0
681,1,0,0
682,1,0,0
683,1,0,0
684,1,0,0
685,2,0,0
686,1,0,0
687,2,0,0
688,1,0,0
689,2,0,0
690,2,0,0
691,2,0,0
692,2,0,0
693,2,0,0
694,2,0,0
695,2,0,0
696,2,0,0
697,2,0,0
698,2,0,0
699,2,0,0
700,2,0,0
701,1,0,0
702,2,0,0
703,2,0,0
704,2,0,0
705,2,0,0
706,1,0,0
707,1,0,0
708,1,0,0
709,1,0,0
710,1,0,0
711,2,0,0
712,2,0,0
713,1,0,0
714,1,0,0
715,1,0,0
716,2,0,0
717,2,0,0
718,2,0,0
719,2,0,0
720,2,0,0
721,3,0,0
722,2,0,0
723,3,0,0
724,3,2,1
725,3,0,0
726,3,0,0
727,3,2,1
728,3,0,0
729,4,0,0
730,4,2,1
731,4,2,1
732,3,2,1
733,3,2,1
734,3,2,1
735,3,0,0
736,3,0,0
737,3,2,1
738,3,0,0
739,3,2,1
740,3,0,0
741,3,0,0
742,3,0,0
743,3,2,1
744,3,0,0
745,2,0,0
746,2,0,0
747,2,0,0
748,2,0,0
749,1,0,0
750,1,0,0
751,2,0,0
752,2,0,0
753,2,0,0
754,2,0,0
755,2,0,0
756,2,0,0
757,2,0,0
758,2,0,0
759,2,0,0
760,2,0,0
761,2,0,0
762,2,0,0
763,2,0,0
764,2,0,0
765,2,0,0
766,2,0,0
767,2,0,0
768,2,0,0
769,2,0,0
770,1,0,0
771,1,0,0
772,1,0,0
773,1,0,0
774,1,0,0
775,1,0,0
776,1,0,0
777,1,0,0
778,1,0,0
779,2,0,0
780,1,0,0
781,1,0,0
782,1,0,0
783,1,0,0
784,1,0,0
785,1,0,0
786,1,0,0
787,1,0,0
788,1,0,0
789,1,0,0
790,1,0,0
791,1,0,0
792,1,0,0
793,1,0,0
794,1,0,0
795,1,0,0
796,1,0,0
797,1,0,0
798,1,0,0
799,1,0,0
800,1,0,0
801,1,0,0
802,1,0,0
803,2,0,0
804,2,0,0
805,2,0,0
806,2,0,0
807,2,0,0
808,3,0,0
809,3,0,0
810,2,0,0
811,2,0,0
812,1,0,0
813,2,0,0
814,2,0,0
815,2,0,0
816,2,0,0
817,2,0,0
818,2,0,0
819,2,2,1
820,2,2,1
821,2,0,0
822,2,0,0
823,2,0,0
824,2,0,0
825,2,0,0
826,2,0,0
827,2,0,0
828,1,0,0
829,2,2,1
830,1,0,0
831,1,0,0
832,1,0,0
833,1,0,0
834,1,0,0
835,1,0,0
836,1,0,0
837,1,0,0
838,0,0,0
839,0,0,0
840,1,0,0
841,1,0,0
842,1,0,0
843,2,0,0
844,2,0,0
845,2,0,0
846,2,0,0
847,2,0,0
848,4,0,0
849,3,0,0
850,3,0,0
851,4,0,0
852,4,0,0
853,4,3,3
854,4,3,3
855,3,3,3
856,3,3,3
857,3,3,3
858,4,3,3
859,3,3,3
860,3,3,2
861,3,3,2
862,3,3,2
863,2,2,1
864,3,3,2
865,3,3,3
866,3,3,2
867,4,3,2
868,4,3,3
869,4,3,2
870,4,3,3
871,4,2,1
872,3,3,2
873,3,3,2
874,3,3,2
875,3,3,2
876,3,3,2
877,3,3,2
878,3,3,2
879,3,3,3
880,3,3,2
881,3,3,3
882,3,3,3
883,3,3,3
884,4,3,3
885,3,3,3
886,3,3,3
887,3,3,2
888,3,3,3
889,3,3,2
890,3,3,3
891,3,3,3
892,3,3,2
893,3,3,3
894,3,3,2
895,3,3,3
896,3,3,2
897,3,3,2
898,3,3,3
899,3,3,3
900,3,3,3
901,3,3,3
902,3,3,3
903,3,3,3
904,3,3,2
905,3,3,2
906,3,3,3
907,3,3,2
908,3,3,3
909,3,3,2
910,3,3,2
911,3,3,3
912,3,0,0
913,4,0,0
914,3,0,0
915,3,0,0
916,3,0,0
917,3,0,0
918,3,0,0
919,3,0,0
920,3,0,0
921,3,0,0
922,3,0,0
923,2,0,0
924,2,0,0
925,3,0,0
926,3,0,0
927,3,2,1
928,3,0,0
929,3,0,0
930,3,0,0
931,4,0,0
932,2,0,0
933,2,0,0
934,3,0,0
935,3,0,0
936,3,0,0
937,3,0,0
938,3,0,0
939,3,0,0
940,3,0,0
941,3,0,0
942,3,0,0
943,3,0,0
944,3,0,0
945,3,0,0
946,3,0,0
947,3,0,0
948,3,0,0
949,3,0,0
950,3,0,0
951,3,0,0
952,3,0,0
953,3,0,0
954,3,0,0
955,3,0,0
956,3,0,0
957,3,0,0
958,3,0,0
959,3,0,0
960,2,0,0
961,2,0,0
962,3,0,0
963,3,0,0
964,2,0,0
965,3,0,0
966,2,0,0
967,1,0,0
968,1,0,0
969,1,0,0
970,1,0,0
971,1,0,0
972,2,0,0
973,2,0,0
974,2,0,0
975,2,0,0
976,2,0,0
977,2,0,0
978,2,0,0
979,2,0,0
980,3,0,0
981,3,0,0
982,3,0,0
983,3,0,0
984,3,0,0
985,3,0,0
986,3,0,0
987,3,0,0
988,3,0,0
989,2,0,0
990,2,0,0
991,2,0,0
992,2,0,0
993,2,0,0
994,2,0,0
995,2,0,0
996,2,0,0
997,1,0,0
998,1,0,0
999,1,0,0
1000,1,0,0
1001,2,0,0
1002,1,0,0
1003,1,0,0
1004,1,0,0
1005,1,0,0
1006,2,0,0
1007,2,0,0
1008,2,0,0
1009,2,0,0
1010,2,0,0
1011,3,0,0
1012,2,0,0
1013,1,0,0
1014,2,0,0
1015,2,0,0
1016,3,0,0
1017,2,0,0
1018,3,2,1
1019,2,0,0
1020,2,0,0
1021,2,0,0
1022,3,0,0
1023,2,0,0
1024,2,0,0
1025,2,0,0
1026,2,0,0
1027,2,0,0
1028,2,0,0
1029,2,0,0
1030,2,0,0
1031,2,0,0
1032,2,0,0
1033,2,0,0
1034,2,0,0
1035,1,0,0
1036,1,0,0
1037,2,0,0
1038,1,0,0
1039,1,0,0
1040,1,0,0
1041,2,0,0
1042,2,0,0
1043,2,0,0
1044,3,0,0
1045,3,0,0
1046,3,3,2
1047,3,3,2
1048,3,3,2
1049,3,3,2
1050,3,3,2
1051,3,3,3
1052,3,3,3
1053,3,3,2
1054,3,3,2
1055,3,3,2
1056,3,3,2
1057,3,3,2
1058,3,3,2
1059,3,3,2
1060,3,3,2
1061,3,2,1
1062,3,0,0
1063,3,0,0
1064,3,0,0
1065,2,0,0
1066,3,0,0
1067,3,2,1
1068,3,2,1
1069,3,0,0
1070,2,0,0
1071,2,0,0
1072,3,2,1
1073,3,0,0
1074,3,0,0
1075,3,0,0
1076,3,0,0
1077,3,0,0
1078,3,0,0
1079,3,0,0
1080,3,2,1
1081,2,0,0
1082,3,0,0
1083,3,0,0
1084,3,0,0
1085,3,0,0
1086,3,0,0
1087,3,0,0
1088,3,0,0
1089,3,0,0
1090,3,0,0
1091,3,0,0
1092,3,0,0
1093,2,0,0
1094,3,0,0
1095,3,0,0
1096,3,0,0
1097,3,0,0
1098,3,0,0
1099,3,0,0
1100,3,0,0
1101,3,0,0
1102,3,0,0
1103,3,0,0
1104,3,0,0
1105,3,2,1
1106,3,2,1
1107,3,2,1
1108,3,0,0
1109,3,0,0
1110,3,0,0
1111,2,0,0
1112,3,0,0
1113,2,0,0
1114,2,0,0
1115,2,0,0
1116,2,2,1
1117,1,0,0
1118,2,0,0
1119,2,0,0
1120,1,0,0
1121,1,0,0
1122,1,0,0
1123,2,0,0
1124,2,0,0
1125,2,0,0
1126,1,0,0
1127,1,0,0
1128,1,0,0
1129,1,0,0
1130,1,0,0
1131,1,0,0
1132,1,0,0
1133,1,0,0
1134,1,0,0
1135,1,0,0
1136,1,0,0
1137,1,0,0
1138,1,0,0
1139,1,0,0
1140,2,0,0
1141,2,0,0
1142,1,0,0
1143,2,0,0
1144,2,0,0
1145,1,0,0
1146,1,0,0
1147,1,0,0
1148,1,0,0
1149,1,0,0
1150,1,0,0
1151,2,0,0
1152,1,0,0
1153,1,0,0
1154,2,0,0
1155,2,0,0
1156,1,0,0
1157,1,0,0
1158,1,0,0
1159,1,0,0
1160,1,0,0
1161,1,0,0
1162,1,0,0
1163,1,0,0
1164,1,0,0
1165,1,0,0
1166,0,0,0
1167,0,0,0
1168,0,0,0
1169,0,0,0
1170,0,0,0
1171,1,0,0
1172,0,0,0
1173,0,0,0
1174,0,0,0
1175,0,0,0
1176,0,0,0
1177,1,0,0
1178,3,0,0
1179,2,0,0
1180,2,0,0
1181,2,0,0
1182,3,0,0
1183,2,0,0
1184,2,0,0
1185,2,0,0
1186,2,0,0
1187,2,0,0
1188,2,0,0
1189,2,0,0
1190,2,2,1
1191,2,0,0
1192,1,0,0
1193,2,0,0
1194,4,0,0
1195,5,0,0
1196,4,0,0
1197,3,0,0
1198,3,0,0
1199,3,0,0
1200,3,0,0
1201,3,0,0
1202,3,0,0
1203,2,0,0
1204,2,0,0
1205,2,0,0
1206,2,2,1
1207,2,0,0
1208,3,0,0
1209,3,0,0
1210,3,0,0
1211,3,0,0
1212,2,0,0
1213,3,0,0
1214,3,0,0
1215,2,0,0
1216,3,0,0
1217,3,0,0
1218,2,0,0
1219,2,0,0
1220,2,0,0
1221,2,0,0
1222,2,0,0
1223,2,0,0
1224,2,0,0
1225,2,0,0
1226,2,0,0
1227,2,0,0
1228,2,0,0
1229,2,0,0
1230,3,0,0
1231,3,0,0
1232,4,0,0
1233,4,3,2
1234,4,2,1
1235,4,2,1
1236,4,2,1
1237,4,3,2
1238,4,2,1
1239,4,2,1
1240,3,0,0
1241,4,0,0
1242,4,0,0
1243,4,0,0
1244,3,0,0
1245,2,0,0
1246,2,0,0
1247,1,0,0
1248,1,0,0
1249,1,0,0
1250,1,0,0
1251,1,0,0
1252,1,0,0
1253,1,0,0
1254,1,0,0
1255,2,0,0
1256,2,0,0
1257,2,0,0
1258,2,0,0
1259,2,0,0
1260,2,0,0
1261,2,0,0
1262,2,0,0
1263,3,0,0
1264,2,0,0
1265,2,0,0
1266,2,0,0
1267,3,0,0
1268,3,0,0
1269,3,0,0
1270,3,0,0
1271,3,0,0
1272,3,0,0
1273,4,0,0
1274,4,0,0
1275,2,0,0
1276,1,0,0
1277,1,0,0
1278,1,0,0
1279,1,0,0
1280,1,0,0
1281,0,0,0
1282,0,0,0
1283,0,0,0
1284,1,0,0
1285,2,0,0
1286,1,0,0
1287,1,0,0
1288,1,0,0
1289,0,0,0
1290,1,0,0
1291,1,0,0
1292,2,0,0
1293,2,0,0
1294,2,0,0
1295,2,0,0
1296,2,0,0
1297,2,0,0
1298,3,0,0
1299,4,0,0
1300,4,0,0
1301,4,2,1
1302,4,0,0
1303,3,0,0
1304,3,2,1
1305,4,0,0
1306,4,0,0
1307,4,0,0
1308,4,0,0
1309,4,2,1
1310,4,2,1
1311,4,2,1
1312,4,0,0
1313,4,0,0
1314,4,4,5
1315,4,4,4
1316,4,4,4
1317,3,3,2
1318,4,4,5
1319,4,4,4
1320,3,3,2
1321,3,3,3
1322,4,3,3
1323,5,4,3
1324,5,4,4
1325,5,4,4
1326,5,4,4
1327,5,4,4
1328,5,4,4
1329,5,4,5
1330,5,4,5
1331,4,4,5
1332,4,4,5
1333,4,4,4
1334,4,4,5
1335,4,4,4
1336,4,4,5
1337,4,4,3
1338,4,3,3
1339,4,4,5
1340,4,4,5
1341,4,4,5
1342,4,4,5
1343,4,4,5
1344,4,4,4
1345,4,4,4
1346,4,4,4
1347,4,4,4
1348,4,4,3
1349,4,3,3
1350,4,3,2
1351,4,4,4
1352,3,2,1
1353,4,3,2
1354,4,2,1
1355,4,0,0
1356,4,0,0
1357,3,0,0
1358,3,0,0
1359,2,0,0
1360,2,0,0
1361,2,0,0
1362,2,0,0
1363,3,0,0
1364,3,0,0
1365,2,0,0
1366,3,0,0
1367,3,0,0
1368,2,0,0
1369,2,0,0
1370,2,0,0
1371,2,0,0
1372,2,0,0
1373,2,0,0
1374,2,0,0
1375,2,0,0
1376,2,2,1
1377,2,2,1
1378,1,0,0
1379,0,0,0
1380,0,0,0
1381,1,0,0
1382,0,0,0
1383,0,0,0
1384,0,0,0
1385,1,0,0
1386,1,0,0
1387,1,0,0
1388,1,0,0
1389,2,0,0
1390,3,0,0
1391,3,0,0
1392,4,0,0
1393,2,0,0
1394,3,0,0
1395,3,0,0
1396,3,0,0
1397,4,0,0
1398,3,0,0
1399,3,0,0
1400,2,0,0
1401,2,0,0
1402,3,0,0
1403,2,0,0
1404,4,0,0
1405,4,0,0
1406,2,0,0
1407,3,0,0
1408,3,0,0
1409,3,0,0
1410,3,0,0
1411,3,0,0
1412,2,0,0
1413,2,0,0
1414,2,0,0
1415,2,0,0
1416,2,0,0
1417,2,0,0
1418,2,0,0
1419,2,0,0
1420,1,0,0
1421,2,0,0
1422,2,0,0
1423,2,0,0
1424,2,0,0
1425,2,0,0
1426,2,0,0
1427,2,0,0
1428,3,0,0
1429,2,0,0
1430,2,0,0
1431,1,0,0
1432,1,0,0
1433,1,0,0
1434,1,0,0
1435,1,0,0
1436,1,0,0
1437,2,0,0
1438,1,0,0
1439,2,0,0
1440,1,0,0
1441,1,0,0
1442,1,0,0
1443,2,0,0
1444,1,0,0
1445,2,0,0
1446,2,0,0
1447,2,0,0
1448,3,0,0
1449,3,0,0
1450,3,0,0
1451,2,0,0
1452,2,0,0
1453,2,0,0
1454,3,0,0
1455,2,0,0
1456,2,0,0
1457,2,0,0
1458,2,0,0
1459,2,0,0
1460,3,0,0
1461,2,0,0
1462,1,0,0
1463,1,0,0
1464,2,0,0
1465,2,0,0
1466,2,0,0
1467,2,0,0
1468,2,0,0
1469,2,0,0
1470,2,0,0
1471,2,0,0
1472,2,0,0
1473,2,0,0
1474,2,0,0
1475,2,0,0
1476,1,0,0
1477,1,0,0
1478,2,0,0
1479,2,0,0
1480,1,0,0
1481,2,0,0
1482,2,0,0
1483,2,0,0
1484,2,0,0
1485,3,0,0
1486,3,0,0
1487,3,0,0
1488,3,0,0
1489,3,0,0
1490,3,0,0
1491,3,0,0
1492,3,0,0
1493,3,0,0
1494,3,0,0
1495,3,0,0
1496,2,0,0
1497,3,0,0
1498,3,0,0
1499,3,0,0
1500,3,0,0
1501,3,0,0
1502,3,0,0
1503,3,0,0
1504,3,0,0
1505,3,0,0
1506,3,0,0
1507,3,0,0
1508,3,0,0
1509,3,0,0
1510,3,0,0
1511,3,0,0
1512,3,0,0
1513,3,0,0
1514,3,0,0
1515,3,0,0
1516,3,2,1
1517,3,2,1
1518,3,2,1
1519,3,2,1
1520,3,2,1
1521,3,2,1
1522,3,2,1
1523,4,2,1
1524,4,2,1
1525,4,0,0
1526,4,0,0
1527,4,0,0
1528,4,0,0
1529,3,0,0
1530,3,0,0
1531,3,0,0
1532,4,0,0
1533,3,0,0
1534,2,0,0
1535,3,2,1
1536,3,0,0
1537,3,0,0
1538,3,0,0
1539,3,0,0
1540,3,0,0
1541,3,0,0
1542,2,0,0
1543,3,0,0
1544,2,0,0
1545,3,0,0
1546,3,0,0
1547,3,0,0
1548,3,0,0
1549,3,2,1
1550,3,0,0
1551,3,0,0
1552,3,0,0
1553,3,0,0
1554,3,0,0
1555,3,0,0
1556,2,0,0
1557,2,0,0
1558,2,0,0
1559,2,0,0
1560,2,0,0
1561,2,0,0
1562,3,0,0
1563,1,0,0
1564,1,0,0
1565,1,0,0
1566,3,0,0
1567,2,0,0
1568,3,0,0
1569,3,0,0
1570,3,0,0
1571,3,0,0
1572,3,0,0
1573,2,0,0
1574,3,2,1
1575,3,2,1
1576,3,0,0
1577,3,0,0
1578,3,0,0
1579,3,0,0
1580,3,0,0
1581,2,0,0
1582,2,0,0
1583,2,0,0
1584,2,0,0
1585,2,0,0
1586,2,2,1
1587,2,0,0
1588,2,0,0
1589,1,0,0
1590,1,0,0
1591,1,0,0
1592,2,0,0
1593,1,0,0
1594,1,0,0
1595,1,0,0
1596,1,0,0
1597,1,0,0
1598,0,0,0
1599,0,0,0
1600,1,0,0
1601,1,0,0
1602,0,0,0
1603,1,0,0
1604,1,0,0
1605,1,0,0
1606,1,0,0
1607,1,0,0
1608,2,0,0
1609,3,0,0
1610,2,0,0
1611,3,0,0
1612,2,2,1
1613,3,0,0
1614,3,0,0
1615,4,0,0
1616,3,2,1
1617,2,0,0
1618,2,0,0
1619,3,0,0
1620,4,2,1
1621,3,2,1
1622,2,0,0
1623,2,0,0
1624,1,0,0
1625,1,0,0
1626,1,0,0
1627,0,0,0
1628,0,0,0
1629,1,0,0
1630,1,0,0
1631,1,0,0
1632,1,0,0
1633,2,0,0
1634,1,0,0
1635,2,0,0
1636,2,0,0
1637,1,0,0
1638,1,0,0
1639,2,0,0
1640,2,0,0
1641,2,0,0
1642,2,0,0
1643,2,0,0
1644,2,0,0
1645,2,0,0
1646,2,0,0
1647,2,0,0
1648,2,0,0
1649,2,0,0
1650,2,0,0
1651,2,0,0
1652,2,0,0
1653,2,0,0
1654,2,0,0
1655,2,0,0
1656,2,0,0
1657,2,0,0
1658,1,0,0
1659,1,0,0
1660,1,0,0
1661,2,0,0
1662,1,0,0
1663,1,0,0
1664,1,0,0
1665,2,0,0
1666,1,0,0
1667,1,0,0
1668,1,0,0
1669,3,0,0
1670,2,0,0
1671,1,0,0
1672,2,0,0
1673,2,0,0
1674,2,0,0
1675,2,0,0
1676,2,0,0
1677,2,0,0
1678,2,0,0
1679,1,0,0
1680,1,0,0
1681,1,0,0
1682,1,0,0
1683,1,0,0
1684,1,0,0
1685,1,0,0
1686,1,0,0
1687,1,0,0
1688,2,0,0
1689,2,0,0
1690,2,0,0
1691,2,0,0
1692,2,0,0
1693,2,0,0
1694,2,0,0
1695,2,0,0
1696,2,0,0
1697,2,0,0
1698,2,0,0
1699,2,0,0
1700,2,0,0
1701,2,0,0
1702,2,0,0
1703,2,0,0
1704,2,0,0
1705,2,0,0
1706,2,0,0
1707,2,0,0
1708,2,0,0
1709,2,0,0
1710,1,0,0
1711,1,0,0
1712,2,0,0
1713,2,0,0
1714,2,0,0
1715,2,0,0
1716,2,0,0
1717,2,0,0
1718,2,0,0
1719,2,0,0
1720,2,0,0
1721,2,0,0
1722,2,0,0
1723,2,0,0
1724,2,0,0
1725,2,0,0
1726,2,0,0
1727,2,0,0
1728,3,0,0
1729,4,0,0
1730,4,0,0
1731,4,2,1
1732,3,2,1
1733,5,2,1
1734,4,0,0
1735,4,2,1
1736,5,2,1
1737,4,0,0
1738,4,2,1
1739,4,0,0
1740,4,0,0
1741,3,2,1
1742,3,0,0
1743,3,0,0
1744,3,0,0
1745,3,0,0
1746,3,0,0
1747,2,0,0
1748,2,0,0
1749,3,0,0
1750,2,0,0
1751,2,0,0
1752,2,0,0
1753,2,0,0
1754,2,0,0
1755,2,0,0
1756,2,0,0
1757,2,2,1
1758,2,0,0
1759,2,2,1
1760,2,0,0
1761,2,0,0
1762,2,0,0
1763,2,0,0
1764,2,0,0
1765,2,0,0
1766,2,0,0
1767,2,0,0
1768,2,0,0
1769,2,0,0
1770,2,0,0
1771,2,0,0
1772,2,0,0
1773,2,0,0
1774,2,0,0
1775,2,0,0
1776,2,0,0
1777,2,0,0
1778,2,0,0
1779,2,0,0
1780,2,0,0
1781,2,0,0
1782,2,0,0
1783,1,0,0
1784,1,0,0
1785,1,0,0
1786,2,0,0
1787,1,0,0
1788,1,0,0
1789,2,0,0
1790,2,0,0
1791,3,0,0
1792,4,0,0
1793,2,0,0
1794,2,0,0
1795,1,0,0
1796,1,0,0
1797,1,0,0
1798,1,0,0
1799,1,0,0
1800,1,0,0
1801,1,0,0
1802,1,0,0
1803,1,0,0
1804,1,0,0
1805,2,0,0
1806,2,0,0
1807,2,0,0
1808,2,0,0
1809,2,0,0
1810,2,0,0
1811,2,0,0
1812,1,0,0
1813,2,2,1
1814,2,2,1
1815,2,0,0
1816,2,0,0
1817,2,0,0
1818,2,0,0
1819,2,0,0
1820,2,0,0
1821,2,0,0
1822,1,0,0
1823,2,0,0
1824,1,0,0
1825,1,0,0
1826,1,0,0
1827,1,0,0
1828,1,0,0
1829,2,0,0
1830,2,0,0
1831,1,0,0
1832,1,0,0
1833,2,0,0
1834,2,0,0
1835,2,0,0
1836,2,0,0
1837,2,0,0
1838,2,0,0
1839,3,0,0
1840,2,0,0
1841,2,0,0
1842,2,0,0
1843,3,0,0
1844,3,0,0
1845,2,0,0
1846,2,0,0
1847,3,0,0
1848,3,0,0
1849,4,0,0
1850,3,2,1
1851,3,0,0
1852,1,0,0
1853,2,0,0
1854,1,0,0
1855,1,0,0
1856,0,0,0
1857,1,0,0
1858,1,0,0
1859,1,0,0
1860,3,0,0
1861,2,0,0
1862,3,0,0
1863,3,0,0
1864,3,0,0
1865,3,2,1
1866,4,0,0
1867,4,0,0
1868,5,0,0
1869,4,0,0
1870,5,0,0
1871,4,0,0
1872,4,0,0
1873,4,0,0
1874,5,2,1
1875,4,0,0
1876,4,0,0
1877,4,3,3
1878,4,3,3
1879,4,3,2
1880,4,3,2
1881,4,3,2
1882,4,3,3
1883,3,2,1
1884,4,3,3
1885,4,3,2
1886,4,3,2
1887,4,3,3
1888,4,3,2
1889,4,3,2
1890,3,3,3
1891,3,3,3
1892,4,3,2
1893,4,3,3
1894,4,3,3
1895,4,3,2
1896,4,3,3
1897,4,3,2
1898,4,3,2
1899,4,3,2
1900,4,3,3
1901,4,3,2
1902,5,4,3
1903,5,3,2
1904,4,3,3
1905,3,3,3
1906,3,3,3
1907,3,2,1
1908,3,2,1
1909,4,4,3
1910,4,3,2
1911,2,0,0
1912,2,0,0
1913,2,0,0
1914,3,3,2
1915,4,3,2
1916,4,3,2
1917,4,2,1
1918,4,2,1
1919,4,0,0
1920,4,0,0
1921,4,0,0
1922,4,2,1
1923,4,0,0
1924,4,2,1
1925,4,2,1
1926,4,2,1
1927,4,2,1
1928,3,3,2
1929,3,2,1
1930,3,3,2
1931,3,2,1
1932,3,3,3
1933,3,3,3
1934,3,3,2
1935,3,3,2
1936,3,3,2
1937,4,3,3
1938,4,3,3
1939,4,3,3
1940,4,3,2
1941,4,3,3
1942,4,4,3
1943,4,4,5
1944,4,4,4
1945,4,4,5
1946,4,4,5
1947,4,4,5
1948,4,4,5
1949,4,4,3
1950,4,4,5
1951,4,4,3
1952,4,4,4
1953,4,4,3
1954,4,4,5
1955,4,4,5
1956,4,4,5
1957,4,4,4
1958,4,4,5
1959,4,4,4
1960,4,4,5
1961,4,4,4
1962,4,4,4
1963,4,4,4
1964,4,4,5
1965,4,4,3
1966,4,4,4
1967,4,4,4
1968,4,4,5
1969,5,4,5
1970,5,4,5
1971,5,4,5
1972,5,4,5
1973,5,4,4
1974,5,4,5
1975,5,4,4
1976,5,4,3
1977,6,4,4
1978,6,4,4
1979,6,4,4
1980,6,4,5
1981,5,4,5
1982,6,4,4
1983,5,4,4
1984,5,4,4
1985,5,4,4
1986,6,4,5
1987,6,5,6
1988,6,5,4
1989,6,4,5
1990,6,4,5
1991,5,4,4
1992,5,4,4
1993,5,4,5
1994,5,4,5
1995,4,4,5
1996,4,4,3
1997,4,4,4
1998,4,4,5
1999,4,4,4
