0,1,0,0
1,1,0,0
2,0,0,0
3,0,0,0
4,1,0,0
5,1,0,0
6,2,0,0
7,2,0,0
8,2,0,0
9,2,0,0
10,2,0,0
11,2,0,0
12,2,0,0
13,2,0,0
14,2,0,0
15,1,0,0
16,2,0,0
17,2,0,0
18,2,0,0
19,2,0,0
20,2,0,0
21,2,0,0
22,2,0,0
23,2,0,0
24,2,0,0
25,2,0,0
26,2,0,0
27,2,0,0
28,2,0,0
29,3,0,0
30,3,0,0
31,3,0,0
32,4,0,0
33,3,0,0
34,3,0,0
35,3,0,0
36,3,0,0
37,4,0,0
38,4,0,0
39,4,0,0
40,4,0,0
41,4,2,1
42,4,0,0
43,4,2,1
44,2,2,1
45,2,0,0
46,2,0,0
47,2,0,0
48,2,0,0
49,2,0,0
50,1,0,0
51,1,0,0
52,1,0,0
53,1,0,0
54,1,0,0
55,1,0,0
56,1,0,0
57,1,0,0
58,1,0,0
59,2,0,0
60,2,0,0
61,3,0,0
62,2,0,0
63,2,0,0
64,2,0,0
65,2,0,0
66,2,0,0
67,2,0,0
68,2,0,0
69,1,0,0
70,1,0,0
71,2,0,0
72,2,0,0
73,2,0,0
74,2,0,0
75,2,0,0
76,3,0,0
77,2,0,0
78,2,0,0
79,2,0,0
80,2,0,0
81,3,0,0
82,1,0,0
83,1,0,0
84,1,0,0
85,1,0,0
86,1,0,0
87,1,0,0
88,2,0,0
89,1,0,0
90,1,0,0
91,1,0,0
92,1,0,0
93,2,0,0
94,1,0,0
95,2,0,0
96,2,0,0
97,2,0,0
98,2,0,0
99,2,0,0
100,2,0,0
101,2,0,0
102,3,0,0
103,2,0,0
104,2,0,0
105,2,0,0
106,2,0,0
107,3,0,0
108,3,0,0
109,3,2,1
110,3,0,0
111,3,0,0
112,3,0,0
113,4,0,0
114,3,0,0
115,3,0,0
116,3,2,1
117,3,2,1
118,4,2,1
119,4,0,0
120,3,0,0
121,3,0,0
122,3,0,0
123,3,0,0
124,3,0,0
125,3,0,0
126,2,0,0
127,3,0,0
128,2,2,1
129,1,0,0
130,3,0,0
131,2,0,0
132,2,0,0
133,1,0,0
134,2,0,0
135,2,0,0
136,3,0,0
137,2,0,0
138,2,0,0
139,2,0,0
140,2,0,0
141,2,0,0
142,2,0,0
143,2,0,0
144,2,0,0
145,2,0,0
146,4,0,0
147,3,0,0
148,3,0,0
149,2,0,0
150,3,0,0
151,2,0,0
152,2,0,0
153,2,0,0
154,2,0,0
155,2,0,0
156,2,0,0
157,2,0,0
158,2,0,0
159,2,0,0
160,2,0,0
161,2,0,0
162,2,0,0
163,2,0,0
164,2,0,0
165,2,0,0
166,3,0,0
167,3,0,0
168,3,0,0
169,4,0,0
170,2,0,0
171,1,0,0
172,1,0,0
173,1,0,0
174,2,0,0
175,2,0,0
176,1,0,0
177,2,0,0
178,2,0,0
179,2,0,0
180,3,0,0
181,3,0,0
182,3,0,0
183,3,0,0
184,3,0,0
185,2,0,0
186,1,0,0
187,2,0,0
188,2,0,0
189,2,0,0
190,2,0,0
191,2,0,0
192,3,2,1
193,3,0,0
194,3,0,0
195,3,0,0
196,3,0,0
197,3,0,0
198,3,0,0
199,3,0,0
200,3,0,0
201,3,0,0
202,3,0,0
203,3,2,1
204,3,0,0
205,3,0,0
206,3,0,0
207,2,0,0
208,2,0,0
209,1,0,0
210,1,0,0
211,1,0,0
212,1,0,0
213,0,0,0
214,1,0,0
215,1,0,0
216,1,0,0
217,1,0,0
218,1,0,0
219,2,0,0
220,1,0,0
221,1,0,0
222,1,0,0
223,1,0,0
224,1,0,0
225,1,0,0
226,1,0,0
227,2,0,0
228,2,0,0
229,2,0,0
230,2,0,0
231,1,0,0
232,1,0,0
233,1,0,0
234,1,0,0
235,1,0,0
236,1,0,0
237,1,0,0
238,2,0,0
239,2,0,0
240,1,0,0
241,1,0,0
242,1,0,0
243,1,0,0
244,1,0,0
245,1,0,0
246,1,0,0
247,1,0,0
248,1,0,0
249,1,0,0
250,1,0,0
251,1,0,0
252,2,0,0
253,2,0,0
254,2,0,0
255,2,0,0
256,2,0,0
257,2,0,0
258,2,0,0
259,2,2,1
260,2,2,1
261,3,2,1
262,3,2,1
263,3,2,1
264,3,0,0
265,3,0,0
266,3,0,0
267,4,2,1
268,3,0,0
269,4,0,0
270,4,0,0
271,4,0,0
272,4,0,0
273,4,2,1
274,5,0,0
275,5,0,0
276,5,0,0
277,4,0,0
278,4,0,0
279,3,0,0
280,5,0,0
281,5,0,0
282,5,0,0
283,3,0,0
284,4,0,0
285,4,0,0
286,4,0,0
287,4,0,0
288,3,2,1
289,4,0,0
290,4,2,1
291,4,2,1
292,4,0,0
293,4,0,0
294,4,2,1
295,4,0,0
296,4,0,0
297,4,0,0
298,4,2,1
299,4,0,0
300,4,0,0
301,3,0,0
302,3,0,0
303,4,0,0
304,4,0,0
305,4,0,0
306,4,2,1
307,3,0,0
308,3,0,0
309,2,0,0
310,3,0,0
311,2,0,0
312,2,0,0
313,2,0,0
314,3,0,0
315,3,0,0
316,1,0,0
317,1,0,0
318,2,0,0
319,2,0,0
320,2,0,0
321,2,0,0
322,1,0,0
323,2,0,0
324,1,0,0
325,2,0,0
326,2,0,0
327,2,0,0
328,2,0,0
329,2,0,0
330,1,0,0
331,0,0,0
332,0,0,0
333,1,0,0
334,2,0,0
335,1,0,0
336,2,0,0
337,3,0,0
338,3,0,0
339,3,0,0
340,2,0,0
341,2,0,0
342,2,0,0
343,3,0,0
344,2,0,0
345,3,0,0
346,4,0,0
347,3,0,0
348,3,0,0
349,3,0,0
350,3,2,1
351,3,2,1
352,3,2,1
353,3,2,1
354,3,2,1
355,3,2,1
356,3,2,1
357,3,2,1
358,4,2,1
359,4,2,1
360,4,3,2
361,4,3,2
362,4,3,3
363,4,3,3
364,3,3,3
365,5,3,3
366,4,3,3
367,4,3,3
368,4,3,2
369,4,2,1
370,4,4,3
371,4,2,1
372,5,3,3
373,5,3,2
374,5,3,2
375,5,3,2
376,5,4,4
377,5,3,3
378,5,2,1
379,5,2,1
380,5,2,1
381,5,0,0
382,4,0,0
383,5,0,0
384,4,0,0
385,5,0,0
386,5,0,0
387,5,0,0
388,4,0,0
389,4,0,0
390,6,0,0
391,6,2,1
392,4,0,0
393,4,0,0
394,5,0,0
395,3,0,0
396,2,0,0
397,2,0,0
398,2,2,1
399,2,0,0
400,2,2,1
401,2,0,0
402,2,0,0
403,2,0,0
404,2,0,0
405,3,0,0
406,2,0,0
407,2,0,0
408,2,0,0
409,2,0,0
410,2,0,0
411,2,0,0
412,2,0,0
413,2,0,0
414,2,0,0
415,2,0,0
416,2,0,0
417,2,0,0
418,2,0,0
419,2,0,0
420,2,0,0
421,2,0,0
422,3,0,0
423,2,0,0
424,2,0,0
425,2,0,0
426,1,0,0
427,1,0,0
428,1,0,0
429,1,0,0
430,1,0,0
431,1,0,0
432,1,0,0
433,2,0,0
434,2,0,0
435,2,0,0
436,2,0,0
437,2,0,0
438,2,0,0
439,2,0,0
440,2,0,0
441,2,0,0
442,2,0,0
443,2,0,0
444,2,0,0
445,2,0,0
446,2,0,0
447,2,0,0
448,2,0,0
449,2,0,0
450,2,0,0
451,2,0,0
452,2,0,0
453,2,0,0
454,2,0,0
455,2,0,0
456,2,0,0
457,2,0,0
458,2,0,0
459,3,0,0
460,3,0,0
461,3,0,0
462,3,2,1
463,3,2,1
464,3,0,0
465,3,0,0
466,3,2,1
467,3,0,0
468,3,0,0
469,3,0,0
470,3,2,1
471,3,0,0
472,3,0,0
473,3,0,0
474,3,2,1
475,3,3,3
476,3,2,1
477,3,3,2
478,3,3,2
479,4,3,2
480,4,3,2
481,4,3,2
482,4,3,3
483,4,3,2
484,4,3,3
485,4,3,3
486,4,3,2
487,4,3,2
488,3,2,1
489,3,0,0
490,3,0,0
491,3,0,0
492,3,2,1
493,3,0,0
494,3,0,0
495,2,0,0
496,2,0,0
497,3,0,0
498,3,0,0
499,3,0,0
500,4,0,0
501,3,0,0
502,3,0,0
503,3,0,0
504,3,2,1
505,3,2,1
506,2,0,0
507,2,0,0
508,2,0,0
509,2,0,0
510,2,0,0
511,2,0,0
512,2,0,0
513,2,0,0
514,2,0,0
515,2,0,0
516,2,0,0
517,2,0,0
518,3,0,0
519,3,0,0
520,4,0,0
521,4,0,0
522,3,2,1
523,3,0,0
524,3,2,1
525,3,2,1
526,3,2,1
527,3,2,1
528,3,0,0
529,3,0,0
530,3,0,0
531,3,2,1
532,3,2,1
533,3,2,1
534,3,0,0
535,2,0,0
536,2,0,0
537,2,0,0
538,2,0,0
539,2,0,0
540,2,0,0
541,2,0,0
542,2,0,0
543,2,0,0
544,2,0,0
545,2,0,0
546,3,0,0
547,2,0,0
548,2,0,0
549,3,0,0
550,2,0,0
551,2,0,0
552,3,0,0
553,2,0,0
554,2,0,0
555,2,0,0
556,2,0,0
557,2,0,0
558,2,2,1
559,3,2,1
560,3,0,0
561,3,0,0
562,1,0,0
563,1,0,0
564,1,0,0
565,1,0,0
566,1,0,0
567,1,0,0
568,1,0,0
569,2,0,0
570,1,0,0
571,1,0,0
572,1,0,0
573,1,0,0
574,1,0,0
575,2,0,0
576,1,0,0
577,1,0,0
578,3,0,0
579,2,0,0
580,1,0,0
581,1,0,0
582,2,0,0
583,1,0,0
584,2,0,0
585,2,0,0
586,4,0,0
587,3,0,0
588,3,0,0
589,3,0,0
590,3,0,0
591,3,0,0
592,1,0,0
593,1,0,0
594,1,0,0
595,2,0,0
596,3,0,0
597,3,0,0
598,3,0,0
599,3,2,1
600,2,2,1
601,3,2,1
602,2,2,1
603,2,2,1
604,2,0,0
605,2,0,0
606,2,0,0
607,2,0,0
608,2,0,0
609,2,0,0
610,2,0,0
611,2,0,0
612,2,0,0
613,2,0,0
614,2,0,0
615,1,0,0
616,1,0,0
617,1,0,0
618,1,0,0
619,1,0,0
620,1,0,0
621,2,0,0
622,2,0,0
623,1,0,0
624,1,0,0
625,1,0,0
626,2,0,0
627,2,0,0
628,2,0,0
629,2,0,0
630,2,0,0
631,2,2,1
632,2,0,0
633,2,0,0
634,2,0,0
635,3,0,0
636,3,0,0
637,2,0,0
638,2,0,0
639,2,2,1
640,2,0,0
641,3,0,0
642,2,0,0
643,2,0,0
644,2,0,0
645,2,0,0
646,2,0,0
647,3,0,0
648,2,0,0
649,2,0,0
650,3,0,0
651,3,0,0
652,3,0,0
653,3,0,0
654,2,0,0
655,3,0,0
656,2,0,0
657,2,0,0
658,2,0,0
659,2,0,0
660,1,0,0
661,1,0,0
662,2,0,0
663,1,0,0
664,1,0,0
665,1,0,0
666,1,0,0
667,1,0,0
668,1,0,0
669,1,0,0
670,1,0,0
671,1,0,0
672,1,0,0
673,1,0,0
674,1,0,0
675,1,0,0
676,1,0,0
677,1,0,0
678,1,0,0
679,1,0,0
680,2,0,0
681,2,2,1
682,3,0,0
683,2,2,1
684,2,0,0
685,2,0,0
686,3,0,0
687,3,0,0
688,3,0,0
689,3,0,0
690,3,0,0
691,3,0,0
692,2,0,0
693,2,0,0
694,3,0,0
695,3,0,0
696,2,0,0
697,3,0,0
698,2,0,0
699,3,0,0
700,3,0,0
701,2,0,0
702,2,0,0
703,2,0,0
704,2,0,0
705,2,0,0
706,2,0,0
707,2,0,0
708,3,0,0
709,2,0,0
710,2,0,0
711,2,0,0
712,2,0,0
713,2,0,0
714,2,0,0
715,3,0,0
716,2,0,0
717,2,0,0
718,1,0,0
719,1,0,0
720,1,0,0
721,1,0,0
722,1,0,0
723,1,0,0
724,1,0,0
725,1,0,0
726,1,0,0
727,1,0,0
728,1,0,0
729,2,0,0
730,2,0,0
731,2,0,0
732,2,0,0
733,1,0,0
734,1,0,0
735,1,0,0
736,1,0,0
737,1,0,0
738,1,0,0
739,1,0,0
740,1,0,0
741,1,0,0
742,1,0,0
743,1,0,0
744,0,0,0
745,0,0,0
746,0,0,0
747,1,0,0
748,1,0,0
749,1,0,0
750,2,0,0
751,2,0,0
752,4,0,0
753,4,0,0
754,3,0,0
755,5,3,2
756,4,4,3
757,4,3,2
758,4,3,2
759,4,2,1
760,4,2,1
761,4,0,0
762,4,0,0
763,3,0,0
764,4,0,0
765,3,0,0
766,3,0,0
767,2,0,0
768,2,0,0
769,3,0,0
770,2,0,0
771,3,2,1
772,3,0,0
773,3,0,0
774,3,0,0
775,3,2,1
776,2,0,0
777,2,0,0
778,2,0,0
779,2,0,0
780,2,0,0
781,1,0,0
782,2,0,0
783,2,0,0
784,2,0,0
785,1,0,0
786,1,0,0
787,2,0,0
788,2,0,0
789,2,0,0
790,2,0,0
791,2,0,0
792,2,0,0
793,2,0,0
794,3,0,0
795,2,0,0
796,2,0,0
797,2,0,0
798,1,0,0
799,1,0,0
800,1,0,0
801,2,0,0
802,2,0,0
803,2,0,0
804,1,0,0
805,1,0,0
806,2,0,0
807,2,0,0
808,2,0,0
809,2,0,0
810,2,0,0
811,1,0,0
812,1,0,0
813,1,0,0
814,1,0,0
815,1,0,0
816,1,0,0
817,1,0,0
818,1,0,0
819,1,0,0
820,1,0,0
821,1,0,0
822,1,0,0
823,1,0,0
824,1,0,0
825,1,0,0
826,1,0,0
827,1,0,0
828,1,0,0
829,2,0,0
830,3,0,0
831,2,0,0
832,2,0,0
833,2,0,0
834,3,0,0
835,3,0,0
836,3,0,0
837,2,2,1
838,2,2,1
839,2,0,0
840,2,0,0
841,3,0,0
842,3,0,0
843,3,0,0
844,2,0,0
845,3,0,0
846,3,0,0
847,3,0,0
848,3,0,0
849,3,0,0
850,2,0,0
851,2,0,0
852,2,0,0
853,1,0,0
854,1,0,0
855,2,0,0
856,2,0,0
857,1,0,0
858,3,0,0
859,2,0,0
860,2,0,0
861,2,0,0
862,2,0,0
863,2,0,0
864,2,0,0
865,2,0,0
866,2,0,0
867,1,0,0
868,2,0,0
869,2,0,0
870,2,0,0
871,2,0,0
872,3,0,0
873,3,0,0
874,2,0,0
875,2,0,0
876,2,0,0
877,1,0,0
878,2,0,0
879,3,0,0
880,4,0,0
881,3,0,0
882,3,2,1
883,3,2,1
884,4,2,1
885,4,2,1
886,4,2,1
887,4,2,1
888,4,2,1
889,4,2,1
890,4,2,1
891,3,2,1
892,4,0,0
893,3,0,0
894,3,0,0
895,1,0,0
896,3,0,0
897,4,2,1
898,3,0,0
899,3,0,0
900,3,0,0
901,3,0,0
902,3,0,0
903,3,2,1
904,4,2,1
905,4,0,0
906,3,0,0
907,3,0,0
908,3,0,0
909,3,0,0
910,3,0,0
911,4,0,0
912,3,0,0
913,3,0,0
914,4,2,1
915,4,0,0
916,4,0,0
917,4,0,0
918,4,0,0
919,4,0,0
920,3,0,0
921,4,0,0
922,3,0,0
923,3,0,0
924,3,0,0
925,2,0,0
926,3,0,0
927,3,0,0
928,2,0,0
929,3,0,0
930,4,0,0
931,3,0,0
932,3,0,0
933,3,0,0
934,4,2,1
935,3,2,1
936,5,2,1
937,4,2,1
938,4,0,0
939,3,0,0
940,2,0,0
941,4,0,0
942,3,0,0
943,3,0,0
944,3,0,0
945,2,0,0
946,3,0,0
947,3,0,0
948,4,0,0
949,4,2,1
950,4,0,0
951,4,2,1
952,4,0,0
953,4,0,0
954,4,0,0
955,2,0,0
956,2,0,0
957,2,0,0
958,2,0,0
959,2,0,0
960,2,0,0
961,2,0,0
962,1,0,0
963,2,0,0
964,2,0,0
965,2,0,0
966,2,0,0
967,2,0,0
968,2,0,0
969,2,0,0
970,3,0,0
971,2,0,0
972,2,0,0
973,2,0,0
974,2,0,0
975,2,0,0
976,2,0,0
977,2,0,0
978,2,0,0
979,3,0,0
980,2,0,0
981,2,0,0
982,3,0,0
983,3,0,0
984,3,0,0
985,3,0,0
986,3,0,0
987,3,0,0
988,2,0,0
989,2,0,0
990,2,0,0
991,2,0,0
992,2,0,0
993,3,0,0
994,3,2,1
995,3,0,0
996,3,2,1
997,3,0,0
998,3,2,1
999,3,2,1
1000,3,0,0
1001,3,0,0
1002,3,0,0
1003,4,0,0
1004,4,0,0
1005,3,0,0
1006,3,0,0
1007,2,0,0
1008,3,0,0
1009,3,0,0
1010,3,0,0
1011,3,0,0
1012,2,0,0
1013,2,0,0
1014,4,0,0
1015,3,0,0
1016,3,0,0
1017,3,0,0
1018,3,0,0
1019,3,0,0
1020,2,0,0
1021,2,0,0
1022,2,0,0
1023,2,0,0
1024,2,0,0
1025,2,0,0
1026,2,0,0
1027,2,2,1
1028,2,0,0
1029,3,0,0
1030,3,0,0
1031,3,0,0
1032,3,0,0
1033,3,2,1
1034,3,0,0
1035,3,0,0
1036,3,0,0
1037,3,2,1
1038,3,2,1
1039,3,0,0
1040,2,0,0
1041,2,0,0
1042,2,0,0
1043,2,0,0
1044,2,0,0
1045,2,0,0
1046,2,0,0
1047,2,0,0
1048,1,0,0
1049,1,0,0
1050,2,0,0
1051,2,0,0
1052,1,0,0
1053,1,0,0
1054,1,0,0
1055,1,0,0
1056,1,0,0
1057,1,0,0
1058,1,0,0
1059,1,0,0
1060,1,0,0
1061,1,0,0
1062,1,0,0
1063,1,0,0
1064,2,0,0
1065,1,0,0
1066,1,0,0
1067,1,0,0
1068,1,0,0
1069,1,0,0
1070,1,0,0
1071,2,0,0
1072,2,0,0
1073,2,0,0
1074,2,0,0
1075,2,0,0
1076,2,0,0
1077,2,0,0
1078,1,0,0
1079,1,0,0
1080,2,0,0
1081,2,0,0
1082,2,0,0
1083,2,0,0
1084,2,0,0
1085,2,0,0
1086,2,0,0
1087,2,0,0
1088,2,0,0
1089,2,0,0
1090,2,0,0
1091,2,0,0
1092,2,0,0
1093,1,0,0
1094,2,0,0
1095,2,0,0
1096,2,0,0
1097,2,0,0
1098,2,0,0
1099,2,0,0
1100,2,0,0
1101,2,0,0
1102,2,0,0
1103,2,0,0
1104,2,0,0
1105,2,2,1
1106,2,0,0
1107,2,0,0
1108,2,0,0
1109,2,0,0
1110,2,0,0
1111,2,0,0
1112,2,0,0
1113,3,0,0
1114,3,2,1
1115,3,2,1
1116,3,0,0
1117,3,0,0
1118,3,0,0
1119,3,0,0
1120,2,0,0
1121,2,0,0
1122,2,0,0
1123,2,0,0
1124,2,0,0
1125,2,0,0
1126,2,0,0
1127,1,0,0
1128,1,0,0
1129,1,0,0
1130,1,0,0
1131,1,0,0
1132,1,0,0
1133,1,0,0
1134,1,0,0
1135,2,0,0
1136,2,0,0
1137,1,0,0
1138,1,0,0
1139,1,0,0
1140,1,0,0
1141,1,0,0
1142,3,0,0
1143,3,0,0
1144,3,0,0
1145,3,0,0
1146,3,0,0
1147,3,0,0
1148,3,0,0
1149,2,0,0
1150,2,0,0
1151,2,0,0
1152,2,0,0
1153,3,0,0
1154,3,0,0
1155,3,0,0
1156,3,0,0
1157,3,0,0
1158,4,0,0
1159,3,0,0
1160,4,0,0
1161,4,0,0
1162,3,2,1
1163,3,2,1
1164,2,2,1
1165,3,2,1
1166,3,0,0
1167,3,0,0
1168,3,0,0
1169,1,0,0
1170,1,0,0
1171,1,0,0
1172,1,0,0
1173,1,0,0
1174,1,0,0
1175,2,0,0
1176,1,0,0
1177,1,0,0
1178,2,0,0
1179,3,0,0
1180,3,0,0
1181,2,0,0
1182,3,2,1
1183,2,0,0
1184,2,0,0
1185,2,0,0
1186,2,2,1
1187,2,0,0
1188,2,0,0
1189,2,0,0
1190,2,2,1
1191,2,0,0
1192,4,2,1
1193,4,0,0
1194,3,0,0
1195,3,0,0
1196,1,0,0
1197,1,0,0
1198,2,0,0
1199,1,0,0
1200,1,0,0
1201,2,0,0
1202,2,0,0
1203,2,0,0
1204,2,0,0
1205,2,0,0
1206,2,0,0
1207,2,0,0
1208,2,0,0
1209,2,0,0
1210,1,0,0
1211,1,0,0
1212,1,0,0
1213,1,0,0
1214,1,0,0
1215,1,0,0
1216,1,0,0
1217,2,0,0
1218,2,0,0
1219,2,0,0
1220,2,0,0
1221,2,0,0
1222,2,0,0
1223,2,0,0
1224,2,0,0
1225,1,0,0
1226,1,0,0
1227,2,0,0
1228,1,0,0
1229,2,0,0
1230,2,0,0
1231,2,0,0
1232,2,0,0
1233,2,0,0
1234,3,0,0
1235,3,0,0
1236,3,0,0
1237,3,0,0
1238,4,0,0
1239,3,0,0
1240,3,0,0
1241,2,0,0
1242,2,0,0
1243,2,0,0
1244,2,0,0
1245,2,0,0
1246,2,0,0
1247,2,0,0
1248,1,0,0
1249,1,0,0
1250,0,0,0
1251,0,0,0
1252,1,0,0
1253,1,0,0
1254,1,0,0
1255,1,0,0
1256,1,0,0
1257,1,0,0
1258,1,0,0
1259,1,0,0
1260,1,0,0
1261,1,0,0
1262,1,0,0
1263,1,0,0
1264,1,0,0
1265,1,0,0
1266,1,0,0
1267,1,0,0
1268,1,0,0
1269,1,0,0
1270,1,0,0
1271,1,0,0
1272,1,0,0
1273,1,0,0
1274,1,0,0
1275,1,0,0
1276,1,0,0
1277,1,0,0
1278,1,0,0
1279,1,0,0
1280,1,0,0
1281,1,0,0
1282,1,0,0
1283,0,0,0
1284,0,0,0
1285,0,0,0
1286,0,0,0
1287,0,0,0
1288,1,0,0
1289,1,0,0
1290,1,0,0
1291,1,0,0
1292,0,0,0
1293,2,0,0
1294,0,0,0
1295,1,0,0
1296,1,0,0
1297,3,0,0
1298,1,0,0
1299,1,0,0
1300,1,0,0
1301,2,0,0
1302,3,0,0
1303,2,0,0
1304,1,0,0
1305,1,0,0
1306,2,0,0
1307,2,0,0
1308,1,0,0
1309,2,0,0
1310,2,0,0
1311,2,0,0
1312,1,0,0
1313,2,0,0
1314,2,0,0
1315,2,0,0
1316,2,0,0
1317,1,0,0
1318,1,0,0
1319,2,0,0
1320,2,0,0
1321,2,0,0
1322,2,0,0
1323,2,0,0
1324,2,0,0
1325,3,0,0
1326,4,0,0
1327,4,0,0
1328,4,0,0
1329,4,2,1
1330,4,2,1
1331,4,2,1
1332,4,2,1
1333,3,2,1
1334,3,0,0
1335,4,0,0
1336,4,2,1
1337,4,2,1
1338,4,2,1
1339,4,2,1
1340,4,3,2
1341,4,3,2
1342,3,3,3
1343,3,3,2
1344,3,2,1
1345,3,3,3
1346,3,3,2
1347,3,3,3
1348,3,3,2
1349,3,3,2
1350,3,3,3
1351,3,3,3
1352,3,3,3
1353,3,3,2
1354,3,3,3
1355,3,3,3
1356,3,3,2
1357,3,3,2
1358,3,2,1
1359,3,3,2
1360,3,2,1
1361,3,0,0
1362,3,0,0
1363,3,0,0
1364,4,0,0
1365,3,0,0
1366,3,0,0
1367,3,0,0
1368,3,0,0
1369,3,0,0
1370,3,0,0
1371,3,0,0
1372,4,0,0
1373,4,0,0
1374,4,0,0
1375,3,0,0
1376,2,0,0
1377,2,0,0
1378,2,0,0
1379,2,0,0
1380,2,0,0
1381,2,2,1
1382,2,0,0
1383,2,0,0
1384,2,0,0
1385,2,0,0
1386,2,0,0
1387,2,0,0
1388,1,0,0
1389,1,0,0
1390,1,0,0
1391,1,0,0
1392,1,0,0
1393,1,0,0
1394,1,0,0
1395,1,0,0
1396,1,0,0
1397,1,0,0
1398,1,0,0
1399,1,0,0
1400,1,0,0
1401,1,0,0
1402,2,0,0
1403,3,0,0
1404,3,0,0
1405,2,0,0
1406,2,0,0
1407,2,0,0
1408,1,0,0
1409,0,0,0
1410,1,0,0
1411,1,0,0
1412,1,0,0
1413,1,0,0
1414,1,0,0
1415,1,0,0
1416,1,0,0
1417,1,0,0
1418,1,0,0
1419,1,0,0
1420,1,0,0
1421,1,0,0
1422,1,0,0
1423,1,0,0
1424,1,0,0
1425,1,0,0
1426,1,0,0
1427,1,0,0
1428,2,0,0
1429,1,0,0
1430,1,0,0
1431,0,0,0
1432,0,0,0
1433,0,0,0
1434,0,0,0
1435,0,0,0
1436,2,0,0
1437,1,0,0
1438,1,0,0
1439,1,0,0
1440,1,0,0
1441,1,0,0
1442,1,0,0
1443,1,0,0
1444,1,0,0
1445,1,0,0
1446,1,0,0
1447,2,0,0
1448,2,0,0
1449,2,0,0
1450,2,0,0
1451,2,0,0
1452,3,0,0
1453,2,0,0
1454,2,0,0
1455,1,0,0
1456,1,0,0
1457,2,0,0
1458,2,2,1
1459,2,2,1
1460,3,2,1
1461,3,2,1
1462,3,0,0
1463,3,0,0
1464,3,0,0
1465,3,0,0
1466,3,2,1
1467,3,2,1
1468,3,2,1
1469,3,0,0
1470,3,0,0
1471,2,0,0
1472,2,0,0
1473,2,0,0
1474,2,0,0
1475,3,0,0
1476,2,0,0
1477,2,0,0
1478,2,0,0
1479,2,0,0
1480,2,0,0
1481,1,0,0
1482,1,0,0
1483,3,0,0
1484,2,0,0
1485,2,0,0
1486,2,0,0
1487,2,0,0
1488,2,0,0
1489,2,0,0
1490,2,0,0
1491,2,0,0
1492,2,0,0
1493,2,0,0
1494,2,0,0
1495,1,0,0
1496,2,0,0
1497,2,0,0
1498,2,0,0
1499,2,0,0
1500,2,0,0
1501,2,0,0
1502,1,0,0
1503,1,0,0
1504,1,0,0
1505,1,0,0
1506,1,0,0
1507,1,0,0
1508,1,0,0
1509,1,0,0
1510,2,0,0
1511,1,0,0
1512,1,0,0
1513,1,0,0
1514,1,0,0
1515,1,0,0
1516,1,0,0
1517,1,0,0
1518,1,0,0
1519,1,0,0
1520,2,0,0
1521,1,0,0
1522,1,0,0
1523,2,0,0
1524,2,2,1
1525,1,0,0
1526,2,0,0
1527,3,0,0
1528,2,0,0
1529,1,0,0
1530,1,0,0
1531,1,0,0
1532,1,0,0
1533,1,0,0
1534,2,0,0
1535,1,0,0
1536,2,0,0
1537,2,0,0
1538,2,0,0
1539,3,0,0
1540,2,0,0
1541,2,0,0
1542,3,0,0
1543,2,0,0
1544,2,2,1
1545,2,0,0
1546,2,0,0
1547,2,0,0
1548,2,0,0
1549,2,2,1
1550,2,0,0
1551,2,0,0
1552,2,0,0
1553,2,0,0
1554,2,0,0
1555,2,0,0
1556,2,0,0
1557,2,0,0
1558,2,0,0
1559,2,2,1
1560,2,0,0
1561,2,0,0
1562,2,0,0
1563,2,0,0
1564,2,0,0
1565,2,2,1
1566,2,0,0
1567,2,0,0
1568,2,0,0
1569,2,0,0
1570,2,0,0
1571,2,0,0
1572,2,0,0
1573,3,0,0
1574,3,0,0
1575,3,2,1
1576,3,2,1
1577,3,2,1
1578,3,2,1
1579,3,0,0
1580,2,0,0
1581,3,0,0
1582,3,0,0
1583,3,0,0
1584,3,0,0
1585,3,0,0
1586,3,0,0
1587,3,0,0
1588,3,0,0
1589,2,0,0
1590,3,0,0
1591,2,0,0
1592,2,0,0
1593,2,0,0
1594,2,0,0
1595,2,0,0
1596,2,0,0
1597,2,0,0
1598,2,0,0
1599,2,0,0
1600,2,0,0
1601,2,0,0
1602,2,0,0
1603,2,0,0
1604,1,0,0
1605,2,0,0
1606,2,0,0
1607,2,0,0
1608,2,0,0
1609,3,0,0
1610,3,0,0
1611,3,0,0
1612,3,3,2
1613,3,2,1
1614,3,0,0
1615,3,2,1
1616,3,0,0
1617,3,0,0
1618,3,0,0
1619,3,0,0
1620,3,2,1
1621,3,0,0
1622,3,0,0
1623,2,0,0
1624,2,0,0
1625,2,0,0
1626,3,0,0
1627,3,0,0
1628,3,0,0
1629,3,0,0
1630,2,0,0
1631,3,0,0
1632,2,0,0
1633,2,2,1
1634,3,2,1
1635,3,2,1
1636,2,2,1
1637,2,2,1
1638,2,2,1
1639,2,0,0
1640,2,0,0
1641,2,0,0
1642,2,0,0
1643,2,0,0
1644,3,0,0
1645,3,2,1
1646,3,0,0
1647,3,2,1
1648,3,2,1
1649,3,0,0
1650,3,0,0
1651,3,0,0
1652,3,0,0
1653,2,0,0
1654,2,0,0
1655,2,0,0
1656,3,0,0
1657,3,0,0
1658,2,0,0
1659,2,0,0
1660,3,0,0
1661,2,0,0
1662,2,0,0
1663,2,0,0
1664,1,0,0
1665,1,0,0
1666,1,0,0
1667,1,0,0
1668,1,0,0
1669,2,0,0
1670,2,0,0
1671,2,0,0
1672,2,0,0
1673,2,0,0
1674,3,0,0
1675,3,0,0
1676,3,0,0
1677,2,0,0
1678,3,0,0
1679,3,0,0
1680,3,0,0
1681,3,0,0
1682,2,0,0
1683,2,0,0
1684,2,0,0
1685,3,0,0
1686,3,0,0
1687,3,0,0
1688,3,0,0
1689,3,0,0
1690,3,0,0
1691,2,0,0
1692,3,0,0
1693,2,0,0
1694,2,0,0
1695,2,0,0
1696,1,0,0
1697,2,0,0
1698,2,0,0
1699,1,0,0
1700,1,0,0
1701,1,0,0
1702,1,0,0
1703,1,0,0
1704,1,0,0
1705,1,0,0
1706,1,0,0
1707,1,0,0
1708,1,0,0
1709,2,0,0
1710,1,0,0
1711,1,0,0
1712,1,0,0
1713,1,0,0
1714,1,0,0
1715,1,0,0
1716,1,0,0
1717,1,0,0
1718,1,0,0
1719,1,0,0
1720,1,0,0
1721,1,0,0
1722,1,0,0
1723,2,0,0
1724,3,0,0
1725,3,0,0
1726,3,0,0
1727,3,0,0
1728,2,0,0
1729,1,0,0
1730,1,0,0
1731,2,2,1
1732,1,0,0
1733,1,0,0
1734,3,0,0
1735,3,0,0
1736,2,0,0
1737,2,0,0
1738,1,0,0
1739,2,0,0
1740,2,0,0
1741,2,0,0
1742,1,0,0
1743,2,0,0
1744,2,0,0
1745,1,0,0
1746,1,0,0
1747,1,0,0
1748,1,0,0
1749,2,2,1
1750,2,0,0
1751,2,0,0
1752,2,0,0
1753,2,0,0
1754,2,0,0
1755,2,0,0
1756,2,0,0
1757,2,0,0
1758,1,0,0
1759,1,0,0
1760,1,0,0
1761,1,0,0
1762,1,0,0
1763,1,0,0
1764,1,0,0
1765,1,0,0
1766,2,0,0
1767,1,0,0
1768,2,0,0
1769,2,0,0
1770,2,0,0
1771,2,0,0
1772,2,0,0
1773,2,0,0
1774,2,2,1
1775,2,0,0
1776,2,0,0
1777,2,0,0
1778,2,0,0
1779,2,0,0
1780,2,0,0
1781,3,0,0
1782,3,0,0
1783,3,0,0
1784,3,0,0
1785,3,0,0
1786,3,0,0
1787,3,0,0
1788,3,0,0
1789,2,0,0
1790,2,0,0
1791,2,2,1
1792,3,0,0
1793,3,0,0
1794,0,0,0
1795,1,0,0
1796,1,0,0
1797,1,0,0
1798,1,0,0
1799,1,0,0
1800,1,0,0
1801,2,0,0
1802,1,0,0
1803,1,0,0
1804,1,0,0
1805,1,0,0
1806,1,0,0
1807,1,0,0
1808,1,0,0
1809,1,0,0
1810,1,0,0
1811,2,0,0
1812,2,0,0
1813,2,0,0
1814,2,0,0
1815,1,0,0
1816,1,0,0
1817,2,0,0
1818,2,0,0
1819,2,0,0
1820,2,0,0
1821,1,0,0
1822,2,0,0
1823,2,0,0
1824,2,0,0
1825,2,0,0
1826,2,0,0
1827,2,0,0
1828,2,0,0
1829,2,0,0
1830,2,0,0
1831,2,0,0
1832,2,0,0
1833,2,2,1
1834,2,0,0
1835,2,0,0
1836,2,0,0
1837,2,0,0
1838,2,0,0
1839,2,0,0
1840,1,0,0
1841,2,0,0
1842,2,0,0
1843,3,0,0
1844,3,0,0
1845,2,0,0
1846,3,0,0
1847,2,0,0
1848,2,0,0
1849,2,0,0
1850,2,0,0
1851,2,0,0
1852,2,0,0
1853,2,0,0
1854,2,0,0
1855,2,0,0
1856,2,0,0
1857,2,0,0
1858,2,0,0
1859,2,0,0
1860,2,0,0
1861,2,0,0
1862,2,0,0
1863,2,0,0
1864,2,0,0
1865,2,0,0
1866,2,0,0
1867,3,0,0
1868,1,0,0
1869,4,0,0
1870,3,0,0
1871,3,0,0
1872,3,2,1
1873,3,0,0
1874,3,0,0
1875,3,0,0
1876,3,0,0
1877,3,0,0
1878,3,0,0
1879,3,0,0
1880,2,0,0
1881,2,0,0
1882,2,0,0
1883,2,0,0
1884,2,0,0
1885,2,0,0
1886,1,0,0
1887,1,0,0
1888,1,0,0
1889,1,0,0
1890,1,0,0
1891,1,0,0
1892,1,0,0
1893,1,0,0
1894,1,0,0
1895,1,0,0
1896,0,0,0
1897,0,0,0
1898,0,0,0
1899,0,0,0
1900,0,0,0
1901,0,0,0
1902,0,0,0
1903,0,0,0
1904,0,0,0
1905,0,0,0
1906,0,0,0
1907,1,0,0
1908,1,0,0
1909,1,0,0
1910,1,0,0
1911,1,0,0
1912,1,0,0
1913,1,0,0
1914,1,0,0
1915,1,0,0
1916,3,0,0
1917,1,0,0
1918,1,0,0
1919,2,0,0
1920,2,0,0
1921,2,0,0
1922,2,0,0
1923,2,0,0
1924,2,0,0
1925,2,0,0
1926,2,0,0
1927,2,0,0
1928,2,0,0
1929,2,0,0
1930,3,0,0
1931,1,0,0
1932,1,0,0
1933,2,0,0
1934,2,0,0
1935,2,0,0
1936,2,0,0
1937,2,0,0
1938,2,0,0
1939,2,0,0
1940,1,0,0
1941,2,0,0
1942,2,0,0
1943,2,0,0
1944,2,0,0
1945,2,0,0
1946,2,0,0
1947,2,0,0
1948,2,0,0
1949,2,0,0
1950,2,0,0
1951,2,0,0
1952,2,0,0
1953,2,0,0
1954,2,0,0
1955,2,0,0
1956,2,0,0
1957,2,0,0
1958,2,0,0
1959,2,0,0
1960,2,0,0
1961,2,0,0
1962,2,0,0
1963,2,0,0
1964,4,3,2
1965,5,2,1
1966,4,2,1
1967,4,2,1
1968,4,3,2
1969,4,2,1
1970,4,2,1
1971,4,2,1
1972,4,3,2
1973,4,3,2
1974,4,2,1
1975,4,3,2
1976,5,3,3
1977,5,3,3
1978,4,3,2
1979,4,3,3
1980,4,3,3
1981,4,3,3
1982,4,3,3
1983,4,3,3
1984,4,4,4
1985,4,4,5
1986,4,4,4
1987,4,4,3
1988,4,4,4
1989,4,4,3
1990,4,4,5
1991,4,3,2
1992,4,3,3
1993,4,3,3
1994,4,3,3
1995,4,3,3
1996,4,3,3
1997,4,3,2
1998,4,3,2
1999,5,3,3
