0,0,0,0
1,1,0,0
2,1,0,0
3,1,0,0
4,2,0,0
5,1,0,0
6,1,0,0
7,1,0,0
8,1,0,0
9,1,0,0
10,1,0,0
11,1,0,0
12,2,0,0
13,2,0,0
14,2,0,0
15,2,0,0
16,2,0,0
17,2,0,0
18,3,0,0
19,2,0,0
20,2,0,0
21,4,2,1
22,3,0,0
23,4,2,1
24,4,0,0
25,4,0,0
26,4,0,0
27,3,0,0
28,3,0,0
29,5,0,0
30,3,0,0
31,3,0,0
32,2,0,0
33,2,0,0
34,2,0,0
35,2,0,0
36,2,0,0
37,2,0,0
38,3,0,0
39,3,0,0
40,3,0,0
41,3,0,0
42,3,0,0
43,3,0,0
44,3,0,0
45,3,0,0
46,3,0,0
47,3,0,0
48,2,0,0
49,2,0,0
50,2,0,0
51,2,0,0
52,2,0,0
53,2,0,0
54,3,0,0
55,3,0,0
56,3,0,0
57,3,0,0
58,3,0,0
59,3,0,0
60,2,0,0
61,2,0,0
62,2,2,1
63,2,0,0
64,2,2,1
65,2,2,1
66,2,2,1
67,2,2,1
68,2,0,0
69,2,0,0
70,2,0,0
71,2,0,0
72,2,0,0
73,2,0,0
74,3,0,0
75,3,0,0
76,2,0,0
77,2,0,0
78,2,0,0
79,2,0,0
80,2,0,0
81,2,0,0
82,2,0,0
83,2,0,0
84,2,0,0
85,1,0,0
86,1,0,0
87,1,0,0
88,2,0,0
89,2,0,0
90,2,0,0
91,2,0,0
92,2,2,1
93,2,0,0
94,2,0,0
95,2,0,0
96,2,2,1
97,2,0,0
98,2,0,0
99,3,0,0
100,3,0,0
101,3,0,0
102,3,0,0
103,3,0,0
104,2,0,0
105,2,0,0
106,2,0,0
107,2,0,0
108,2,0,0
109,2,0,0
110,2,0,0
111,2,0,0
112,2,0,0
113,2,0,0
114,2,2,1
115,2,0,0
116,2,0,0
117,1,0,0
118,1,0,0
119,2,0,0
120,1,0,0
121,1,0,0
122,1,0,0
123,1,0,0
124,2,0,0
125,1,0,0
126,1,0,0
127,1,0,0
128,1,0,0
129,2,0,0
130,1,0,0
131,2,0,0
132,2,0,0
133,2,0,0
134,2,0,0
135,1,0,0
136,1,0,0
137,3,0,0
138,1,0,0
139,1,0,0
140,2,0,0
141,1,0,0
142,1,0,0
143,1,0,0
144,1,0,0
145,1,0,0
146,1,0,0
147,1,0,0
148,0,0,0
149,0,0,0
150,0,0,0
151,0,0,0
152,1,0,0
153,2,0,0
154,1,0,0
155,1,0,0
156,1,0,0
157,2,0,0
158,2,0,0
159,1,0,0
160,2,0,0
161,2,0,0
162,2,0,0
163,4,0,0
164,4,0,0
165,3,0,0
166,1,0,0
167,1,0,0
168,1,0,0
169,1,0,0
170,1,0,0
171,1,0,0
172,1,0,0
173,2,0,0
174,1,0,0
175,1,0,0
176,2,0,0
177,1,0,0
178,1,0,0
179,2,0,0
180,2,0,0
181,2,0,0
182,4,0,0
183,4,2,1
184,3,0,0
185,2,0,0
186,2,0,0
187,2,0,0
188,2,0,0
189,2,0,0
190,2,0,0
191,2,0,0
192,2,0,0
193,2,0,0
194,2,0,0
195,3,0,0
196,2,0,0
197,2,0,0
198,2,0,0
199,2,0,0
200,2,0,0
201,1,0,0
202,1,0,0
203,1,0,0
204,1,0,0
205,1,0,0
206,2,0,0
207,2,0,0
208,1,0,0
209,1,0,0
210,1,0,0
211,1,0,0
212,1,0,0
213,1,0,0
214,1,0,0
215,1,0,0
216,1,0,0
217,1,0,0
218,1,0,0
219,1,0,0
220,1,0,0
221,1,0,0
222,1,0,0
223,2,0,0
224,2,2,1
225,2,2,1
226,2,2,1
227,3,0,0
228,3,0,0
229,3,0,0
230,2,0,0
231,1,0,0
232,1,0,0
233,1,0,0
234,1,0,0
235,2,0,0
236,2,0,0
237,2,0,0
238,2,0,0
239,3,0,0
240,2,0,0
241,2,0,0
242,2,0,0
243,2,0,0
244,2,0,0
245,1,0,0
246,1,0,0
247,2,0,0
248,2,0,0
249,2,0,0
250,2,0,0
251,3,0,0
252,2,0,0
253,2,0,0
254,1,0,0
255,1,0,0
256,1,0,0
257,1,0,0
258,1,0,0
259,1,0,0
260,1,0,0
261,1,0,0
262,1,0,0
263,1,0,0
264,2,0,0
265,2,0,0
266,2,0,0
267,1,0,0
268,1,0,0
269,1,0,0
270,1,0,0
271,0,0,0
272,1,0,0
273,0,0,0
274,0,0,0
275,0,0,0
276,0,0,0
277,0,0,0
278,0,0,0
279,0,0,0
280,1,0,0
281,0,0,0
282,2,0,0
283,1,0,0
284,0,0,0
285,0,0,0
286,0,0,0
287,1,0,0
288,1,0,0
289,1,0,0
290,1,0,0
291,1,0,0
292,2,0,0
293,1,0,0
294,2,2,1
295,2,0,0
296,2,0,0
297,2,0,0
298,2,0,0
299,2,0,0
300,2,0,0
301,1,0,0
302,1,0,0
303,1,0,0
304,2,0,0
305,2,0,0
306,2,0,0
307,2,2,1
308,1,0,0
309,1,0,0
310,1,0,0
311,2,0,0
312,2,0,0
313,2,0,0
314,1,0,0
315,1,0,0
316,1,0,0
317,1,0,0
318,1,0,0
319,3,0,0
320,2,0,0
321,2,0,0
322,2,0,0
323,2,0,0
324,2,0,0
325,1,0,0
326,2,0,0
327,2,0,0
328,2,0,0
329,2,0,0
330,1,0,0
331,1,0,0
332,1,0,0
333,1,0,0
334,1,0,0
335,2,0,0
336,2,0,0
337,2,0,0
338,2,0,0
339,2,0,0
340,2,0,0
341,1,0,0
342,1,0,0
343,1,0,0
344,1,0,0
345,2,0,0
346,1,0,0
347,1,0,0
348,1,0,0
349,2,0,0
350,1,0,0
351,1,0,0
352,1,0,0
353,1,0,0
354,1,0,0
355,1,0,0
356,1,0,0
357,1,0,0
358,1,0,0
359,1,0,0
360,1,0,0
361,1,0,0
362,1,0,0
363,1,0,0
364,1,0,0
365,1,0,0
366,1,0,0
367,1,0,0
368,1,0,0
369,3,0,0
370,2,0,0
371,2,0,0
372,2,0,0
373,2,0,0
374,2,0,0
375,2,2,1
376,2,0,0
377,2,0,0
378,2,0,0
379,3,0,0
380,2,0,0
381,2,0,0
382,1,0,0
383,1,0,0
384,2,0,0
385,1,0,0
386,1,0,0
387,2,0,0
388,2,0,0
389,2,0,0
390,3,0,0
391,3,0,0
392,3,0,0
393,2,0,0
394,2,0,0
395,2,0,0
396,2,0,0
397,2,0,0
398,2,0,0
399,2,0,0
400,2,0,0
401,2,0,0
402,1,0,0
403,2,0,0
404,2,0,0
405,2,0,0
406,2,0,0
407,2,0,0
408,3,0,0
409,2,2,1
410,2,0,0
411,3,0,0
412,2,0,0
413,3,0,0
414,3,0,0
415,3,0,0
416,3,0,0
417,3,0,0
418,3,0,0
419,3,0,0
420,3,0,0
421,3,0,0
422,3,0,0
423,2,0,0
424,2,0,0
425,3,0,0
426,3,0,0
427,3,0,0
428,3,0,0
429,3,0,0
430,3,0,0
431,3,0,0
432,3,0,0
433,3,0,0
434,3,2,1
435,3,2,1
436,4,0,0
437,3,3,2
438,3,3,2
439,3,3,2
440,3,3,2
441,3,3,3
442,3,3,2
443,3,3,3
444,3,3,2
445,3,2,1
446,3,0,0
447,3,0,0
448,3,0,0
449,3,2,1
450,2,0,0
451,2,0,0
452,2,0,0
453,2,0,0
454,2,0,0
455,2,0,0
456,2,0,0
457,3,0,0
458,3,0,0
459,3,0,0
460,3,0,0
461,3,0,0
462,3,0,0
463,3,0,0
464,3,0,0
465,3,0,0
466,3,2,1
467,3,0,0
468,4,0,0
469,3,0,0
470,3,0,0
471,3,0,0
472,2,0,0
473,2,0,0
474,1,0,0
475,1,0,0
476,2,0,0
477,2,0,0
478,3,0,0
479,3,0,0
480,3,0,0
481,4,0,0
482,4,0,0
483,3,0,0
484,4,2,1
485,4,2,1
486,4,2,1
487,4,2,1
488,4,2,1
489,3,2,1
490,3,2,1
491,3,2,1
492,3,0,0
493,3,0,0
494,2,0,0
495,2,0,0
496,2,0,0
497,2,0,0
498,2,0,0
499,2,0,0
500,2,0,0
501,2,0,0
502,2,0,0
503,2,0,0
504,2,2,1
505,1,0,0
506,1,0,0
507,1,0,0
508,1,0,0
509,1,0,0
510,0,0,0
511,1,0,0
512,1,0,0
513,1,0,0
514,1,0,0
515,2,0,0
516,2,0,0
517,2,0,0
518,3,0,0
519,2,0,0
520,3,0,0
521,3,0,0
522,2,0,0
523,1,0,0
524,2,0,0
525,1,0,0
526,1,0,0
527,2,0,0
528,2,0,0
529,1,0,0
530,1,0,0
531,1,0,0
532,0,0,0
533,0,0,0
534,0,0,0
535,1,0,0
536,1,0,0
537,1,0,0
538,1,0,0
539,2,0,0
540,2,0,0
541,2,0,0
542,2,0,0
543,2,0,0
544,2,0,0
545,2,0,0
546,2,0,0
547,2,0,0
548,2,0,0
549,2,0,0
550,2,0,0
551,2,0,0
552,1,0,0
553,1,0,0
554,1,0,0
555,1,0,0
556,1,0,0
557,1,0,0
558,1,0,0
559,1,0,0
560,1,0,0
561,3,0,0
562,2,0,0
563,2,0,0
564,3,0,0
565,2,0,0
566,2,0,0
567,2,0,0
568,2,0,0
569,2,0,0
570,2,0,0
571,2,0,0
572,2,0,0
573,2,0,0
574,2,0,0
575,2,0,0
576,2,0,0
577,2,2,1
578,2,2,1
579,2,0,0
580,2,0,0
581,3,0,0
582,2,0,0
583,2,0,0
584,2,0,0
585,3,0,0
586,3,0,0
587,2,0,0
588,3,0,0
589,2,0,0
590,2,0,0
591,2,0,0
592,2,0,0
593,3,0,0
594,3,0,0
595,3,0,0
596,3,0,0
597,3,0,0
598,3,0,0
599,1,0,0
600,1,0,0
601,1,0,0
602,1,0,0
603,1,0,0
604,1,0,0
605,1,0,0
606,1,0,0
607,1,0,0
608,1,0,0
609,3,0,0
610,3,0,0
611,3,0,0
612,2,0,0
613,2,0,0
614,2,0,0
615,1,0,0
616,1,0,0
617,1,0,0
618,1,0,0
619,1,0,0
620,2,0,0
621,3,0,0
622,3,0,0
623,2,0,0
624,3,0,0
625,3,2,1
626,2,0,0
627,2,0,0
628,3,0,0
629,2,0,0
630,2,0,0
631,2,0,0
632,2,0,0
633,2,0,0
634,2,2,1
635,2,0,0
636,2,0,0
637,2,0,0
638,2,0,0
639,2,0,0
640,2,0,0
641,2,0,0
642,2,0,0
643,2,0,0
644,2,0,0
645,3,0,0
646,2,0,0
647,2,0,0
648,2,2,1
649,2,2,1
650,2,2,1
651,3,2,1
652,3,2,1
653,3,2,1
654,3,2,1
655,3,2,1
656,3,2,1
657,3,0,0
658,2,0,0
659,2,0,0
660,3,0,0
661,1,0,0
662,1,0,0
663,1,0,0
664,2,2,1
665,2,0,0
666,4,2,1
667,4,0,0
668,4,0,0
669,4,0,0
670,3,0,0
671,3,0,0
672,3,2,1
673,3,0,0
674,3,0,0
675,3,2,1
676,2,2,1
677,2,2,1
678,2,0,0
679,2,0,0
680,2,2,1
681,2,0,0
682,3,0,0
683,3,0,0
684,3,2,1
685,3,0,0
686,3,3,2
687,3,3,3
688,3,3,3
689,4,3,2
690,3,3,2
691,3,3,3
692,3,3,2
693,2,2,1
694,3,3,2
695,3,3,2
696,3,2,1
697,3,3,2
698,3,3,2
699,3,3,2
700,3,0,0
701,3,0,0
702,3,3,2
703,4,4,3
704,4,4,4
705,4,4,5
706,5,4,5
707,5,4,5
708,5,4,5
709,5,4,4
710,5,4,4
711,5,4,5
712,5,4,5
713,6,4,4
714,5,4,4
715,5,4,3
716,5,4,4
717,5,4,5
718,5,4,4
719,5,4,4
720,5,4,4
721,5,4,4
722,5,5,6
723,4,4,3
724,3,3,3
725,4,4,3
726,3,3,3
727,3,3,2
728,4,3,2
729,4,3,3
730,4,3,2
731,4,3,2
732,4,3,2
733,4,3,2
734,4,3,2
735,3,3,2
736,4,4,3
737,4,4,4
738,4,4,4
739,4,4,5
740,4,4,4
741,4,4,4
742,4,4,4
743,4,4,5
744,4,4,3
745,4,4,5
746,4,4,4
747,4,4,3
748,4,4,5
749,5,4,5
750,5,4,4
751,5,5,6
752,4,4,4
753,5,4,5
754,5,4,4
755,5,4,4
756,5,4,5
757,5,4,5
758,5,4,4
759,4,4,5
760,5,5,7
761,5,5,6
762,5,4,4
763,5,4,4
764,5,4,5
765,6,3,2
766,5,3,3
767,4,2,1
768,4,0,0
769,5,0,0
770,5,3,2
771,4,2,1
772,4,0,0
773,3,0,0
774,4,0,0
775,4,0,0
776,3,0,0
777,3,0,0
778,3,0,0
779,3,0,0
780,3,0,0
781,3,0,0
782,4,3,2
783,3,2,1
784,3,0,0
785,3,0,0
786,3,0,0
787,3,0,0
788,3,0,0
789,3,0,0
790,3,0,0
791,3,0,0
792,4,0,0
793,4,0,0
794,4,0,0
795,4,0,0
796,4,0,0
797,4,2,1
798,4,2,1
799,3,2,1
800,4,3,2
801,4,2,1
802,4,2,1
803,4,0,0
804,4,0,0
805,4,0,0
806,4,0,0
807,4,0,0
808,4,0,0
809,4,0,0
810,4,0,0
811,4,0,0
812,4,2,1
813,3,0,0
814,4,0,0
815,3,0,0
816,3,0,0
817,3,0,0
818,2,0,0
819,2,0,0
820,2,0,0
821,2,0,0
822,2,0,0
823,3,0,0
824,3,0,0
825,2,0,0
826,2,0,0
827,2,0,0
828,2,0,0
829,2,0,0
830,1,0,0
831,1,0,0
832,1,0,0
833,1,0,0
834,1,0,0
835,1,0,0
836,1,0,0
837,1,0,0
838,2,0,0
839,2,0,0
840,2,0,0
841,2,0,0
842,2,0,0
843,2,0,0
844,2,0,0
845,2,0,0
846,2,0,0
847,3,0,0
848,4,0,0
849,3,0,0
850,3,0,0
851,3,0,0
852,2,0,0
853,2,0,0
854,2,0,0
855,3,0,0
856,3,0,0
857,3,0,0
858,3,0,0
859,3,0,0
860,3,0,0
861,2,0,0
862,3,2,1
863,3,0,0
864,3,0,0
865,2,0,0
866,1,0,0
867,1,0,0
868,1,0,0
869,1,0,0
870,1,0,0
871,1,0,0
872,1,0,0
873,1,0,0
874,1,0,0
875,1,0,0
876,1,0,0
877,1,0,0
878,3,0,0
879,2,2,1
880,3,0,0
881,3,0,0
882,3,0,0
883,2,0,0
884,2,0,0
885,2,0,0
886,2,0,0
887,2,0,0
888,1,0,0
889,2,0,0
890,3,0,0
891,3,0,0
892,3,0,0
893,3,0,0
894,3,0,0
895,3,0,0
896,3,0,0
897,3,0,0
898,3,0,0
899,2,0,0
900,2,0,0
901,2,0,0
902,2,0,0
903,2,2,1
904,2,0,0
905,2,0,0
906,2,0,0
907,2,0,0
908,2,0,0
909,2,0,0
910,2,0,0
911,2,0,0
912,2,0,0
913,1,0,0
914,2,0,0
915,2,0,0
916,2,0,0
917,2,0,0
918,2,0,0
919,2,0,0
920,2,0,0
921,2,0,0
922,1,0,0
923,1,0,0
924,2,0,0
925,2,0,0
926,2,0,0
927,2,0,0
928,1,0,0
929,2,0,0
930,2,0,0
931,2,0,0
932,2,0,0
933,2,0,0
934,2,0,0
935,2,0,0
936,2,0,0
937,2,0,0
938,2,0,0
939,2,0,0
940,2,0,0
941,3,0,0
942,2,0,0
943,2,0,0
944,2,0,0
945,2,0,0
946,1,0,0
947,2,0,0
948,0,0,0
949,0,0,0
950,0,0,0
951,0,0,0
952,0,0,0
953,0,0,0
954,0,0,0
955,0,0,0
956,0,0,0
957,0,0,0
958,0,0,0
959,1,0,0
960,2,0,0
961,1,0,0
962,1,0,0
963,1,0,0
964,1,0,0
965,1,0,0
966,3,0,0
967,1,0,0
968,1,0,0
969,1,0,0
970,1,0,0
971,1,0,0
972,2,0,0
973,3,0,0
974,2,0,0
975,2,0,0
976,3,0,0
977,3,0,0
978,3,0,0
979,3,0,0
980,2,0,0
981,2,0,0
982,2,0,0
983,3,0,0
984,3,0,0
985,4,2,1
986,3,0,0
987,3,0,0
988,2,0,0
989,2,0,0
990,2,0,0
991,2,0,0
992,2,0,0
993,2,0,0
994,2,0,0
995,4,0,0
996,2,0,0
997,1,0,0
998,2,0,0
999,2,0,0
1000,3,0,0
1001,3,0,0
1002,3,0,0
1003,3,2,1
1004,3,2,1
1005,4,2,1
1006,4,0,0
1007,4,0,0
1008,4,0,0
1009,3,0,0
1010,3,2,1
1011,3,0,0
1012,3,0,0
1013,3,0,0
1014,4,0,0
1015,3,0,0
1016,4,0,0
1017,4,0,0
1018,4,0,0
1019,4,0,0
1020,4,0,0
1021,4,0,0
1022,4,0,0
1023,4,0,0
1024,4,0,0
1025,3,0,0
1026,2,0,0
1027,2,0,0
1028,2,0,0
1029,2,0,0
1030,2,0,0
1031,2,0,0
1032,2,0,0
1033,2,0,0
1034,2,0,0
1035,2,0,0
1036,2,0,0
1037,2,0,0
1038,2,0,0
1039,2,0,0
1040,2,0,0
1041,2,0,0
1042,2,0,0
1043,2,0,0
1044,2,2,1
1045,2,0,0
1046,2,0,0
1047,2,0,0
1048,2,0,0
1049,3,0,0
1050,2,0,0
1051,2,0,0
1052,2,0,0
1053,2,0,0
1054,2,0,0
1055,2,0,0
1056,2,2,1
1057,3,0,0
1058,3,0,0
1059,2,0,0
1060,2,0,0
1061,2,0,0
1062,3,0,0
1063,2,0,0
1064,2,0,0
1065,3,0,0
1066,3,0,0
1067,3,0,0
1068,3,0,0
1069,3,0,0
1070,3,0,0
1071,2,0,0
1072,2,0,0
1073,1,0,0
1074,2,0,0
1075,2,0,0
1076,2,0,0
1077,2,2,1
1078,2,0,0
1079,2,0,0
1080,2,0,0
1081,2,0,0
1082,2,0,0
1083,3,0,0
1084,3,0,0
1085,3,2,1
1086,3,0,0
1087,2,0,0
1088,2,0,0
1089,3,0,0
1090,4,0,0
1091,4,0,0
1092,4,2,1
1093,4,2,1
1094,4,2,1
1095,4,2,1
1096,4,3,2
1097,2,0,0
1098,3,3,2
1099,3,2,1
1100,2,0,0
1101,4,3,3
1102,4,3,3
1103,3,3,3
1104,3,3,3
1105,3,3,2
1106,3,3,2
1107,3,3,2
1108,4,3,2
1109,4,3,2
1110,4,3,3
1111,4,3,2
1112,4,2,1
1113,4,3,3
1114,4,3,3
1115,4,3,3
1116,4,3,3
1117,4,3,2
1118,4,3,3
1119,4,3,3
1120,4,3,3
1121,4,3,3
1122,4,3,3
1123,3,3,3
1124,3,3,3
1125,3,3,2
1126,3,3,2
1127,3,3,3
1128,3,2,1
1129,3,2,1
1130,3,3,2
1131,3,3,2
1132,3,3,3
1133,3,3,2
1134,3,3,3
1135,4,3,2
1136,4,3,2
1137,4,3,2
1138,4,3,2
1139,4,3,3
1140,4,3,3
1141,4,3,3
1142,4,3,3
1143,4,3,3
1144,4,3,3
1145,4,3,2
1146,4,3,2
1147,4,3,2
1148,4,3,3
1149,4,3,3
1150,4,3,3
1151,4,3,2
1152,4,3,2
1153,5,3,3
1154,5,0,0
1155,4,0,0
1156,4,0,0
1157,4,2,1
1158,3,0,0
1159,3,0,0
1160,3,0,0
1161,3,0,0
1162,3,0,0
1163,3,0,0
1164,3,0,0
1165,3,0,0
1166,3,0,0
1167,3,0,0
1168,3,3,2
1169,3,3,3
1170,3,3,2
1171,3,3,2
1172,3,3,2
1173,3,2,1
1174,3,3,3
1175,3,3,2
1176,4,2,1
1177,4,2,1
1178,4,0,0
1179,3,0,0
1180,3,2,1
1181,3,0,0
1182,4,0,0
1183,3,0,0
1184,1,0,0
1185,1,0,0
1186,2,0,0
1187,2,0,0
1188,2,2,1
1189,2,0,0
1190,2,0,0
1191,3,0,0
1192,3,0,0
1193,3,0,0
1194,3,0,0
1195,3,0,0
1196,3,0,0
1197,3,0,0
1198,3,0,0
1199,2,0,0
1200,2,0,0
1201,2,0,0
1202,2,0,0
1203,2,0,0
1204,3,0,0
1205,1,0,0
1206,1,0,0
1207,1,0,0
1208,1,0,0
1209,2,0,0
1210,3,0,0
1211,3,0,0
1212,3,0,0
1213,3,0,0
1214,3,2,1
1215,3,0,0
1216,3,0,0
1217,3,0,0
1218,3,0,0
1219,3,0,0
1220,2,0,0
1221,2,0,0
1222,1,0,0
1223,1,0,0
1224,2,0,0
1225,2,0,0
1226,2,0,0
1227,2,0,0
1228,2,0,0
1229,2,0,0
1230,2,0,0
1231,2,0,0
1232,3,0,0
1233,3,0,0
1234,3,0,0
1235,3,0,0
1236,4,0,0
1237,3,0,0
1238,3,0,0
1239,3,0,0
1240,3,0,0
1241,4,2,1
1242,3,0,0
1243,3,0,0
1244,3,2,1
1245,3,0,0
1246,3,0,0
1247,3,0,0
1248,3,0,0
1249,3,0,0
1250,3,0,0
1251,3,0,0
1252,3,0,0
1253,3,0,0
1254,3,0,0
1255,3,2,1
1256,3,2,1
1257,3,0,0
1258,3,0,0
1259,3,0,0
1260,2,0,0
1261,2,0,0
1262,2,0,0
1263,2,0,0
1264,2,0,0
1265,2,0,0
1266,2,0,0
1267,2,0,0
1268,3,0,0
1269,2,0,0
1270,2,0,0
1271,3,0,0
1272,2,0,0
1273,2,0,0
1274,2,0,0
1275,2,0,0
1276,2,0,0
1277,3,0,0
1278,4,0,0
1279,3,0,0
1280,4,0,0
1281,4,0,0
1282,3,2,1
1283,3,0,0
1284,2,0,0
1285,2,0,0
1286,2,0,0
1287,2,0,0
1288,2,0,0
1289,2,0,0
1290,2,0,0
1291,1,0,0
1292,1,0,0
1293,3,0,0
1294,2,0,0
1295,1,0,0
1296,2,0,0
1297,3,0,0
1298,3,0,0
1299,2,0,0
1300,2,0,0
1301,2,0,0
1302,2,0,0
1303,2,0,0
1304,1,0,0
1305,1,0,0
1306,1,0,0
1307,1,0,0
1308,2,0,0
1309,1,0,0
1310,1,0,0
1311,1,0,0
1312,1,0,0
1313,1,0,0
1314,1,0,0
1315,1,0,0
1316,2,0,0
1317,1,0,0
1318,1,0,0
1319,1,0,0
1320,1,0,0
1321,1,0,0
1322,1,0,0
1323,1,0,0
1324,2,0,0
1325,1,0,0
1326,2,0,0
1327,2,0,0
1328,2,0,0
1329,2,0,0
1330,2,0,0
1331,2,0,0
1332,3,0,0
1333,3,0,0
1334,2,0,0
1335,2,0,0
1336,2,0,0
1337,3,0,0
1338,3,0,0
1339,2,0,0
1340,2,0,0
1341,2,0,0
1342,2,0,0
1343,2,0,0
1344,2,0,0
1345,2,0,0
1346,1,0,0
1347,1,0,0
1348,1,0,0
1349,1,0,0
1350,1,0,0
1351,1,0,0
1352,1,0,0
1353,1,0,0
1354,1,0,0
1355,1,0,0
1356,1,0,0
1357,1,0,0
1358,1,0,0
1359,1,0,0
1360,1,0,0
1361,1,0,0
1362,1,0,0
1363,1,0,0
1364,2,0,0
1365,2,0,0
1366,2,0,0
1367,2,0,0
1368,2,2,1
1369,2,0,0
1370,2,0,0
1371,2,2,1
1372,2,2,1
1373,2,2,1
1374,2,2,1
1375,2,2,1
1376,2,2,1
1377,2,2,1
1378,2,2,1
1379,2,2,1
1380,2,0,0
1381,3,0,0
1382,2,0,0
1383,2,0,0
1384,2,0,0
1385,2,0,0
1386,2,0,0
1387,2,0,0
1388,3,0,0
1389,3,0,0
1390,3,0,0
1391,2,0,0
1392,2,0,0
1393,2,0,0
1394,2,0,0
1395,1,0,0
1396,2,0,0
1397,1,0,0
1398,1,0,0
1399,1,0,0
1400,1,0,0
1401,2,0,0
1402,1,0,0
1403,2,0,0
1404,2,0,0
1405,3,0,0
1406,3,0,0
1407,3,0,0
1408,3,0,0
1409,3,0,0
1410,3,0,0
1411,3,0,0
1412,3,0,0
1413,3,0,0
1414,3,0,0
1415,3,2,1
1416,3,0,0
1417,3,0,0
1418,2,0,0
1419,2,0,0
1420,2,0,0
1421,2,0,0
1422,2,0,0
1423,2,0,0
1424,2,0,0
1425,2,0,0
1426,2,0,0
1427,2,0,0
1428,2,0,0
1429,2,0,0
1430,2,0,0
1431,2,0,0
1432,2,0,0
1433,3,0,0
1434,2,0,0
1435,1,0,0
1436,1,0,0
1437,1,0,0
1438,2,0,0
1439,2,0,0
1440,2,0,0
1441,2,0,0
1442,2,0,0
1443,2,0,0
1444,2,0,0
1445,2,0,0
1446,2,0,0
1447,2,0,0
1448,3,0,0
1449,2,0,0
1450,2,0,0
1451,2,0,0
1452,2,0,0
1453,3,0,0
1454,3,0,0
1455,2,0,0
1456,2,0,0
1457,2,0,0
1458,2,0,0
1459,2,0,0
1460,2,0,0
1461,2,0,0
1462,2,2,1
1463,2,2,1
1464,2,2,1
1465,2,0,0
1466,2,0,0
1467,2,0,0
1468,2,0,0
1469,2,0,0
1470,2,0,0
1471,1,0,0
1472,1,0,0
1473,2,0,0
1474,2,0,0
1475,1,0,0
1476,1,0,0
1477,1,0,0
1478,1,0,0
1479,1,0,0
1480,1,0,0
1481,1,0,0
1482,1,0,0
1483,1,0,0
1484,1,0,0
1485,1,0,0
1486,1,0,0
1487,1,0,0
1488,1,0,0
1489,1,0,0
1490,2,0,0
1491,2,0,0
1492,2,0,0
1493,2,0,0
1494,2,0,0
1495,1,0,0
1496,2,0,0
1497,2,0,0
1498,2,0,0
1499,2,0,0
1500,2,0,0
1501,2,0,0
1502,2,0,0
1503,2,0,0
1504,2,0,0
1505,2,0,0
1506,2,0,0
1507,2,0,0
1508,2,0,0
1509,2,0,0
1510,2,0,0
1511,2,0,0
1512,2,0,0
1513,3,0,0
1514,2,0,0
1515,2,0,0
1516,3,0,0
1517,2,0,0
1518,3,0,0
1519,4,0,0
1520,4,0,0
1521,3,0,0
1522,3,0,0
1523,3,0,0
1524,3,0,0
1525,3,0,0
1526,3,2,1
1527,3,0,0
1528,3,0,0
1529,4,0,0
1530,3,0,0
1531,2,0,0
1532,2,0,0
1533,2,0,0
1534,1,0,0
1535,1,0,0
1536,2,0,0
1537,2,0,0
1538,1,0,0
1539,1,0,0
1540,1,0,0
1541,1,0,0
1542,2,0,0
1543,2,0,0
1544,2,0,0
1545,2,0,0
1546,2,0,0
1547,1,0,0
1548,2,0,0
1549,2,0,0
1550,2,0,0
1551,2,0,0
1552,2,0,0
1553,2,0,0
1554,1,0,0
1555,1,0,0
1556,1,0,0
1557,2,0,0
1558,2,0,0
1559,2,0,0
1560,2,0,0
1561,2,0,0
1562,2,0,0
1563,3,0,0
1564,3,0,0
1565,2,0,0
1566,2,0,0
1567,2,0,0
1568,2,0,0
1569,2,0,0
1570,2,0,0
1571,2,0,0
1572,2,0,0
1573,2,0,0
1574,2,0,0
1575,2,0,0
1576,2,0,0
1577,2,0,0
1578,2,0,0
1579,2,0,0
1580,2,0,0
1581,2,0,0
1582,2,0,0
1583,2,0,0
1584,2,2,1
1585,1,0,0
1586,2,0,0
1587,2,0,0
1588,2,0,0
1589,2,0,0
1590,2,0,0
1591,3,0,0
1592,3,0,0
1593,3,0,0
1594,3,0,0
1595,3,0,0
1596,2,0,0
1597,2,0,0
1598,2,0,0
1599,2,0,0
1600,3,0,0
1601,3,0,0
1602,2,0,0
1603,2,0,0
1604,2,0,0
1605,2,0,0
1606,2,0,0
1607,2,0,0
1608,3,0,0
1609,2,0,0
1610,2,0,0
1611,2,0,0
1612,2,0,0
1613,2,0,0
1614,2,0,0
1615,2,0,0
1616,3,0,0
1617,4,0,0
1618,2,0,0
1619,3,0,0
1620,4,2,1
1621,2,0,0
1622,2,0,0
1623,2,0,0
1624,2,0,0
1625,2,0,0
1626,2,0,0
1627,2,0,0
1628,2,0,0
1629,2,0,0
1630,2,0,0
1631,2,0,0
1632,2,0,0
1633,2,0,0
1634,2,0,0
1635,2,0,0
1636,2,0,0
1637,2,0,0
1638,3,0,0
1639,3,2,1
1640,3,0,0
1641,3,0,0
1642,3,0,0
1643,3,0,0
1644,3,0,0
1645,3,0,0
1646,3,0,0
1647,2,0,0
1648,2,0,0
1649,2,0,0
1650,2,0,0
1651,3,0,0
1652,4,0,0
1653,4,0,0
1654,4,0,0
1655,4,0,0
1656,4,0,0
1657,4,0,0
1658,3,0,0
1659,3,0,0
1660,3,2,1
1661,3,0,0
1662,3,0,0
1663,2,0,0
1664,2,0,0
1665,2,0,0
1666,2,0,0
1667,2,0,0
1668,2,0,0
1669,2,0,0
1670,2,0,0
1671,2,0,0
1672,2,0,0
1673,2,0,0
1674,2,0,0
1675,2,0,0
1676,1,0,0
1677,1,0,0
1678,1,0,0
1679,1,0,0
1680,1,0,0
1681,1,0,0
1682,1,0,0
1683,0,0,0
1684,1,0,0
1685,1,0,0
1686,1,0,0
1687,1,0,0
1688,1,0,0
1689,1,0,0
1690,1,0,0
1691,1,0,0
1692,2,0,0
1693,2,0,0
1694,1,0,0
1695,1,0,0
1696,1,0,0
1697,1,0,0
1698,1,0,0
1699,1,0,0
1700,1,0,0
1701,1,0,0
1702,1,0,0
1703,1,0,0
1704,1,0,0
1705,1,0,0
1706,1,0,0
1707,1,0,0
1708,1,0,0
1709,1,0,0
1710,1,0,0
1711,1,0,0
1712,1,0,0
1713,1,0,0
1714,1,0,0
1715,1,0,0
1716,1,0,0
1717,1,0,0
1718,1,0,0
1719,1,0,0
1720,1,0,0
1721,1,0,0
1722,1,0,0
1723,1,0,0
1724,1,0,0
1725,1,0,0
1726,1,0,0
1727,1,0,0
1728,1,0,0
1729,1,0,0
1730,2,0,0
1731,2,0,0
1732,2,0,0
1733,2,0,0
1734,2,0,0
1735,2,0,0
1736,2,0,0
1737,2,0,0
1738,2,0,0
1739,2,0,0
1740,2,0,0
1741,2,0,0
1742,2,0,0
1743,2,0,0
1744,2,2,1
1745,2,0,0
1746,2,0,0
1747,2,0,0
1748,2,0,0
1749,2,0,0
1750,2,0,0
1751,2,0,0
1752,2,0,0
1753,2,0,0
1754,2,0,0
1755,2,0,0
1756,3,0,0
1757,2,0,0
1758,1,0,0
1759,1,0,0
1760,1,0,0
1761,2,0,0
1762,2,0,0
1763,3,0,0
1764,2,0,0
1765,3,0,0
1766,3,0,0
1767,1,0,0
1768,1,0,0
1769,3,0,0
1770,3,0,0
1771,3,0,0
1772,3,0,0
1773,3,0,0
1774,2,0,0
1775,2,0,0
1776,2,0,0
1777,2,0,0
1778,3,2,1
1779,3,0,0
1780,2,0,0
1781,2,0,0
1782,3,0,0
1783,2,0,0
1784,2,0,0
1785,4,2,1
1786,3,0,0
1787,3,0,0
1788,3,0,0
1789,3,2,1
1790,3,0,0
1791,3,0,0
1792,3,2,1
1793,3,0,0
1794,3,2,1
1795,3,3,2
1796,3,2,1
1797,3,2,1
1798,1,0,0
1799,3,2,1
1800,3,0,0
1801,3,0,0
1802,4,0,0
1803,2,0,0
1804,2,0,0
1805,3,2,1
1806,3,0,0
1807,2,0,0
1808,2,0,0
1809,2,0,0
1810,2,0,0
1811,2,2,1
1812,2,0,0
1813,2,2,1
1814,2,0,0
1815,2,0,0
1816,2,0,0
1817,1,0,0
1818,1,0,0
1819,1,0,0
1820,1,0,0
1821,1,0,0
1822,1,0,0
1823,1,0,0
1824,1,0,0
1825,1,0,0
1826,1,0,0
1827,1,0,0
1828,1,0,0
1829,1,0,0
1830,2,0,0
1831,2,0,0
1832,2,0,0
1833,1,0,0
1834,1,0,0
1835,2,0,0
1836,3,0,0
1837,2,0,0
1838,3,0,0
1839,2,0,0
1840,2,0,0
1841,3,0,0
1842,4,2,1
1843,3,2,1
1844,4,0,0
1845,3,0,0
1846,4,0,0
1847,4,2,1
1848,4,2,1
1849,4,2,1
1850,4,2,1
1851,4,2,1
1852,3,2,1
1853,4,2,1
1854,4,0,0
1855,4,2,1
1856,5,0,0
1857,5,0,0
1858,4,0,0
1859,3,0,0
1860,3,0,0
1861,3,0,0
1862,3,0,0
1863,3,2,1
1864,4,0,0
1865,3,0,0
1866,4,0,0
1867,2,0,0
1868,3,0,0
1869,3,0,0
1870,3,2,1
1871,1,0,0
1872,2,0,0
1873,2,0,0
1874,2,0,0
1875,2,0,0
1876,1,0,0
1877,2,0,0
1878,1,0,0
1879,1,0,0
1880,1,0,0
1881,1,0,0
1882,2,0,0
1883,2,0,0
1884,2,0,0
1885,2,0,0
1886,2,0,0
1887,2,0,0
1888,2,0,0
1889,2,0,0
1890,2,0,0
1891,2,0,0
1892,3,0,0
1893,2,0,0
1894,2,0,0
1895,2,0,0
1896,2,0,0
1897,2,0,0
1898,1,0,0
1899,2,0,0
1900,1,0,0
1901,1,0,0
1902,1,0,0
1903,1,0,0
1904,1,0,0
1905,1,0,0
1906,2,0,0
1907,2,0,0
1908,2,0,0
1909,2,0,0
1910,2,0,0
1911,2,0,0
1912,2,0,0
1913,2,2,1
1914,2,0,0
1915,2,2,1
1916,2,0,0
1917,2,2,1
1918,2,0,0
1919,2,0,0
1920,2,0,0
1921,2,0,0
1922,2,0,0
1923,2,0,0
1924,2,0,0
1925,2,0,0
1926,2,0,0
1927,2,0,0
1928,2,0,0
1929,2,0,0
1930,2,0,0
1931,2,0,0
1932,1,0,0
1933,1,0,0
1934,1,0,0
1935,2,0,0
1936,2,0,0
1937,2,0,0
1938,2,0,0
1939,2,0,0
1940,3,0,0
1941,2,0,0
1942,2,0,0
1943,2,0,0
1944,2,0,0
1945,2,0,0
1946,2,0,0
1947,2,2,1
1948,2,0,0
1949,3,2,1
1950,3,2,1
1951,3,2,1
1952,2,2,1
1953,3,2,1
1954,2,2,1
1955,3,2,1
1956,4,2,1
1957,3,2,1
1958,3,0,0
1959,3,0,0
1960,3,0,0
1961,3,0,0
1962,2,0,0
1963,2,0,0
1964,2,0,0
1965,2,0,0
1966,2,0,0
1967,2,0,0
1968,2,0,0
1969,2,0,0
1970,2,0,0
1971,2,0,0
1972,2,0,0
1973,2,0,0
1974,2,2,1
1975,2,0,0
1976,3,0,0
1977,3,0,0
1978,3,0,0
1979,3,0,0
1980,4,0,0
1981,3,0,0
1982,3,0,0
1983,3,0,0
1984,3,0,0
1985,2,0,0
1986,2,0,0
1987,1,0,0
1988,1,0,0
1989,1,0,0
1990,1,0,0
1991,2,0,0
1992,2,0,0
1993,1,0,0
1994,2,0,0
1995,2,0,0
1996,1,0,0
1997,1,0,0
1998,1,0,0
1999,1,0,0
