0,0,0,0
1,1,0,0
2,0,0,0
3,0,0,0
4,1,0,0
5,1,0,0
6,1,0,0
7,1,0,0
8,1,0,0
9,1,0,0
10,2,0,0
11,1,0,0
12,1,0,0
13,1,0,0
14,1,0,0
15,1,0,0
16,2,0,0
17,2,0,0
18,2,0,0
19,2,0,0
20,2,0,0
21,2,0,0
22,2,0,0
23,2,0,0
24,2,0,0
25,2,0,0
26,2,0,0
27,2,0,0
28,2,0,0
29,2,0,0
30,2,0,0
31,2,0,0
32,2,2,1
33,2,0,0
34,2,2,1
35,2,0,0
36,3,0,0
37,3,0,0
38,2,2,1
39,2,0,0
40,2,0,0
41,2,0,0
42,2,0,0
43,2,0,0
44,2,0,0
45,2,0,0
46,2,0,0
47,2,0,0
48,2,0,0
49,2,0,0
50,2,0,0
51,2,0,0
52,2,0,0
53,2,0,0
54,2,0,0
55,2,0,0
56,2,0,0
57,2,0,0
58,2,0,0
59,2,0,0
60,2,0,0
61,1,0,0
62,1,0,0
63,1,0,0
64,1,0,0
65,1,0,0
66,1,0,0
67,2,0,0
68,2,0,0
69,2,0,0
70,2,0,0
71,2,0,0
72,2,0,0
73,2,0,0
74,2,0,0
75,2,0,0
76,2,0,0
77,2,0,0
78,2,0,0
79,2,0,0
80,2,0,0
81,2,0,0
82,2,0,0
83,1,0,0
84,1,0,0
85,1,0,0
86,1,0,0
87,1,0,0
88,1,0,0
89,1,0,0
90,2,0,0
91,2,2,1
92,2,0,0
93,2,0,0
94,2,0,0
95,2,0,0
96,3,2,1
97,3,2,1
98,3,2,1
99,3,3,2
100,2,2,1
101,3,2,1
102,2,0,0
103,2,2,1
104,2,2,1
105,2,2,1
106,2,0,0
107,2,0,0
108,2,0,0
109,2,0,0
110,2,0,0
111,3,0,0
112,2,0,0
113,1,0,0
114,1,0,0
115,1,0,0
116,1,0,0
117,1,0,0
118,0,0,0
119,0,0,0
120,0,0,0
121,0,0,0
122,0,0,0
123,0,0,0
124,1,0,0
125,1,0,0
126,2,0,0
127,2,0,0
128,2,0,0
129,3,0,0
130,2,0,0
131,2,0,0
132,2,0,0
133,2,0,0
134,3,0,0
135,3,0,0
136,4,0,0
137,4,0,0
138,3,2,1
139,3,0,0
140,3,2,1
141,3,0,0
142,3,0,0
143,3,2,1
144,3,0,0
145,3,0,0
146,4,0,0
147,4,0,0
148,4,0,0
149,4,3,2
150,3,0,0
151,4,0,0
152,3,0,0
153,3,0,0
154,3,0,0
155,3,0,0
156,2,0,0
157,2,0,0
158,2,0,0
159,2,0,0
160,2,0,0
161,2,0,0
162,1,0,0
163,2,0,0
164,2,0,0
165,2,0,0
166,2,2,1
167,2,0,0
168,2,0,0
169,2,0,0
170,2,0,0
171,3,0,0
172,3,2,1
173,3,0,0
174,4,0,0
175,4,0,0
176,4,0,0
177,3,0,0
178,3,0,0
179,3,0,0
180,3,0,0
181,3,0,0
182,3,0,0
183,3,0,0
184,2,0,0
185,3,0,0
186,4,0,0
187,4,0,0
188,4,0,0
189,4,0,0
190,4,0,0
191,4,0,0
192,5,3,2
193,6,2,1
194,5,4,3
195,5,4,4
196,4,4,4
197,4,4,5
198,4,4,5
199,4,4,4
200,4,4,4
201,4,4,5
202,4,4,3
203,3,3,2
204,4,4,4
205,4,4,5
206,4,4,5
207,4,4,4
208,4,4,5
209,4,4,3
210,4,3,2
211,4,4,3
212,3,3,2
213,3,2,1
214,3,3,2
215,3,3,2
216,3,2,1
217,3,3,2
218,3,2,1
219,3,3,2
220,3,3,3
221,3,3,2
222,3,3,3
223,3,3,3
224,3,3,2
225,3,3,3
226,3,3,3
227,3,3,2
228,3,3,3
229,3,3,3
230,3,3,2
231,3,3,3
232,3,3,2
233,3,3,2
234,3,3,3
235,4,3,3
236,4,3,3
237,4,3,3
238,4,3,2
239,4,2,1
240,4,0,0
241,4,0,0
242,4,0,0
243,4,0,0
244,4,0,0
245,4,2,1
246,4,2,1
247,4,2,1
248,4,2,1
249,4,0,0
250,4,0,0
251,4,0,0
252,3,0,0
253,4,2,1
254,4,0,0
255,4,2,1
256,4,0,0
257,4,2,1
258,4,2,1
259,4,3,2
260,4,3,2
261,4,3,3
262,4,3,2
263,4,3,3
264,4,3,2
265,4,3,3
266,4,3,3
267,4,3,2
268,4,3,3
269,4,3,3
270,3,3,3
271,3,3,3
272,3,3,3
273,3,3,3
274,4,3,2
275,3,2,1
276,3,2,1
277,3,2,1
278,3,3,2
279,3,2,1
280,2,0,0
281,2,0,0
282,2,0,0
283,2,0,0
284,3,2,1
285,4,2,1
286,4,2,1
287,3,2,1
288,3,2,1
289,3,2,1
290,3,0,0
291,3,0,0
292,3,0,0
293,3,2,1
294,3,0,0
295,2,0,0
296,3,0,0
297,3,0,0
298,2,0,0
299,2,0,0
300,3,0,0
301,3,0,0
302,3,0,0
303,2,0,0
304,2,0,0
305,2,0,0
306,2,0,0
307,2,0,0
308,2,0,0
309,2,2,1
310,2,2,1
311,2,2,1
312,3,2,1
313,2,2,1
314,2,2,1
315,2,2,1
316,2,2,1
317,2,0,0
318,2,0,0
319,2,0,0
320,2,0,0
321,2,0,0
322,2,0,0
323,2,0,0
324,2,0,0
325,2,0,0
326,2,0,0
327,3,0,0
328,3,0,0
329,2,0,0
330,3,0,0
331,2,0,0
332,2,0,0
333,3,0,0
334,2,0,0
335,2,0,0
336,2,0,0
337,2,0,0
338,2,0,0
339,3,0,0
340,3,0,0
341,3,0,0
342,3,0,0
343,3,0,0
344,3,0,0
345,3,3,2
346,3,2,1
347,3,2,1
348,3,0,0
349,4,0,0
350,2,0,0
351,2,0,0
352,2,0,0
353,2,0,0
354,2,0,0
355,2,0,0
356,2,0,0
357,2,0,0
358,2,0,0
359,1,0,0
360,1,0,0
361,2,0,0
362,2,0,0
363,2,0,0
364,2,0,0
365,2,0,0
366,1,0,0
367,2,0,0
368,2,0,0
369,2,0,0
370,2,2,1
371,2,0,0
372,2,2,1
373,2,0,0
374,2,2,1
375,2,0,0
376,3,0,0
377,3,0,0
378,2,0,0
379,2,0,0
380,3,0,0
381,3,0,0
382,4,3,2
383,4,3,2
384,4,3,2
385,4,3,2
386,4,3,3
387,4,3,2
388,4,3,2
389,4,3,2
390,4,3,2
391,4,3,3
392,4,4,4
393,3,3,2
394,4,3,2
395,4,2,1
396,4,0,0
397,4,0,0
398,4,0,0
399,4,0,0
400,4,0,0
401,4,0,0
402,4,0,0
403,4,2,1
404,4,2,1
405,4,2,1
406,4,2,1
407,4,2,1
408,3,2,1
409,3,2,1
410,3,0,0
411,3,0,0
412,3,0,0
413,4,0,0
414,4,0,0
415,4,0,0
416,4,0,0
417,4,0,0
418,3,0,0
419,4,0,0
420,4,2,1
421,4,2,1
422,4,3,2
423,4,3,2
424,4,3,3
425,4,3,3
426,4,3,2
427,4,2,1
428,5,3,3
429,4,3,3
430,4,4,4
431,4,4,4
432,4,4,4
433,4,4,4
434,4,3,3
435,4,4,3
436,4,4,4
437,5,3,2
438,4,3,3
439,5,4,3
440,5,4,4
441,5,4,5
442,5,4,5
443,5,5,5
444,5,5,5
445,5,5,7
446,5,5,7
447,5,5,6
448,5,5,7
449,6,5,6
450,6,5,6
451,6,5,6
452,6,5,7
453,5,5,6
454,5,5,6
455,5,5,5
456,5,5,6
457,5,5,7
458,5,5,7
459,5,5,7
460,5,5,6
461,5,5,7
462,5,5,7
463,5,5,7
464,5,5,7
465,5,5,7
466,5,5,7
467,5,5,7
468,6,5,7
469,6,4,4
470,6,5,6
471,6,5,5
472,6,5,6
473,5,5,6
474,5,5,5
475,5,5,5
476,4,4,5
477,5,5,4
478,5,5,5
479,5,5,7
480,5,5,6
481,5,5,5
482,5,5,6
483,5,5,5
484,5,5,7
485,5,5,7
486,6,5,6
487,6,5,7
488,6,5,7
489,5,5,6
490,5,5,7
491,5,5,6
492,5,5,7
493,6,5,6
494,6,5,7
495,6,5,7
496,5,5,7
497,5,5,7
498,5,5,7
499,6,6,8
500,6,6,7
501,6,6,8
502,6,6,9
503,6,6,8
504,6,6,9
505,5,5,7
506,6,6,7
507,6,6,8
508,6,6,9
509,5,5,7
510,6,5,7
511,5,5,5
512,5,5,6
513,7,7,7
514,6,6,7
515,6,6,7
516,6,6,8
517,6,6,8
518,6,6,9
519,6,6,8
520,6,6,9
521,6,6,9
522,6,6,9
523,6,6,9
524,6,6,8
525,6,6,7
526,7,6,9
527,6,6,9
528,6,6,9
529,6,6,7
530,6,6,9
531,6,6,9
532,6,6,9
533,6,6,9
534,6,6,9
535,6,6,9
536,6,6,9
537,6,6,9
538,6,6,9
539,6,6,9
540,6,6,8
541,6,6,8
542,6,6,8
543,6,6,8
544,6,5,6
545,6,6,9
546,6,6,7
547,6,6,7
548,6,6,8
549,5,5,5
550,5,5,6
551,5,5,5
552,4,4,5
553,5,5,5
554,5,5,7
555,5,5,7
556,5,5,7
557,5,5,7
558,5,5,7
559,5,5,7
560,5,5,5
561,4,4,5
562,4,4,4
563,4,4,3
564,4,4,5
565,4,4,4
566,4,4,5
567,4,4,5
568,5,4,5
569,5,4,4
570,5,4,4
571,5,4,5
572,5,4,5
573,5,4,4
574,5,4,4
575,5,4,5
576,5,4,4
577,5,4,5
578,5,4,5
579,6,4,5
580,6,4,5
581,6,4,5
582,6,3,3
583,6,3,3
584,6,3,2
585,6,3,2
586,6,3,2
587,4,2,1
588,4,2,1
589,5,2,1
590,5,2,1
591,5,2,1
592,5,2,1
593,5,2,1
594,4,2,1
595,5,2,1
596,6,0,0
597,5,0,0
598,5,0,0
599,5,0,0
600,3,0,0
601,4,0,0
602,4,0,0
603,5,0,0
604,5,0,0
605,5,0,0
606,5,0,0
607,4,0,0
608,5,0,0
609,3,0,0
610,3,0,0
611,5,0,0
612,5,2,1
613,5,2,1
614,5,0,0
615,5,2,1
616,5,2,1
617,4,2,1
618,4,2,1
619,4,3,2
620,4,2,1
621,4,2,1
622,4,2,1
623,4,2,1
624,4,2,1
625,4,3,3
626,4,3,2
627,3,3,3
628,3,3,3
629,3,3,3
630,3,3,2
631,2,2,1
632,2,2,1
633,3,2,1
634,3,2,1
635,2,0,0
636,2,0,0
637,1,0,0
638,1,0,0
639,1,0,0
640,1,0,0
641,2,0,0
642,1,0,0
643,2,0,0
644,2,0,0
645,2,0,0
646,2,0,0
647,2,0,0
648,2,0,0
649,2,0,0
650,2,0,0
651,3,0,0
652,3,0,0
653,3,0,0
654,2,0,0
655,2,0,0
656,2,0,0
657,4,0,0
658,3,0,0
659,3,0,0
660,3,0,0
661,4,0,0
662,4,0,0
663,3,0,0
664,2,0,0
665,3,0,0
666,3,0,0
667,3,0,0
668,4,0,0
669,4,0,0
670,3,2,1
671,3,0,0
672,3,0,0
673,3,2,1
674,2,2,1
675,2,0,0
676,2,0,0
677,2,0,0
678,2,0,0
679,2,0,0
680,3,0,0
681,2,0,0
682,2,0,0
683,2,0,0
684,2,0,0
685,2,0,0
686,2,0,0
687,3,0,0
688,2,0,0
689,2,0,0
690,2,2,1
691,2,0,0
692,2,0,0
693,2,0,0
694,2,0,0
695,2,0,0
696,2,0,0
697,2,0,0
698,2,0,0
699,2,0,0
700,2,0,0
701,2,0,0
702,3,0,0
703,3,0,0
704,2,0,0
705,2,0,0
706,2,0,0
707,2,0,0
708,2,0,0
709,2,0,0
710,2,0,0
711,2,0,0
712,2,0,0
713,2,0,0
714,2,0,0
715,2,0,0
716,2,0,0
717,2,2,1
718,3,0,0
719,2,0,0
720,2,0,0
721,2,0,0
722,2,2,1
723,2,2,1
724,1,0,0
725,2,2,1
726,1,0,0
727,1,0,0
728,3,0,0
729,2,0,0
730,2,0,0
731,1,0,0
732,2,0,0
733,2,0,0
734,1,0,0
735,1,0,0
736,1,0,0
737,2,0,0
738,2,0,0
739,1,0,0
740,1,0,0
741,1,0,0
742,1,0,0
743,2,0,0
744,2,0,0
745,2,0,0
746,2,0,0
747,2,0,0
748,2,2,1
749,2,0,0
750,2,0,0
751,2,0,0
752,2,0,0
753,2,0,0
754,2,0,0
755,2,0,0
756,2,0,0
757,2,0,0
758,2,0,0
759,2,0,0
760,3,0,0
761,3,0,0
762,3,0,0
763,3,2,1
764,3,0,0
765,3,0,0
766,3,0,0
767,3,0,0
768,3,0,0
769,3,0,0
770,3,0,0
771,3,0,0
772,3,0,0
773,3,0,0
774,2,0,0
775,2,0,0
776,2,0,0
777,2,0,0
778,2,0,0
779,2,0,0
780,2,0,0
781,2,0,0
782,2,0,0
783,2,0,0
784,2,0,0
785,3,0,0
786,2,0,0
787,3,0,0
788,3,0,0
789,3,0,0
790,4,2,1
791,3,2,1
792,3,3,2
793,3,3,3
794,3,3,2
795,3,3,3
796,3,3,3
797,3,3,2
798,3,3,2
799,3,3,3
800,3,3,3
801,3,3,3
802,3,2,1
803,3,0,0
804,4,0,0
805,3,0,0
806,3,0,0
807,3,0,0
808,3,0,0
809,4,0,0
810,4,2,1
811,4,2,1
812,4,2,1
813,3,2,1
814,3,0,0
815,3,0,0
816,3,0,0
817,3,2,1
818,3,0,0
819,5,0,0
820,4,0,0
821,4,0,0
822,4,0,0
823,4,0,0
824,3,0,0
825,1,0,0
826,1,0,0
827,2,0,0
828,1,0,0
829,2,0,0
830,3,0,0
831,2,0,0
832,2,0,0
833,2,0,0
834,2,0,0
835,2,0,0
836,2,0,0
837,2,0,0
838,2,0,0
839,2,0,0
840,3,0,0
841,3,2,1
842,3,2,1
843,3,2,1
844,3,2,1
845,3,2,1
846,3,3,2
847,3,3,2
848,3,2,1
849,3,2,1
850,3,0,0
851,3,0,0
852,3,0,0
853,3,0,0
854,3,0,0
855,3,0,0
856,3,0,0
857,2,0,0
858,2,0,0
859,2,0,0
860,2,0,0
861,2,0,0
862,1,0,0
863,1,0,0
864,1,0,0
865,1,0,0
866,1,0,0
867,1,0,0
868,1,0,0
869,1,0,0
870,1,0,0
871,1,0,0
872,1,0,0
873,1,0,0
874,0,0,0
875,0,0,0
876,1,0,0
877,0,0,0
878,0,0,0
879,0,0,0
880,0,0,0
881,0,0,0
882,0,0,0
883,0,0,0
884,0,0,0
885,1,0,0
886,1,0,0
887,1,0,0
888,1,0,0
889,1,0,0
890,1,0,0
891,1,0,0
892,1,0,0
893,1,0,0
894,1,0,0
895,1,0,0
896,1,0,0
897,1,0,0
898,1,0,0
899,1,0,0
900,1,0,0
901,1,0,0
902,1,0,0
903,2,0,0
904,3,0,0
905,3,0,0
906,3,0,0
907,3,0,0
908,4,0,0
909,4,2,1
910,3,0,0
911,2,0,0
912,2,0,0
913,2,0,0
914,3,0,0
915,3,0,0
916,3,0,0
917,3,0,0
918,3,2,1
919,2,0,0
920,2,0,0
921,2,0,0
922,2,0,0
923,2,0,0
924,1,0,0
925,1,0,0
926,1,0,0
927,2,0,0
928,2,0,0
929,2,0,0
930,2,0,0
931,2,0,0
932,2,0,0
933,2,0,0
934,2,0,0
935,2,0,0
936,2,2,1
937,2,2,1
938,2,0,0
939,2,0,0
940,2,0,0
941,2,0,0
942,3,0,0
943,2,0,0
944,2,0,0
945,2,0,0
946,2,0,0
947,2,0,0
948,2,0,0
949,3,0,0
950,2,0,0
951,3,0,0
952,2,0,0
953,3,0,0
954,3,0,0
955,2,0,0
956,4,0,0
957,4,0,0
958,3,0,0
959,2,0,0
960,2,0,0
961,2,0,0
962,2,0,0
963,1,0,0
964,1,0,0
965,1,0,0
966,1,0,0
967,1,0,0
968,1,0,0
969,1,0,0
970,2,0,0
971,2,0,0
972,2,0,0
973,2,0,0
974,2,0,0
975,2,0,0
976,3,0,0
977,3,0,0
978,3,0,0
979,3,0,0
980,3,0,0
981,3,0,0
982,3,0,0
983,2,0,0
984,2,0,0
985,2,0,0
986,2,0,0
987,2,0,0
988,2,0,0
989,3,0,0
990,3,0,0
991,3,0,0
992,3,0,0
993,3,0,0
994,3,0,0
995,3,0,0
996,3,0,0
997,4,0,0
998,4,0,0
999,4,2,1
1000,4,0,0
1001,4,0,0
1002,4,0,0
1003,4,2,1
1004,3,2,1
1005,3,2,1
1006,3,2,1
1007,3,2,1
1008,3,2,1
1009,3,2,1
1010,3,2,1
1011,3,3,2
1012,3,3,3
1013,3,2,1
1014,3,3,2
1015,3,3,2
1016,3,3,3
1017,3,3,2
1018,3,3,2
1019,3,3,2
1020,3,3,2
1021,3,3,2
1022,3,2,1
1023,3,3,2
1024,3,3,2
1025,3,3,2
1026,4,3,3
1027,3,3,3
1028,3,3,2
1029,3,3,2
1030,3,3,3
1031,3,3,2
1032,3,3,2
1033,3,3,3
1034,4,3,2
1035,3,0,0
1036,3,2,1
1037,3,0,0
1038,3,0,0
1039,3,0,0
1040,4,0,0
1041,3,2,1
1042,3,2,1
1043,3,0,0
1044,3,0,0
1045,3,0,0
1046,3,0,0
1047,3,0,0
1048,3,0,0
1049,3,2,1
1050,3,2,1
1051,3,2,1
1052,3,2,1
1053,3,2,1
1054,3,2,1
1055,3,0,0
1056,2,0,0
1057,2,0,0
1058,2,0,0
1059,2,0,0
1060,3,2,1
1061,5,2,1
1062,4,2,1
1063,4,2,1
1064,4,2,1
1065,4,2,1
1066,4,0,0
1067,4,0,0
1068,4,2,1
1069,4,0,0
1070,4,0,0
1071,4,0,0
1072,4,2,1
1073,4,0,0
1074,4,0,0
1075,4,0,0
1076,4,0,0
1077,4,0,0
1078,4,2,1
1079,4,0,0
1080,4,0,0
1081,5,3,2
1082,5,2,1
1083,5,3,2
1084,4,3,2
1085,4,3,2
1086,5,3,3
1087,5,3,3
1088,5,3,3
1089,5,3,2
1090,5,3,3
1091,5,3,3
1092,5,3,3
1093,5,3,3
1094,6,4,4
1095,6,5,6
1096,6,5,7
1097,6,5,7
1098,6,5,5
1099,6,5,6
1100,5,5,6
1101,5,5,6
1102,5,5,6
1103,4,4,3
1104,5,5,5
1105,4,4,4
1106,4,4,4
1107,5,4,5
1108,5,4,4
1109,4,4,4
1110,4,4,5
1111,4,4,5
1112,4,4,5
1113,4,4,5
1114,4,4,5
1115,4,4,5
1116,4,4,5
1117,4,4,5
1118,4,4,5
1119,4,4,4
1120,4,4,5
1121,4,4,5
1122,4,4,5
1123,4,4,5
1124,4,4,4
1125,4,4,5
1126,4,4,5
1127,4,4,3
1128,4,4,4
1129,4,4,4
1130,4,4,4
1131,4,4,4
1132,3,3,3
1133,4,4,4
1134,4,4,4
1135,4,4,5
1136,4,4,5
1137,4,4,5
1138,4,4,5
1139,4,4,5
1140,4,4,4
1141,4,4,5
1142,5,4,4
1143,5,4,4
1144,5,3,3
1145,4,3,3
1146,4,3,2
1147,4,3,2
1148,4,3,3
1149,4,3,2
1150,4,2,1
1151,4,2,1
1152,4,0,0
1153,4,0,0
1154,3,0,0
1155,3,0,0
1156,3,0,0
1157,3,0,0
1158,3,3,2
1159,3,3,2
1160,3,3,3
1161,3,3,2
1162,3,2,1
1163,3,3,2
1164,3,2,1
1165,3,3,2
1166,3,3,2
1167,3,3,2
1168,3,3,2
1169,3,3,2
1170,3,3,2
1171,3,3,3
1172,5,3,3
1173,5,3,3
1174,5,4,3
1175,5,3,3
1176,5,4,3
1177,5,3,3
1178,5,3,3
1179,5,3,3
1180,5,4,4
1181,5,4,5
1182,5,4,4
1183,5,3,3
1184,5,4,4
1185,5,4,3
1186,5,4,5
1187,5,4,4
1188,5,4,3
1189,5,4,4
1190,5,4,4
1191,5,4,3
1192,5,4,3
1193,6,4,4
1194,5,4,5
1195,5,4,4
1196,5,4,5
1197,5,4,5
1198,5,4,5
1199,5,4,5
1200,6,4,4
1201,6,4,4
1202,6,4,5
1203,6,4,5
1204,6,4,5
1205,6,4,4
1206,6,5,7
1207,6,6,8
1208,6,6,10
1209,6,6,6
1210,6,5,6
1211,5,5,7
1212,5,5,6
1213,6,5,7
1214,7,5,6
1215,6,5,6
1216,6,5,5
1217,5,3,2
1218,6,5,6
1219,5,4,4
1220,6,4,4
1221,6,4,4
1222,5,4,5
1223,5,4,5
1224,5,4,5
1225,5,4,5
1226,5,4,3
1227,5,4,4
1228,6,4,5
1229,5,4,4
1230,6,4,3
1231,6,4,5
1232,6,4,4
1233,6,6,6
1234,5,4,4
1235,6,4,3
1236,6,4,4
1237,6,3,3
1238,6,4,3
1239,5,4,4
1240,5,4,4
1241,5,4,4
1242,6,4,5
1243,4,4,4
1244,5,4,4
1245,6,4,5
1246,6,4,4
1247,5,4,5
1248,5,4,4
1249,5,4,4
1250,5,5,5
1251,5,4,4
1252,4,2,1
1253,4,3,2
1254,4,3,3
1255,5,4,3
1256,5,4,4
1257,4,4,4
1258,5,4,4
1259,5,4,5
1260,5,4,4
1261,5,4,4
1262,5,4,5
1263,5,4,5
1264,5,4,5
1265,5,4,4
1266,5,4,5
1267,5,3,2
1268,5,4,5
1269,5,4,5
1270,5,4,5
1271,5,4,5
1272,5,4,4
1273,5,4,5
1274,4,4,4
1275,4,4,4
1276,4,4,4
1277,5,5,4
1278,5,4,4
1279,5,4,4
1280,5,4,5
1281,5,4,4
1282,5,4,5
1283,3,3,2
1284,4,4,5
1285,4,4,4
1286,4,4,5
1287,4,4,5
1288,4,4,4
1289,4,4,5
1290,4,4,5
1291,4,4,4
1292,4,4,4
1293,4,4,5
1294,4,4,4
1295,4,4,4
1296,4,4,5
1297,4,4,5
1298,4,4,5
1299,4,4,4
1300,4,4,4
1301,4,4,5
1302,4,4,5
1303,4,4,4
1304,4,4,5
1305,4,4,5
1306,4,4,5
1307,4,4,5
1308,4,4,5
1309,4,4,4
1310,4,4,5
1311,4,4,4
1312,5,4,3
1313,5,4,5
1314,5,4,5
1315,4,3,3
1316,5,4,4
1317,5,4,4
1318,5,4,4
1319,5,4,5
1320,4,4,5
1321,4,4,5
1322,4,4,4
1323,4,4,4
1324,4,4,5
1325,4,4,3
1326,4,4,4
1327,4,4,5
1328,4,4,5
1329,4,4,5
1330,4,4,5
1331,4,4,5
1332,4,4,4
1333,4,4,5
1334,4,4,4
1335,4,4,4
1336,4,3,3
1337,4,3,3
1338,4,4,4
1339,4,4,3
1340,4,4,3
1341,4,4,5
1342,4,4,3
1343,4,4,5
1344,4,4,4
1345,3,3,2
1346,4,4,5
1347,4,4,4
1348,4,4,5
1349,4,4,4
1350,4,4,5
1351,4,4,4
1352,4,4,4
1353,4,4,4
1354,4,4,5
1355,4,4,5
1356,4,4,5
1357,4,4,4
1358,4,4,4
1359,4,4,4
1360,4,4,5
1361,4,4,4
1362,4,3,2
1363,4,3,3
1364,4,3,3
1365,4,3,3
1366,3,3,3
1367,3,3,3
1368,3,3,2
1369,2,2,1
1370,3,0,0
1371,4,0,0
1372,3,2,1
1373,3,0,0
1374,3,0,0
1375,3,0,0
1376,4,0,0
1377,3,0,0
1378,4,0,0
1379,3,0,0
1380,3,0,0
1381,3,0,0
1382,2,0,0
1383,2,0,0
1384,2,0,0
1385,2,0,0
1386,2,0,0
1387,2,0,0
1388,1,0,0
1389,1,0,0
1390,1,0,0
1391,2,0,0
1392,2,0,0
1393,4,0,0
1394,4,0,0
1395,4,0,0
1396,4,2,1
1397,3,0,0
1398,2,0,0
1399,2,0,0
1400,2,0,0
1401,3,0,0
1402,4,0,0
1403,4,0,0
1404,5,2,1
1405,4,2,1
1406,4,0,0
1407,4,0,0
1408,3,0,0
1409,2,0,0
1410,3,0,0
1411,2,0,0
1412,3,0,0
1413,2,0,0
1414,3,0,0
1415,3,0,0
1416,4,2,1
1417,4,0,0
1418,4,0,0
1419,4,0,0
1420,4,2,1
1421,4,0,0
1422,3,2,1
1423,4,0,0
1424,3,0,0
1425,3,0,0
1426,3,0,0
1427,3,2,1
1428,3,2,1
1429,3,0,0
1430,3,0,0
1431,3,0,0
1432,1,0,0
1433,1,0,0
1434,1,0,0
1435,1,0,0
1436,1,0,0
1437,1,0,0
1438,1,0,0
1439,2,0,0
1440,1,0,0
1441,1,0,0
1442,2,0,0
1443,2,0,0
1444,1,0,0
1445,1,0,0
1446,1,0,0
1447,1,0,0
1448,2,2,1
1449,2,0,0
1450,2,0,0
1451,2,0,0
1452,2,0,0
1453,2,0,0
1454,2,0,0
1455,2,0,0
1456,2,0,0
1457,2,0,0
1458,2,0,0
1459,2,0,0
1460,2,0,0
1461,2,0,0
1462,2,0,0
1463,2,0,0
1464,2,0,0
1465,2,0,0
1466,2,0,0
1467,3,0,0
1468,2,0,0
1469,2,0,0
1470,3,0,0
1471,2,0,0
1472,2,0,0
1473,3,0,0
1474,2,0,0
1475,3,0,0
1476,1,0,0
1477,1,0,0
1478,3,0,0
1479,2,0,0
1480,3,0,0
1481,3,0,0
1482,4,2,1
1483,3,0,0
1484,3,0,0
1485,3,2,1
1486,4,0,0
1487,4,0,0
1488,4,0,0
1489,3,0,0
1490,4,2,1
1491,4,0,0
1492,3,0,0
1493,3,0,0
1494,3,0,0
1495,3,0,0
1496,3,2,1
1497,3,0,0
1498,2,0,0
1499,2,0,0
1500,2,0,0
1501,2,0,0
1502,3,0,0
1503,2,0,0
1504,2,0,0
1505,2,0,0
1506,2,0,0
1507,2,0,0
1508,2,0,0
1509,1,0,0
1510,1,0,0
1511,1,0,0
1512,1,0,0
1513,1,0,0
1514,3,0,0
1515,2,0,0
1516,2,0,0
1517,2,0,0
1518,2,0,0
1519,2,0,0
1520,2,0,0
1521,1,0,0
1522,1,0,0
1523,1,0,0
1524,2,0,0
1525,2,0,0
1526,2,0,0
1527,2,0,0
1528,2,0,0
1529,2,0,0
1530,2,0,0
1531,2,0,0
1532,2,0,0
1533,1,0,0
1534,1,0,0
1535,1,0,0
1536,2,0,0
1537,2,0,0
1538,2,0,0
1539,2,0,0
1540,2,0,0
1541,2,0,0
1542,2,0,0
1543,2,0,0
1544,2,0,0
1545,1,0,0
1546,1,0,0
1547,2,0,0
1548,2,0,0
1549,1,0,0
1550,2,0,0
1551,2,0,0
1552,2,0,0
1553,1,0,0
1554,2,0,0
1555,2,0,0
1556,2,0,0
1557,2,0,0
1558,1,0,0
1559,1,0,0
1560,1,0,0
1561,1,0,0
1562,1,0,0
1563,1,0,0
1564,1,0,0
1565,1,0,0
1566,1,0,0
1567,1,0,0
1568,1,0,0
1569,2,0,0
1570,3,0,0
1571,1,0,0
1572,1,0,0
1573,2,0,0
1574,1,0,0
1575,1,0,0
1576,1,0,0
1577,1,0,0
1578,2,0,0
1579,1,0,0
1580,2,0,0
1581,2,0,0
1582,2,0,0
1583,2,0,0
1584,2,0,0
1585,1,0,0
1586,1,0,0
1587,1,0,0
1588,1,0,0
1589,1,0,0
1590,1,0,0
1591,1,0,0
1592,1,0,0
1593,2,0,0
1594,3,0,0
1595,3,0,0
1596,4,2,1
1597,2,0,0
1598,2,0,0
1599,2,0,0
1600,2,0,0
1601,2,0,0
1602,2,0,0
1603,3,0,0
1604,2,0,0
1605,2,2,1
1606,2,0,0
1607,3,0,0
1608,3,0,0
1609,3,0,0
1610,3,0,0
1611,4,0,0
1612,4,2,1
1613,4,0,0
1614,4,2,1
1615,4,2,1
1616,4,2,1
1617,4,0,0
1618,3,0,0
1619,4,2,1
1620,4,0,0
1621,4,0,0
1622,4,0,0
1623,3,0,0
1624,3,0,0
1625,3,0,0
1626,3,2,1
1627,3,0,0
1628,3,0,0
1629,3,0,0
1630,3,0,0
1631,3,0,0
1632,3,0,0
1633,3,0,0
1634,3,0,0
1635,3,0,0
1636,3,2,1
1637,3,2,1
1638,3,0,0
1639,3,0,0
1640,4,0,0
1641,4,0,0
1642,4,0,0
1643,5,2,1
1644,4,3,2
1645,4,3,3
1646,4,3,3
1647,4,3,3
1648,4,3,2
1649,3,3,2
1650,3,3,3
1651,3,3,2
1652,3,3,3
1653,3,3,2
1654,3,3,2
1655,3,3,2
1656,3,3,3
1657,3,3,3
1658,3,3,2
1659,3,3,2
1660,3,3,2
1661,3,3,2
1662,3,3,2
1663,3,2,1
1664,3,2,1
1665,3,2,1
1666,3,2,1
1667,3,2,1
1668,3,2,1
1669,3,2,1
1670,3,2,1
1671,3,2,1
1672,3,2,1
1673,3,2,1
1674,4,3,2
1675,4,2,1
1676,4,2,1
1677,4,2,1
1678,4,2,1
1679,4,0,0
1680,4,0,0
1681,4,0,0
1682,4,0,0
1683,4,0,0
1684,4,3,2
1685,4,2,1
1686,4,3,2
1687,4,0,0
1688,4,0,0
1689,3,0,0
1690,3,3,2
1691,3,3,3
1692,3,3,2
1693,3,2,1
1694,4,0,0
1695,3,0,0
1696,2,0,0
1697,2,0,0
1698,2,0,0
1699,2,0,0
1700,2,0,0
1701,1,0,0
1702,1,0,0
1703,1,0,0
1704,1,0,0
1705,1,0,0
1706,1,0,0
1707,1,0,0
1708,1,0,0
1709,1,0,0
1710,2,0,0
1711,2,0,0
1712,2,0,0
1713,1,0,0
1714,1,0,0
1715,1,0,0
1716,2,0,0
1717,2,0,0
1718,1,0,0
1719,2,0,0
1720,2,0,0
1721,3,0,0
1722,3,2,1
1723,1,0,0
1724,2,0,0
1725,2,0,0
1726,2,0,0
1727,2,0,0
1728,1,0,0
1729,1,0,0
1730,1,0,0
1731,1,0,0
1732,1,0,0
1733,1,0,0
1734,3,0,0
1735,3,0,0
1736,3,2,1
1737,3,2,1
1738,3,2,1
1739,3,2,1
1740,3,2,1
1741,3,0,0
1742,3,0,0
1743,3,0,0
1744,3,0,0
1745,3,0,0
1746,3,0,0
1747,3,2,1
1748,3,3,2
1749,3,2,1
1750,3,3,3
1751,3,3,2
1752,3,3,3
1753,3,2,1
1754,4,3,3
1755,4,4,4
1756,4,4,4
1757,4,4,5
1758,5,4,4
1759,4,4,4
1760,4,4,3
1761,4,4,4
1762,4,4,4
1763,4,4,4
1764,4,4,5
1765,4,4,4
1766,4,4,5
1767,4,4,4
1768,4,4,4
1769,4,4,5
1770,4,4,5
1771,4,4,4
1772,4,4,5
1773,4,4,5
1774,4,4,4
1775,4,4,5
1776,3,3,3
1777,4,4,3
1778,4,4,5
1779,4,4,3
1780,4,4,4
1781,5,4,5
1782,4,4,4
1783,4,3,2
1784,4,4,3
1785,4,4,4
1786,4,4,3
1787,4,4,4
1788,3,3,2
1789,3,3,3
1790,4,4,4
1791,5,3,2
1792,5,3,3
1793,5,2,1
1794,4,2,1
1795,4,0,0
1796,4,0,0
1797,4,0,0
1798,4,0,0
1799,4,0,0
1800,4,0,0
1801,3,0,0
1802,3,2,1
1803,3,2,1
1804,3,2,1
1805,3,2,1
1806,3,3,2
1807,3,0,0
1808,3,0,0
1809,2,0,0
1810,1,0,0
1811,1,0,0
1812,1,0,0
1813,1,0,0
1814,1,0,0
1815,1,0,0
1816,2,0,0
1817,1,0,0
1818,1,0,0
1819,2,0,0
1820,3,0,0
1821,2,0,0
1822,2,0,0
1823,2,0,0
1824,2,2,1
1825,2,0,0
1826,2,0,0
1827,1,0,0
1828,1,0,0
1829,1,0,0
1830,1,0,0
1831,1,0,0
1832,2,0,0
1833,1,0,0
1834,2,0,0
1835,1,0,0
1836,1,0,0
1837,3,0,0
1838,3,0,0
1839,3,0,0
1840,2,0,0
1841,3,0,0
1842,2,0,0
1843,2,0,0
1844,2,0,0
1845,2,0,0
1846,2,0,0
1847,2,0,0
1848,2,0,0
1849,2,0,0
1850,2,0,0
1851,2,0,0
1852,2,0,0
1853,2,0,0
1854,2,0,0
1855,3,0,0
1856,2,0,0
1857,3,0,0
1858,3,0,0
1859,3,0,0
1860,3,0,0
1861,2,0,0
1862,2,0,0
1863,2,0,0
1864,2,0,0
1865,2,0,0
1866,2,0,0
1867,2,0,0
1868,2,0,0
1869,2,0,0
1870,3,0,0
1871,1,0,0
1872,1,0,0
1873,2,0,0
1874,2,0,0
1875,2,0,0
1876,2,0,0
1877,2,0,0
1878,2,0,0
1879,2,0,0
1880,2,0,0
1881,2,0,0
1882,2,0,0
1883,2,0,0
1884,3,0,0
1885,2,0,0
1886,2,0,0
1887,2,0,0
1888,1,0,0
1889,2,0,0
1890,2,0,0
1891,2,0,0
1892,1,0,0
1893,1,0,0
1894,3,0,0
1895,2,0,0
1896,2,0,0
1897,3,0,0
1898,3,0,0
1899,3,0,0
1900,3,0,0
1901,3,0,0
1902,3,0,0
1903,3,0,0
1904,3,2,1
1905,3,0,0
1906,3,0,0
1907,3,0,0
1908,3,0,0
1909,3,0,0
1910,3,0,0
1911,3,0,0
1912,3,0,0
1913,3,0,0
1914,4,0,0
1915,3,0,0
1916,3,0,0
1917,2,0,0
1918,3,0,0
1919,2,0,0
1920,2,0,0
1921,2,0,0
1922,0,0,0
1923,0,0,0
1924,0,0,0
1925,0,0,0
1926,0,0,0
1927,0,0,0
1928,0,0,0
1929,0,0,0
1930,1,0,0
1931,1,0,0
1932,1,0,0
1933,1,0,0
1934,1,0,0
1935,1,0,0
1936,2,0,0
1937,2,0,0
1938,2,0,0
1939,2,0,0
1940,2,0,0
1941,2,0,0
1942,2,0,0
1943,2,0,0
1944,2,0,0
1945,3,0,0
1946,2,0,0
1947,3,0,0
1948,3,0,0
1949,3,0,0
1950,3,0,0
1951,3,0,0
1952,2,0,0
1953,3,0,0
1954,2,0,0
1955,2,0,0
1956,2,2,1
1957,2,0,0
1958,3,0,0
1959,3,0,0
1960,3,0,0
1961,2,2,1
1962,2,2,1
1963,2,2,1
1964,2,0,0
1965,2,0,0
1966,3,0,0
1967,1,0,0
1968,1,0,0
1969,2,0,0
1970,1,0,0
1971,0,0,0
1972,1,0,0
1973,0,0,0
1974,1,0,0
1975,1,0,0
1976,1,0,0
1977,1,0,0
1978,1,0,0
1979,2,0,0
1980,2,0,0
1981,1,0,0
1982,2,0,0
1983,2,0,0
1984,2,0,0
1985,1,0,0
1986,1,0,0
1987,1,0,0
1988,2,0,0
1989,2,0,0
1990,2,0,0
1991,2,2,1
1992,2,0,0
1993,2,0,0
1994,2,0,0
1995,2,0,0
1996,3,0,0
1997,2,0,0
1998,2,0,0
1999,2,0,0
