0,0,0,0
1,1,0,0
2,1,0,0
3,1,0,0
4,0,0,0
5,2,0,0
6,2,0,0
7,2,0,0
8,2,2,1
9,3,0,0
10,3,0,0
11,2,0,0
12,2,0,0
13,2,0,0
14,2,0,0
15,3,0,0
16,3,2,1
17,3,0,0
18,3,0,0
19,3,0,0
20,3,0,0
21,3,0,0
22,4,0,0
23,4,0,0
24,4,0,0
25,4,0,0
26,3,0,0
27,3,2,1
28,3,0,0
29,3,0,0
30,2,0,0
31,2,0,0
32,2,0,0
33,2,0,0
34,2,0,0
35,2,0,0
36,3,0,0
37,2,0,0
38,2,0,0
39,2,0,0
40,2,0,0
41,2,0,0
42,2,0,0
43,2,0,0
44,2,0,0
45,2,0,0
46,2,0,0
47,2,0,0
48,2,0,0
49,2,0,0
50,1,0,0
51,2,0,0
52,2,0,0
53,1,0,0
54,1,0,0
55,1,0,0
56,1,0,0
57,2,0,0
58,2,0,0
59,1,0,0
60,1,0,0
61,1,0,0
62,1,0,0
63,1,0,0
64,1,0,0
65,1,0,0
66,2,0,0
67,2,0,0
68,2,0,0
69,2,0,0
70,2,0,0
71,2,0,0
72,2,0,0
73,2,0,0
74,2,0,0
75,4,0,0
76,2,0,0
77,3,2,1
78,3,0,0
79,3,0,0
80,2,0,0
81,3,0,0
82,4,0,0
83,3,0,0
84,3,2,1
85,3,0,0
86,3,0,0
87,3,0,0
88,3,0,0
89,3,0,0
90,3,0,0
91,3,0,0
92,3,0,0
93,3,0,0
94,3,0,0
95,3,0,0
96,3,2,1
97,3,0,0
98,3,0,0
99,3,0,0
100,3,0,0
101,3,0,0
102,3,0,0
103,2,0,0
104,3,0,0
105,3,0,0
106,4,0,0
107,4,0,0
108,3,0,0
109,3,0,0
110,3,0,0
111,3,0,0
112,3,0,0
113,3,0,0
114,3,0,0
115,3,2,1
116,2,0,0
117,3,2,1
118,2,0,0
119,2,0,0
120,2,2,1
121,3,2,1
122,3,0,0
123,2,0,0
124,2,0,0
125,3,0,0
126,3,0,0
127,3,2,1
128,3,2,1
129,4,0,0
130,3,2,1
131,3,0,0
132,3,0,0
133,4,0,0
134,3,0,0
135,4,0,0
136,4,0,0
137,4,0,0
138,4,0,0
139,4,0,0
140,4,0,0
141,3,0,0
142,3,0,0
143,3,0,0
144,3,0,0
145,3,0,0
146,4,0,0
147,3,0,0
148,2,0,0
149,1,0,0
150,1,0,0
151,2,0,0
152,1,0,0
153,1,0,0
154,1,0,0
155,1,0,0
156,1,0,0
157,1,0,0
158,1,0,0
159,2,0,0
160,1,0,0
161,1,0,0
162,1,0,0
163,1,0,0
164,1,0,0
165,1,0,0
166,1,0,0
167,1,0,0
168,1,0,0
169,1,0,0
170,1,0,0
171,2,0,0
172,2,0,0
173,2,0,0
174,2,0,0
175,2,0,0
176,2,0,0
177,2,0,0
178,2,0,0
179,2,0,0
180,2,2,1
181,2,0,0
182,2,0,0
183,2,0,0
184,2,0,0
185,2,0,0
186,2,0,0
187,3,0,0
188,3,0,0
189,2,0,0
190,2,0,0
191,2,0,0
192,2,0,0
193,2,0,0
194,2,0,0
195,2,0,0
196,2,0,0
197,2,0,0
198,2,0,0
199,2,0,0
200,2,0,0
201,2,0,0
202,2,0,0
203,2,0,0
204,2,0,0
205,3,0,0
206,2,2,1
207,2,0,0
208,2,0,0
209,2,0,0
210,2,0,0
211,2,0,0
212,2,0,0
213,2,0,0
214,2,0,0
215,2,2,1
216,2,0,0
217,2,0,0
218,2,0,0
219,2,2,1
220,2,2,1
221,2,2,1
222,2,2,1
223,2,2,1
224,2,0,0
225,2,0,0
226,2,0,0
227,1,0,0
228,2,0,0
229,3,0,0
230,2,0,0
231,2,0,0
232,2,0,0
233,2,0,0
234,2,0,0
235,2,0,0
236,2,0,0
237,2,0,0
238,2,0,0
239,2,0,0
240,2,0,0
241,2,0,0
242,2,0,0
243,2,0,0
244,2,0,0
245,2,2,1
246,2,0,0
247,2,0,0
248,2,0,0
249,2,0,0
250,2,0,0
251,3,0,0
252,2,0,0
253,2,0,0
254,2,0,0
255,2,0,0
256,2,0,0
257,2,0,0
258,2,0,0
259,2,0,0
260,2,0,0
261,3,2,1
262,3,0,0
263,2,2,1
264,2,0,0
265,2,0,0
266,2,0,0
267,2,0,0
268,2,0,0
269,2,0,0
270,2,2,1
271,2,0,0
272,2,0,0
273,2,0,0
274,2,0,0
275,2,0,0
276,2,0,0
277,2,0,0
278,2,0,0
279,1,0,0
280,1,0,0
281,1,0,0
282,1,0,0
283,2,0,0
284,1,0,0
285,1,0,0
286,1,0,0
287,1,0,0
288,1,0,0
289,1,0,0
290,2,0,0
291,2,0,0
292,2,0,0
293,1,0,0
294,1,0,0
295,1,0,0
296,1,0,0
297,1,0,0
298,1,0,0
299,2,0,0
300,1,0,0
301,1,0,0
302,1,0,0
303,1,0,0
304,1,0,0
305,1,0,0
306,1,0,0
307,1,0,0
308,1,0,0
309,2,0,0
310,3,0,0
311,3,0,0
312,3,0,0
313,3,0,0
314,3,0,0
315,3,0,0
316,2,0,0
317,2,0,0
318,3,0,0
319,3,0,0
320,3,0,0
321,3,0,0
322,1,0,0
323,1,0,0
324,3,0,0
325,2,0,0
326,3,2,1
327,2,0,0
328,1,0,0
329,2,0,0
330,2,0,0
331,2,0,0
332,2,0,0
333,2,0,0
334,2,0,0
335,2,0,0
336,2,0,0
337,1,0,0
338,2,0,0
339,2,0,0
340,1,0,0
341,0,0,0
342,1,0,0
343,0,0,0
344,2,0,0
345,2,0,0
346,2,0,0
347,2,0,0
348,2,0,0
349,2,0,0
350,2,0,0
351,2,0,0
352,3,0,0
353,3,0,0
354,3,0,0
355,3,0,0
356,2,0,0
357,2,0,0
358,2,0,0
359,2,0,0
360,2,0,0
361,2,0,0
362,2,0,0
363,2,0,0
364,2,0,0
365,2,0,0
366,2,0,0
367,3,0,0
368,3,0,0
369,2,0,0
370,3,0,0
371,4,0,0
372,4,0,0
373,4,0,0
374,3,0,0
375,3,0,0
376,3,2,1
377,3,2,1
378,3,2,1
379,3,0,0
380,2,0,0
381,3,0,0
382,2,0,0
383,3,0,0
384,3,0,0
385,4,2,1
386,4,3,2
387,4,3,2
388,3,3,2
389,4,3,3
390,4,3,2
391,4,3,3
392,3,3,3
393,3,3,2
394,3,3,3
395,3,3,2
396,3,3,2
397,3,3,2
398,3,3,2
399,3,3,2
400,3,3,3
401,3,3,2
402,3,3,2
403,3,2,1
404,3,2,1
405,4,2,1
406,2,2,1
407,2,2,1
408,2,2,1
409,2,0,0
410,2,0,0
411,2,0,0
412,2,0,0
413,2,0,0
414,2,0,0
415,2,0,0
416,2,0,0
417,2,0,0
418,2,0,0
419,2,2,1
420,2,2,1
421,2,2,1
422,2,0,0
423,2,0,0
424,2,0,0
425,2,0,0
426,2,0,0
427,2,0,0
428,3,0,0
429,3,0,0
430,3,0,0
431,3,0,0
432,3,0,0
433,3,0,0
434,3,0,0
435,3,0,0
436,3,0,0
437,3,0,0
438,3,0,0
439,3,0,0
440,3,0,0
441,3,0,0
442,2,0,0
443,2,0,0
444,3,0,0
445,3,0,0
446,3,0,0
447,3,0,0
448,3,0,0
449,2,0,0
450,2,0,0
451,2,0,0
452,4,0,0
453,3,0,0
454,4,0,0
455,4,0,0
456,4,0,0
457,4,0,0
458,3,2,1
459,3,0,0
460,3,0,0
461,2,0,0
462,2,0,0
463,2,0,0
464,3,0,0
465,2,0,0
466,3,0,0
467,2,0,0
468,2,0,0
469,2,0,0
470,2,0,0
471,2,0,0
472,3,0,0
473,3,0,0
474,3,0,0
475,3,0,0
476,3,0,0
477,2,0,0
478,2,0,0
479,1,0,0
480,1,0,0
481,2,0,0
482,2,0,0
483,2,0,0
484,2,2,1
485,2,0,0
486,2,0,0
487,2,0,0
488,2,0,0
489,2,0,0
490,2,0,0
491,2,0,0
492,2,2,1
493,2,0,0
494,2,0,0
495,2,0,0
496,2,2,1
497,2,0,0
498,2,0,0
499,2,0,0
500,2,0,0
501,2,0,0
502,2,0,0
503,2,0,0
504,2,0,0
505,2,0,0
506,2,0,0
507,2,0,0
508,2,0,0
509,2,0,0
510,2,0,0
511,2,0,0
512,2,0,0
513,1,0,0
514,2,0,0
515,2,0,0
516,2,0,0
517,2,0,0
518,2,0,0
519,2,0,0
520,2,0,0
521,2,0,0
522,2,0,0
523,2,0,0
524,2,0,0
525,2,0,0
526,3,0,0
527,2,0,0
528,2,0,0
529,3,0,0
530,3,0,0
531,1,0,0
532,1,0,0
533,1,0,0
534,1,0,0
535,2,0,0
536,1,0,0
537,2,0,0
538,2,0,0
539,2,0,0
540,2,0,0
541,2,0,0
542,2,0,0
543,2,0,0
544,1,0,0
545,1,0,0
546,2,0,0
547,2,2,1
548,2,0,0
549,2,0,0
550,4,0,0
551,3,0,0
552,4,2,1
553,4,2,1
554,4,0,0
555,4,2,1
556,3,0,0
557,4,0,0
558,4,2,1
559,4,0,0
560,4,0,0
561,3,0,0
562,4,0,0
563,4,0,0
564,4,2,1
565,5,2,1
566,5,2,1
567,4,2,1
568,4,2,1
569,3,2,1
570,4,2,1
571,4,2,1
572,5,2,1
573,4,2,1
574,4,0,0
575,3,0,0
576,3,0,0
577,3,0,0
578,3,0,0
579,3,0,0
580,3,0,0
581,3,0,0
582,3,0,0
583,3,0,0
584,3,0,0
585,2,0,0
586,4,0,0
587,4,0,0
588,4,2,1
589,3,0,0
590,3,0,0
591,4,3,2
592,4,0,0
593,4,0,0
594,4,0,0
595,3,0,0
596,3,0,0
597,3,0,0
598,3,0,0
599,3,0,0
600,3,0,0
601,3,2,1
602,3,0,0
603,3,0,0
604,2,0,0
605,3,0,0
606,2,0,0
607,3,0,0
608,3,2,1
609,4,2,1
610,4,0,0
611,3,0,0
612,3,0,0
613,3,2,1
614,3,0,0
615,3,0,0
616,3,0,0
617,3,0,0
618,3,0,0
619,2,0,0
620,2,0,0
621,2,0,0
622,2,0,0
623,2,0,0
624,2,0,0
625,2,0,0
626,2,0,0
627,3,0,0
628,2,0,0
629,2,0,0
630,3,0,0
631,3,0,0
632,3,0,0
633,3,0,0
634,3,0,0
635,3,0,0
636,3,0,0
637,2,0,0
638,3,2,1
639,3,0,0
640,2,0,0
641,2,0,0
642,2,0,0
643,2,0,0
644,2,0,0
645,2,0,0
646,2,0,0
647,2,0,0
648,2,0,0
649,2,0,0
650,2,0,0
651,2,0,0
652,2,0,0
653,2,0,0
654,3,0,0
655,3,3,2
656,3,0,0
657,3,0,0
658,3,0,0
659,3,0,0
660,4,0,0
661,3,0,0
662,3,0,0
663,3,0,0
664,3,2,1
665,3,2,1
666,3,0,0
667,3,0,0
668,3,0,0
669,3,0,0
670,3,0,0
671,3,0,0
672,3,0,0
673,3,0,0
674,3,0,0
675,3,0,0
676,4,2,1
677,4,0,0
678,3,2,1
679,3,3,2
680,2,2,1
681,3,3,3
682,2,0,0
683,3,3,2
684,3,2,1
685,3,2,1
686,3,3,3
687,3,2,1
688,3,3,3
689,3,3,2
690,3,3,3
691,2,2,1
692,3,0,0
693,3,0,0
694,3,0,0
695,2,0,0
696,2,0,0
697,2,0,0
698,2,0,0
699,2,0,0
700,2,0,0
701,3,0,0
702,2,0,0
703,3,0,0
704,2,0,0
705,1,0,0
706,1,0,0
707,1,0,0
708,1,0,0
709,1,0,0
710,1,0,0
711,1,0,0
712,2,0,0
713,2,0,0
714,2,0,0
715,2,0,0
716,2,0,0
717,1,0,0
718,2,0,0
719,2,0,0
720,2,0,0
721,2,0,0
722,2,0,0
723,1,0,0
724,1,0,0
725,3,0,0
726,2,0,0
727,2,0,0
728,2,0,0
729,3,2,1
730,3,0,0
731,2,0,0
732,2,0,0
733,2,0,0
734,3,0,0
735,2,0,0
736,2,0,0
737,2,0,0
738,3,0,0
739,3,0,0
740,2,0,0
741,2,0,0
742,3,0,0
743,3,0,0
744,3,0,0
745,2,0,0
746,2,0,0
747,2,0,0
748,2,0,0
749,2,0,0
750,2,0,0
751,2,0,0
752,2,0,0
753,2,0,0
754,3,0,0
755,2,0,0
756,2,2,1
757,2,2,1
758,2,0,0
759,3,0,0
760,2,0,0
761,3,0,0
762,3,0,0
763,3,0,0
764,4,2,1
765,3,2,1
766,3,2,1
767,2,2,1
768,3,0,0
769,3,0,0
770,3,0,0
771,1,0,0
772,1,0,0
773,1,0,0
774,1,0,0
775,1,0,0
776,2,0,0
777,2,0,0
778,2,0,0
779,2,0,0
780,2,0,0
781,2,0,0
782,2,0,0
783,2,0,0
784,2,0,0
785,2,0,0
786,3,2,1
787,3,0,0
788,2,0,0
789,2,0,0
790,2,0,0
791,2,0,0
792,2,0,0
793,2,0,0
794,2,0,0
795,2,0,0
796,1,0,0
797,3,0,0
798,3,0,0
799,3,0,0
800,3,0,0
801,2,0,0
802,2,0,0
803,1,0,0
804,1,0,0
805,1,0,0
806,1,0,0
807,3,0,0
808,2,0,0
809,1,0,0
810,1,0,0
811,2,0,0
812,2,0,0
813,2,0,0
814,1,0,0
815,1,0,0
816,1,0,0
817,1,0,0
818,2,0,0
819,2,0,0
820,2,0,0
821,2,0,0
822,2,0,0
823,2,2,1
824,2,0,0
825,2,0,0
826,2,0,0
827,2,0,0
828,2,0,0
829,2,0,0
830,2,0,0
831,2,0,0
832,2,0,0
833,2,0,0
834,3,0,0
835,3,2,1
836,3,2,1
837,3,0,0
838,2,0,0
839,3,0,0
840,3,0,0
841,3,0,0
842,3,0,0
843,3,0,0
844,3,0,0
845,3,0,0
846,3,0,0
847,3,0,0
848,3,0,0
849,3,0,0
850,3,0,0
851,3,0,0
852,2,0,0
853,2,0,0
854,2,0,0
855,2,0,0
856,2,0,0
857,2,0,0
858,2,0,0
859,3,0,0
860,3,0,0
861,2,0,0
862,3,0,0
863,3,0,0
864,2,0,0
865,3,0,0
866,3,0,0
867,3,0,0
868,3,0,0
869,3,0,0
870,3,0,0
871,3,0,0
872,3,0,0
873,3,0,0
874,3,0,0
875,3,0,0
876,3,2,1
877,3,0,0
878,3,2,1
879,3,0,0
880,3,2,1
881,2,0,0
882,2,0,0
883,2,0,0
884,2,0,0
885,2,0,0
886,2,0,0
887,2,0,0
888,2,0,0
889,3,0,0
890,3,2,1
891,3,0,0
892,3,0,0
893,2,0,0
894,2,0,0
895,4,0,0
896,3,0,0
897,3,0,0
898,3,0,0
899,2,0,0
900,2,0,0
901,2,0,0
902,2,0,0
903,2,0,0
904,2,0,0
905,2,0,0
906,2,0,0
907,2,0,0
908,1,0,0
909,1,0,0
910,2,0,0
911,2,0,0
912,2,0,0
913,2,0,0
914,2,0,0
915,1,0,0
916,1,0,0
917,1,0,0
918,1,0,0
919,1,0,0
920,1,0,0
921,1,0,0
922,1,0,0
923,1,0,0
924,2,0,0
925,1,0,0
926,2,0,0
927,3,0,0
928,2,0,0
929,3,0,0
930,3,0,0
931,3,0,0
932,3,0,0
933,3,0,0
934,3,0,0
935,3,0,0
936,3,0,0
937,1,0,0
938,1,0,0
939,1,0,0
940,2,0,0
941,1,0,0
942,1,0,0
943,1,0,0
944,1,0,0
945,2,0,0
946,2,0,0
947,1,0,0
948,1,0,0
949,1,0,0
950,2,0,0
951,2,0,0
952,3,0,0
953,2,0,0
954,3,0,0
955,2,0,0
956,2,0,0
957,2,0,0
958,2,0,0
959,2,0,0
960,2,0,0
961,2,0,0
962,2,0,0
963,2,0,0
964,2,0,0
965,2,0,0
966,2,0,0
967,2,0,0
968,2,0,0
969,2,0,0
970,2,0,0
971,2,0,0
972,2,0,0
973,2,0,0
974,4,2,1
975,4,2,1
976,4,2,1
977,4,0,0
978,4,2,1
979,4,2,1
980,4,0,0
981,4,0,0
982,3,2,1
983,3,0,0
984,3,0,0
985,1,0,0
986,2,0,0
987,2,0,0
988,2,0,0
989,2,0,0
990,2,0,0
991,2,0,0
992,2,0,0
993,3,0,0
994,2,0,0
995,2,0,0
996,2,0,0
997,2,0,0
998,2,0,0
999,2,0,0
1000,2,0,0
1001,2,2,1
1002,2,0,0
1003,2,0,0
1004,2,0,0
1005,2,2,1
1006,2,0,0
1007,2,2,1
1008,2,2,1
1009,2,2,1
1010,2,0,0
1011,2,0,0
1012,2,0,0
1013,2,0,0
1014,2,0,0
1015,2,2,1
1016,2,0,0
1017,2,0,0
1018,2,0,0
1019,2,0,0
1020,2,0,0
1021,2,0,0
1022,2,0,0
1023,1,0,0
1024,2,0,0
1025,2,0,0
1026,2,0,0
1027,2,0,0
1028,2,0,0
1029,2,0,0
1030,3,0,0
1031,2,0,0
1032,2,0,0
1033,2,0,0
1034,1,0,0
1035,1,0,0
1036,1,0,0
1037,1,0,0
1038,1,0,0
1039,2,0,0
1040,1,0,0
1041,2,0,0
1042,1,0,0
1043,1,0,0
1044,1,0,0
1045,1,0,0
1046,2,0,0
1047,2,0,0
1048,2,0,0
1049,2,0,0
1050,2,0,0
1051,1,0,0
1052,1,0,0
1053,1,0,0
1054,1,0,0
1055,2,0,0
1056,1,0,0
1057,1,0,0
1058,1,0,0
1059,1,0,0
1060,1,0,0
1061,2,0,0
1062,2,0,0
1063,2,0,0
1064,2,0,0
1065,2,0,0
1066,2,0,0
1067,2,0,0
1068,2,0,0
1069,2,0,0
1070,2,0,0
1071,2,0,0
1072,2,0,0
1073,2,0,0
1074,2,0,0
1075,1,0,0
1076,1,0,0
1077,2,0,0
1078,1,0,0
1079,1,0,0
1080,1,0,0
1081,1,0,0
1082,1,0,0
1083,1,0,0
1084,1,0,0
1085,1,0,0
1086,1,0,0
1087,1,0,0
1088,1,0,0
1089,1,0,0
1090,1,0,0
1091,1,0,0
1092,1,0,0
1093,1,0,0
1094,1,0,0
1095,2,0,0
1096,2,0,0
1097,2,0,0
1098,1,0,0
1099,2,0,0
1100,2,0,0
1101,2,0,0
1102,2,0,0
1103,2,0,0
1104,2,0,0
1105,2,0,0
1106,3,0,0
1107,2,0,0
1108,3,0,0
1109,2,2,1
1110,2,0,0
1111,1,0,0
1112,1,0,0
1113,1,0,0
1114,1,0,0
1115,2,0,0
1116,2,0,0
1117,3,0,0
1118,3,2,1
1119,2,0,0
1120,2,0,0
1121,2,0,0
1122,2,0,0
1123,2,0,0
1124,3,0,0
1125,3,0,0
1126,3,0,0
1127,3,3,2
1128,3,2,1
1129,3,3,2
1130,3,3,2
1131,3,3,2
1132,3,3,3
1133,4,3,2
1134,4,3,2
1135,4,3,2
1136,4,3,3
1137,4,3,2
1138,4,2,1
1139,4,3,2
1140,4,4,4
1141,4,4,3
1142,4,4,4
1143,4,4,4
1144,4,4,5
1145,4,4,5
1146,4,4,5
1147,4,4,5
1148,4,4,5
1149,4,4,5
1150,4,4,5
1151,3,3,2
1152,4,4,5
1153,4,4,4
1154,4,4,5
1155,5,4,5
1156,5,4,5
1157,5,4,5
1158,4,4,5
1159,4,4,4
1160,4,4,5
1161,4,4,4
1162,4,4,5
1163,4,4,5
1164,4,4,5
1165,4,4,5
1166,4,4,4
1167,4,4,3
1168,4,3,2
1169,4,4,3
1170,4,4,4
1171,4,4,4
1172,4,4,4
1173,4,3,3
1174,4,4,3
1175,4,3,3
1176,4,4,4
1177,4,3,3
1178,4,3,3
1179,4,3,3
1180,4,3,2
1181,4,3,3
1182,4,3,2
1183,4,3,2
1184,4,3,3
1185,4,3,3
1186,3,3,3
1187,3,3,3
1188,3,3,2
1189,3,3,3
1190,3,3,2
1191,4,3,3
1192,3,3,3
1193,4,0,0
1194,4,0,0
1195,3,0,0
1196,4,2,1
1197,4,2,1
1198,4,2,1
1199,3,2,1
1200,3,2,1
1201,3,2,1
1202,3,2,1
1203,3,3,3
1204,3,2,1
1205,3,2,1
1206,4,2,1
1207,4,2,1
1208,4,2,1
1209,4,0,0
1210,4,0,0
1211,4,2,1
1212,4,0,0
1213,3,0,0
1214,3,0,0
1215,3,0,0
1216,3,0,0
1217,3,0,0
1218,3,2,1
1219,3,2,1
1220,3,2,1
1221,3,0,0
1222,3,0,0
1223,3,0,0
1224,3,0,0
1225,2,0,0
1226,2,0,0
1227,2,0,0
1228,1,0,0
1229,1,0,0
1230,1,0,0
1231,1,0,0
1232,2,0,0
1233,3,0,0
1234,2,0,0
1235,2,0,0
1236,2,0,0
1237,3,0,0
1238,4,0,0
1239,3,0,0
1240,3,0,0
1241,3,0,0
1242,4,2,1
1243,3,2,1
1244,4,2,1
1245,4,2,1
1246,3,2,1
1247,2,0,0
1248,2,0,0
1249,2,0,0
1250,2,0,0
1251,2,0,0
1252,2,0,0
1253,2,2,1
1254,3,3,2
1255,3,0,0
1256,3,0,0
1257,3,0,0
1258,3,0,0
1259,3,0,0
1260,3,0,0
1261,3,0,0
1262,3,0,0
1263,3,0,0
1264,3,0,0
1265,3,0,0
1266,3,2,1
1267,3,0,0
1268,3,0,0
1269,3,0,0
1270,3,0,0
1271,3,0,0
1272,3,0,0
1273,2,0,0
1274,2,0,0
1275,2,0,0
1276,3,0,0
1277,2,0,0
1278,2,0,0
1279,3,0,0
1280,3,0,0
1281,2,0,0
1282,2,0,0
1283,2,0,0
1284,2,0,0
1285,2,0,0
1286,2,0,0
1287,2,0,0
1288,1,0,0
1289,2,0,0
1290,1,0,0
1291,1,0,0
1292,1,0,0
1293,1,0,0
1294,1,0,0
1295,1,0,0
1296,1,0,0
1297,0,0,0
1298,0,0,0
1299,1,0,0
1300,0,0,0
1301,0,0,0
1302,0,0,0
1303,0,0,0
1304,0,0,0
1305,0,0,0
1306,1,0,0
1307,0,0,0
1308,1,0,0
1309,1,0,0
1310,2,0,0
1311,2,0,0
1312,2,0,0
1313,2,0,0
1314,2,0,0
1315,3,0,0
1316,4,0,0
1317,2,0,0
1318,2,0,0
1319,3,0,0
1320,3,0,0
1321,3,0,0
1322,3,0,0
1323,3,0,0
1324,3,0,0
1325,3,0,0
1326,3,0,0
1327,3,0,0
1328,3,0,0
1329,3,0,0
1330,3,0,0
1331,2,0,0
1332,1,0,0
1333,1,0,0
1334,2,0,0
1335,2,0,0
1336,2,0,0
1337,2,0,0
1338,2,0,0
1339,2,0,0
1340,2,0,0
1341,2,0,0
1342,2,0,0
1343,2,0,0
1344,2,0,0
1345,2,0,0
1346,2,0,0
1347,2,0,0
1348,2,0,0
1349,2,0,0
1350,2,0,0
1351,2,0,0
1352,2,0,0
1353,2,0,0
1354,2,0,0
1355,3,0,0
1356,2,0,0
1357,2,0,0
1358,3,0,0
1359,3,0,0
1360,3,0,0
1361,3,0,0
1362,2,0,0
1363,2,0,0
1364,2,0,0
1365,2,2,1
1366,2,2,1
1367,2,2,1
1368,2,2,1
1369,2,0,0
1370,2,0,0
1371,2,0,0
1372,2,0,0
1373,3,0,0
1374,3,0,0
1375,3,0,0
1376,2,0,0
1377,1,0,0
1378,1,0,0
1379,1,0,0
1380,1,0,0
1381,1,0,0
1382,1,0,0
1383,2,0,0
1384,1,0,0
1385,2,0,0
1386,1,0,0
1387,2,0,0
1388,1,0,0
1389,1,0,0
1390,2,0,0
1391,1,0,0
1392,1,0,0
1393,0,0,0
1394,1,0,0
1395,2,0,0
1396,1,0,0
1397,1,0,0
1398,1,0,0
1399,2,0,0
1400,2,0,0
1401,2,0,0
1402,2,0,0
1403,1,0,0
1404,1,0,0
1405,1,0,0
1406,1,0,0
1407,1,0,0
1408,1,0,0
1409,1,0,0
1410,1,0,0
1411,1,0,0
1412,1,0,0
1413,1,0,0
1414,1,0,0
1415,1,0,0
1416,1,0,0
1417,1,0,0
1418,1,0,0
1419,1,0,0
1420,1,0,0
1421,1,0,0
1422,0,0,0
1423,1,0,0
1424,1,0,0
1425,2,0,0
1426,1,0,0
1427,1,0,0
1428,1,0,0
1429,1,0,0
1430,0,0,0
1431,0,0,0
1432,1,0,0
1433,1,0,0
1434,1,0,0
1435,1,0,0
1436,1,0,0
1437,1,0,0
1438,1,0,0
1439,1,0,0
1440,1,0,0
1441,1,0,0
1442,1,0,0
1443,2,0,0
1444,2,0,0
1445,2,0,0
1446,2,2,1
1447,2,0,0
1448,3,0,0
1449,2,0,0
1450,3,0,0
1451,2,0,0
1452,2,0,0
1453,2,0,0
1454,2,0,0
1455,2,0,0
1456,2,0,0
1457,2,0,0
1458,1,0,0
1459,1,0,0
1460,1,0,0
1461,1,0,0
1462,1,0,0
1463,2,0,0
1464,2,0,0
1465,2,0,0
1466,2,0,0
1467,2,0,0
1468,2,0,0
1469,2,0,0
1470,2,0,0
1471,1,0,0
1472,1,0,0
1473,1,0,0
1474,1,0,0
1475,2,0,0
1476,2,0,0
1477,2,0,0
1478,2,0,0
1479,2,0,0
1480,2,0,0
1481,2,0,0
1482,3,0,0
1483,2,0,0
1484,2,0,0
1485,2,0,0
1486,2,0,0
1487,2,0,0
1488,2,0,0
1489,2,0,0
1490,2,0,0
1491,2,0,0
1492,2,0,0
1493,2,0,0
1494,2,0,0
1495,2,0,0
1496,3,0,0
1497,3,0,0
1498,2,0,0
1499,1,0,0
1500,1,0,0
1501,2,0,0
1502,2,0,0
1503,2,0,0
1504,1,0,0
1505,2,0,0
1506,1,0,0
1507,1,0,0
1508,1,0,0
1509,1,0,0
1510,1,0,0
1511,1,0,0
1512,1,0,0
1513,1,0,0
1514,1,0,0
1515,1,0,0
1516,2,0,0
1517,2,0,0
1518,2,0,0
1519,1,0,0
1520,1,0,0
1521,1,0,0
1522,1,0,0
1523,1,0,0
1524,1,0,0
1525,2,0,0
1526,2,0,0
1527,2,0,0
1528,2,0,0
1529,2,0,0
1530,1,0,0
1531,1,0,0
1532,1,0,0
1533,2,0,0
1534,2,0,0
1535,3,0,0
1536,3,0,0
1537,2,0,0
1538,2,0,0
1539,3,0,0
1540,3,2,1
1541,3,0,0
1542,2,0,0
1543,3,0,0
1544,3,0,0
1545,3,0,0
1546,3,0,0
1547,3,0,0
1548,2,0,0
1549,2,0,0
1550,2,0,0
1551,2,2,1
1552,2,2,1
1553,2,2,1
1554,2,2,1
1555,3,2,1
1556,3,0,0
1557,3,0,0
1558,4,0,0
1559,4,0,0
1560,2,0,0
1561,2,0,0
1562,3,0,0
1563,3,0,0
1564,3,0,0
1565,3,2,1
1566,3,0,0
1567,3,0,0
1568,3,0,0
1569,3,0,0
1570,3,0,0
1571,3,0,0
1572,3,0,0
1573,3,0,0
1574,3,0,0
1575,3,0,0
1576,2,0,0
1577,2,0,0
1578,1,0,0
1579,2,0,0
1580,1,0,0
1581,1,0,0
1582,2,0,0
1583,1,0,0
1584,1,0,0
1585,1,0,0
1586,2,0,0
1587,2,0,0
1588,2,0,0
1589,2,0,0
1590,2,0,0
1591,2,0,0
1592,2,0,0
1593,3,0,0
1594,2,0,0
1595,3,0,0
1596,4,0,0
1597,3,0,0
1598,3,2,1
1599,3,0,0
1600,3,0,0
1601,4,0,0
1602,4,0,0
1603,4,0,0
1604,4,0,0
1605,4,2,1
1606,5,2,1
1607,4,0,0
1608,4,0,0
1609,4,0,0
1610,4,2,1
1611,4,0,0
1612,4,0,0
1613,4,0,0
1614,3,0,0
1615,3,0,0
1616,3,0,0
1617,2,0,0
1618,2,0,0
1619,3,0,0
1620,3,0,0
1621,3,2,1
1622,3,0,0
1623,3,0,0
1624,4,0,0
1625,3,0,0
1626,2,0,0
1627,2,0,0
1628,2,0,0
1629,1,0,0
1630,1,0,0
1631,2,0,0
1632,3,0,0
1633,3,0,0
1634,3,2,1
1635,2,2,1
1636,3,2,1
1637,3,3,2
1638,3,3,2
1639,3,3,2
1640,3,0,0
1641,3,0,0
1642,3,0,0
1643,3,0,0
1644,3,2,1
1645,2,0,0
1646,2,0,0
1647,2,0,0
1648,3,3,2
1649,3,2,1
1650,3,2,1
1651,3,2,1
1652,3,2,1
1653,3,0,0
1654,3,0,0
1655,2,0,0
1656,2,0,0
1657,3,0,0
1658,2,0,0
1659,1,0,0
1660,1,0,0
1661,1,0,0
1662,1,0,0
1663,3,0,0
1664,3,0,0
1665,3,0,0
1666,3,2,1
1667,3,2,1
1668,3,2,1
1669,3,3,2
1670,3,3,3
1671,3,3,3
1672,3,3,2
1673,3,3,3
1674,4,3,3
1675,3,2,1
1676,4,3,2
1677,3,2,1
1678,3,2,1
1679,3,0,0
1680,3,0,0
1681,3,0,0
1682,3,2,1
1683,3,0,0
1684,3,0,0
1685,3,0,0
1686,2,0,0
1687,3,2,1
1688,2,0,0
1689,2,0,0
1690,2,2,1
1691,2,0,0
1692,2,0,0
1693,2,0,0
1694,2,0,0
1695,2,0,0
1696,3,0,0
1697,3,2,1
1698,2,0,0
1699,2,0,0
1700,2,0,0
1701,2,0,0
1702,2,0,0
1703,1,0,0
1704,2,0,0
1705,2,0,0
1706,2,0,0
1707,1,0,0
1708,1,0,0
1709,1,0,0
1710,1,0,0
1711,1,0,0
1712,1,0,0
1713,2,0,0
1714,2,0,0
1715,1,0,0
1716,1,0,0
1717,1,0,0
1718,1,0,0
1719,1,0,0
1720,2,0,0
1721,2,0,0
1722,2,0,0
1723,2,0,0
1724,2,0,0
1725,2,0,0
1726,2,0,0
1727,2,0,0
1728,2,0,0
1729,2,0,0
1730,2,0,0
1731,3,0,0
1732,2,0,0
1733,2,0,0
1734,2,0,0
1735,2,0,0
1736,2,0,0
1737,2,0,0
1738,2,0,0
1739,2,0,0
1740,2,0,0
1741,2,0,0
1742,2,0,0
1743,2,2,1
1744,2,2,1
1745,3,2,1
1746,3,2,1
1747,3,0,0
1748,3,0,0
1749,3,0,0
1750,3,2,1
1751,3,0,0
1752,3,0,0
1753,3,0,0
1754,3,0,0
1755,3,2,1
1756,3,2,1
1757,3,2,1
1758,3,0,0
1759,3,0,0
1760,3,0,0
1761,2,0,0
1762,2,0,0
1763,2,0,0
1764,2,0,0
1765,2,0,0
1766,2,0,0
1767,3,0,0
1768,2,0,0
1769,2,0,0
1770,2,0,0
1771,3,0,0
1772,3,0,0
1773,3,0,0
1774,3,0,0
1775,3,0,0
1776,3,0,0
1777,3,0,0
1778,4,0,0
1779,4,0,0
1780,4,2,1
1781,4,2,1
1782,3,2,1
1783,3,2,1
1784,3,2,1
1785,3,2,1
1786,3,3,2
1787,3,3,2
1788,3,3,3
1789,3,3,2
1790,3,3,3
1791,3,3,3
1792,3,3,2
1793,3,3,2
1794,3,3,3
1795,3,3,2
1796,3,3,3
1797,3,3,2
1798,3,3,3
1799,3,3,3
1800,4,3,2
1801,4,3,3
1802,4,2,1
1803,3,3,2
1804,3,3,2
1805,3,0,0
1806,3,2,1
1807,4,4,3
1808,3,2,1
1809,4,4,4
1810,5,4,4
1811,4,4,4
1812,5,4,5
1813,4,4,4
1814,4,4,5
1815,4,4,5
1816,4,4,4
1817,4,4,4
1818,4,4,4
1819,4,4,3
1820,4,4,3
1821,5,4,4
1822,4,4,3
1823,4,4,5
1824,4,4,4
1825,4,4,4
1826,3,2,1
1827,4,4,4
1828,4,4,3
1829,4,4,3
1830,4,4,4
1831,4,4,4
1832,4,4,4
1833,4,4,3
1834,4,4,4
1835,4,4,4
1836,4,4,3
1837,3,2,1
1838,4,4,4
1839,4,4,4
1840,4,3,3
1841,4,3,3
1842,4,3,3
1843,4,3,3
1844,4,3,2
1845,3,3,3
1846,3,3,2
1847,3,3,3
1848,3,3,2
1849,3,3,3
1850,3,3,2
1851,3,3,3
1852,3,3,3
1853,3,3,3
1854,3,3,3
1855,3,3,2
1856,3,3,2
1857,3,3,2
1858,3,3,3
1859,3,3,3
1860,3,3,2
1861,3,3,3
1862,3,3,2
1863,3,3,3
1864,3,3,2
1865,3,3,2
1866,3,2,1
1867,3,0,0
1868,3,0,0
1869,3,0,0
1870,3,0,0
1871,3,0,0
1872,3,0,0
1873,3,0,0
1874,3,0,0
1875,3,0,0
1876,3,0,0
1877,3,0,0
1878,3,0,0
1879,3,0,0
1880,3,0,0
1881,3,0,0
1882,3,0,0
1883,3,0,0
1884,2,0,0
1885,2,0,0
1886,2,0,0
1887,2,0,0
1888,1,0,0
1889,1,0,0
1890,1,0,0
1891,1,0,0
1892,1,0,0
1893,1,0,0
1894,1,0,0
1895,1,0,0
1896,1,0,0
1897,2,0,0
1898,2,2,1
1899,3,0,0
1900,3,0,0
1901,3,0,0
1902,4,0,0
1903,3,2,1
1904,3,2,1
1905,2,2,1
1906,2,2,1
1907,2,2,1
1908,2,0,0
1909,2,0,0
1910,2,0,0
1911,2,0,0
1912,2,0,0
1913,1,0,0
1914,1,0,0
1915,1,0,0
1916,1,0,0
1917,1,0,0
1918,2,0,0
1919,2,0,0
1920,3,0,0
1921,2,0,0
1922,1,0,0
1923,2,0,0
1924,2,0,0
1925,2,0,0
1926,2,0,0
1927,4,0,0
1928,3,0,0
1929,3,0,0
1930,3,0,0
1931,3,2,1
1932,2,0,0
1933,3,2,1
1934,4,2,1
1935,3,2,1
1936,4,0,0
1937,3,0,0
1938,3,0,0
1939,3,0,0
1940,3,0,0
1941,3,0,0
1942,3,0,0
1943,2,2,1
1944,2,0,0
1945,2,0,0
1946,1,0,0
1947,1,0,0
1948,1,0,0
1949,1,0,0
1950,2,0,0
1951,2,0,0
1952,2,0,0
1953,2,0,0
1954,2,0,0
1955,2,0,0
1956,2,0,0
1957,1,0,0
1958,1,0,0
1959,1,0,0
1960,1,0,0
1961,1,0,0
1962,1,0,0
1963,1,0,0
1964,1,0,0
1965,1,0,0
1966,1,0,0
1967,1,0,0
1968,1,0,0
1969,1,0,0
1970,1,0,0
1971,1,0,0
1972,1,0,0
1973,1,0,0
1974,1,0,0
1975,1,0,0
1976,2,0,0
1977,2,0,0
1978,2,0,0
1979,2,0,0
1980,2,0,0
1981,1,0,0
1982,1,0,0
1983,1,0,0
1984,1,0,0
1985,1,0,0
1986,1,0,0
1987,1,0,0
1988,1,0,0
1989,1,0,0
1990,1,0,0
1991,1,0,0
1992,1,0,0
1993,1,0,0
1994,1,0,0
1995,1,0,0
1996,1,0,0
1997,1,0,0
1998,1,0,0
1999,1,0,0
