0,0,0,0
1,1,0,0
2,1,0,0
3,2,0,0
4,1,0,0
5,1,0,0
6,1,0,0
7,2,0,0
8,1,0,0
9,1,0,0
10,1,0,0
11,1,0,0
12,2,0,0
13,2,0,0
14,2,0,0
15,3,0,0
16,1,0,0
17,1,0,0
18,1,0,0
19,1,0,0
20,1,0,0
21,2,0,0
22,1,0,0
23,2,0,0
24,3,2,1
25,3,0,0
26,3,0,0
27,3,0,0
28,3,0,0
29,2,0,0
30,2,0,0
31,2,0,0
32,2,0,0
33,2,0,0
34,2,0,0
35,2,0,0
36,2,0,0
37,2,0,0
38,2,0,0
39,2,0,0
40,2,0,0
41,2,0,0
42,2,0,0
43,2,2,1
44,2,2,1
45,2,2,1
46,3,2,1
47,3,2,1
48,3,2,1
49,3,2,1
50,3,2,1
51,3,2,1
52,3,0,0
53,2,2,1
54,3,0,0
55,3,0,0
56,3,2,1
57,2,0,0
58,4,0,0
59,3,0,0
60,4,0,0
61,3,2,1
62,3,0,0
63,2,0,0
64,2,0,0
65,2,0,0
66,2,0,0
67,2,0,0
68,1,0,0
69,1,0,0
70,2,0,0
71,2,0,0
72,2,0,0
73,2,0,0
74,2,0,0
75,1,0,0
76,2,0,0
77,2,0,0
78,2,0,0
79,2,0,0
80,3,0,0
81,3,0,0
82,3,0,0
83,2,0,0
84,2,0,0
85,2,0,0
86,2,0,0
87,2,0,0
88,2,0,0
89,2,0,0
90,2,0,0
91,2,0,0
92,2,0,0
93,2,0,0
94,2,2,1
95,2,0,0
96,2,0,0
97,2,0,0
98,2,0,0
99,1,0,0
100,2,0,0
101,2,0,0
102,3,0,0
103,1,0,0
104,1,0,0
105,1,0,0
106,1,0,0
107,1,0,0
108,1,0,0
109,2,0,0
110,2,2,1
111,2,2,1
112,2,0,0
113,2,0,0
114,2,0,0
115,2,0,0
116,3,0,0
117,3,0,0
118,2,0,0
119,2,0,0
120,1,0,0
121,2,0,0
122,2,0,0
123,2,0,0
124,2,0,0
125,1,0,0
126,1,0,0
127,2,0,0
128,2,0,0
129,3,0,0
130,3,0,0
131,3,2,1
132,3,0,0
133,3,0,0
134,3,0,0
135,4,0,0
136,3,0,0
137,3,0,0
138,3,0,0
139,3,0,0
140,3,0,0
141,2,0,0
142,2,0,0
143,3,0,0
144,3,0,0
145,3,0,0
146,3,0,0
147,3,0,0
148,3,0,0
149,3,0,0
150,3,0,0
151,3,0,0
152,3,0,0
153,2,0,0
154,2,0,0
155,2,0,0
156,2,0,0
157,2,0,0
158,1,0,0
159,1,0,0
160,2,0,0
161,2,0,0
162,2,0,0
163,2,0,0
164,3,0,0
165,3,0,0
166,3,0,0
167,2,0,0
168,2,0,0
169,2,0,0
170,2,0,0
171,2,0,0
172,2,0,0
173,1,0,0
174,1,0,0
175,1,0,0
176,2,0,0
177,2,0,0
178,2,0,0
179,2,0,0
180,2,0,0
181,2,0,0
182,2,0,0
183,3,0,0
184,4,0,0
185,3,0,0
186,4,0,0
187,2,0,0
188,2,0,0
189,3,0,0
190,3,0,0
191,3,0,0
192,3,0,0
193,3,0,0
194,3,0,0
195,3,0,0
196,3,0,0
197,3,0,0
198,3,0,0
199,3,0,0
200,3,2,1
201,3,2,1
202,3,0,0
203,4,0,0
204,4,0,0
205,4,0,0
206,4,0,0
207,4,0,0
208,4,3,2
209,4,2,1
210,3,2,1
211,3,0,0
212,4,2,1
213,3,0,0
214,3,0,0
215,3,2,1
216,2,2,1
217,2,0,0
218,2,0,0
219,3,2,1
220,3,0,0
221,1,0,0
222,1,0,0
223,1,0,0
224,1,0,0
225,1,0,0
226,1,0,0
227,2,0,0
228,2,0,0
229,2,0,0
230,1,0,0
231,1,0,0
232,3,0,0
233,3,0,0
234,3,0,0
235,3,0,0
236,3,0,0
237,2,0,0
238,2,0,0
239,2,0,0
240,3,0,0
241,1,0,0
242,1,0,0
243,2,0,0
244,1,0,0
245,1,0,0
246,1,0,0
247,1,0,0
248,2,0,0
249,2,0,0
250,2,0,0
251,2,0,0
252,2,0,0
253,2,0,0
254,3,0,0
255,3,0,0
256,3,0,0
257,3,0,0
258,2,0,0
259,2,0,0
260,1,0,0
261,1,0,0
262,1,0,0
263,1,0,0
264,2,0,0
265,2,0,0
266,2,2,1
267,3,2,1
268,3,0,0
269,2,0,0
270,2,0,0
271,2,0,0
272,2,0,0
273,2,0,0
274,2,0,0
275,2,0,0
276,2,0,0
277,2,0,0
278,2,0,0
279,2,0,0
280,3,0,0
281,2,0,0
282,3,0,0
283,2,0,0
284,2,0,0
285,2,0,0
286,2,0,0
287,2,0,0
288,2,0,0
289,3,0,0
290,2,0,0
291,2,0,0
292,2,0,0
293,3,0,0
294,2,0,0
295,2,0,0
296,1,0,0
297,2,0,0
298,2,0,0
299,2,0,0
300,2,0,0
301,2,0,0
302,2,0,0
303,2,0,0
304,2,0,0
305,2,0,0
306,2,0,0
307,2,0,0
308,2,0,0
309,2,0,0
310,2,0,0
311,1,0,0
312,1,0,0
313,1,0,0
314,1,0,0
315,2,0,0
316,2,0,0
317,2,0,0
318,2,0,0
319,2,0,0
320,3,0,0
321,4,0,0
322,2,0,0
323,2,0,0
324,2,0,0
325,2,0,0
326,3,0,0
327,3,2,1
328,3,0,0
329,3,2,1
330,3,0,0
331,3,0,0
332,3,0,0
333,3,2,1
334,3,2,1
335,3,0,0
336,3,0,0
337,2,0,0
338,2,0,0
339,2,2,1
340,2,0,0
341,2,0,0
342,2,0,0
343,2,0,0
344,2,0,0
345,3,0,0
346,2,0,0
347,2,0,0
348,2,0,0
349,2,0,0
350,2,0,0
351,2,0,0
352,2,0,0
353,2,0,0
354,2,0,0
355,3,0,0
356,2,0,0
357,2,0,0
358,2,0,0
359,2,0,0
360,2,0,0
361,2,2,1
362,2,0,0
363,2,0,0
364,2,0,0
365,2,0,0
366,2,0,0
367,1,0,0
368,1,0,0
369,1,0,0
370,1,0,0
371,3,0,0
372,2,0,0
373,2,0,0
374,2,0,0
375,2,0,0
376,2,0,0
377,1,0,0
378,1,0,0
379,1,0,0
380,2,0,0
381,1,0,0
382,1,0,0
383,1,0,0
384,0,0,0
385,0,0,0
386,0,0,0
387,0,0,0
388,0,0,0
389,0,0,0
390,0,0,0
391,1,0,0
392,1,0,0
393,1,0,0
394,1,0,0
395,1,0,0
396,1,0,0
397,1,0,0
398,1,0,0
399,2,0,0
400,1,0,0
401,1,0,0
402,2,0,0
403,1,0,0
404,2,0,0
405,1,0,0
406,2,0,0
407,2,0,0
408,2,0,0
409,2,0,0
410,2,0,0
411,3,0,0
412,2,0,0
413,2,0,0
414,2,0,0
415,2,0,0
416,2,0,0
417,2,0,0
418,2,0,0
419,2,0,0
420,2,0,0
421,2,0,0
422,2,0,0
423,2,0,0
424,2,0,0
425,2,0,0
426,2,0,0
427,3,0,0
428,2,0,0
429,2,0,0
430,2,0,0
431,2,0,0
432,2,0,0
433,2,0,0
434,2,0,0
435,2,0,0
436,3,0,0
437,2,0,0
438,2,2,1
439,2,0,0
440,2,0,0
441,2,0,0
442,2,0,0
443,2,0,0
444,2,2,1
445,3,0,0
446,3,0,0
447,3,0,0
448,3,2,1
449,2,2,1
450,2,2,1
451,2,0,0
452,2,2,1
453,2,0,0
454,2,2,1
455,2,0,0
456,2,0,0
457,2,0,0
458,2,0,0
459,2,0,0
460,2,0,0
461,2,0,0
462,2,0,0
463,3,0,0
464,3,0,0
465,3,0,0
466,3,0,0
467,3,0,0
468,3,0,0
469,3,0,0
470,3,0,0
471,3,0,0
472,3,0,0
473,3,0,0
474,2,0,0
475,2,0,0
476,2,0,0
477,2,0,0
478,2,0,0
479,2,0,0
480,1,0,0
481,1,0,0
482,1,0,0
483,2,0,0
484,2,0,0
485,1,0,0
486,2,0,0
487,2,0,0
488,2,0,0
489,2,0,0
490,2,0,0
491,3,0,0
492,2,0,0
493,3,0,0
494,3,0,0
495,3,0,0
496,3,0,0
497,3,0,0
498,3,0,0
499,3,0,0
500,3,0,0
501,3,0,0
502,3,0,0
503,3,0,0
504,3,2,1
505,3,0,0
506,3,0,0
507,3,0,0
508,2,0,0
509,3,0,0
510,2,0,0
511,2,0,0
512,3,0,0
513,2,0,0
514,2,0,0
515,2,0,0
516,2,0,0
517,2,0,0
518,2,0,0
519,3,0,0
520,3,0,0
521,2,0,0
522,2,0,0
523,3,0,0
524,3,0,0
525,3,0,0
526,3,0,0
527,1,0,0
528,1,0,0
529,3,0,0
530,2,0,0
531,2,0,0
532,2,0,0
533,2,0,0
534,1,0,0
535,1,0,0
536,1,0,0
537,1,0,0
538,2,0,0
539,1,0,0
540,1,0,0
541,1,0,0
542,1,0,0
543,1,0,0
544,1,0,0
545,1,0,0
546,1,0,0
547,1,0,0
548,2,0,0
549,1,0,0
550,1,0,0
551,1,0,0
552,1,0,0
553,2,0,0
554,2,0,0
555,2,0,0
556,2,0,0
557,2,0,0
558,2,0,0
559,2,0,0
560,2,0,0
561,2,0,0
562,2,2,1
563,3,0,0
564,3,0,0
565,2,0,0
566,2,0,0
567,3,0,0
568,2,0,0
569,2,0,0
570,2,0,0
571,2,0,0
572,3,0,0
573,3,0,0
574,2,0,0
575,2,0,0
576,2,0,0
577,2,0,0
578,2,0,0
579,2,0,0
580,2,0,0
581,2,0,0
582,1,0,0
583,1,0,0
584,1,0,0
585,1,0,0
586,1,0,0
587,1,0,0
588,1,0,0
589,2,0,0
590,2,0,0
591,1,0,0
592,2,0,0
593,2,0,0
594,1,0,0
595,1,0,0
596,1,0,0
597,1,0,0
598,1,0,0
599,1,0,0
600,1,0,0
601,1,0,0
602,1,0,0
603,1,0,0
604,1,0,0
605,1,0,0
606,1,0,0
607,1,0,0
608,2,0,0
609,1,0,0
610,2,0,0
611,2,0,0
612,2,0,0
613,2,0,0
614,2,0,0
615,2,0,0
616,2,0,0
617,2,0,0
618,2,2,1
619,2,2,1
620,2,2,1
621,2,0,0
622,3,0,0
623,3,0,0
624,3,0,0
625,3,0,0
626,3,0,0
627,3,0,0
628,2,0,0
629,3,0,0
630,3,0,0
631,4,0,0
632,4,0,0
633,4,0,0
634,4,2,1
635,4,0,0
636,4,0,0
637,4,0,0
638,4,0,0
639,4,0,0
640,4,0,0
641,4,3,2
642,4,3,3
643,4,3,3
644,3,2,1
645,4,3,3
646,4,3,2
647,4,3,2
648,4,2,1
649,4,2,1
650,4,3,2
651,4,3,2
652,4,2,1
653,3,3,2
654,3,3,3
655,4,3,3
656,4,3,3
657,4,3,3
658,4,3,2
659,4,3,3
660,4,3,3
661,4,3,3
662,4,3,2
663,4,3,3
664,4,3,3
665,5,3,3
666,4,3,3
667,4,3,2
668,5,3,3
669,5,4,4
670,5,3,2
671,4,2,1
672,5,4,4
673,5,5,7
674,5,5,6
675,5,5,6
676,6,5,7
677,6,5,6
678,6,5,7
679,6,5,7
680,6,5,7
681,6,6,9
682,6,5,7
683,6,6,8
684,6,5,7
685,6,5,6
686,6,5,6
687,6,5,6
688,6,5,7
689,5,5,6
690,4,4,5
691,5,5,7
692,6,5,6
693,5,5,6
694,5,5,6
695,5,4,5
696,5,4,5
697,6,4,4
698,7,4,5
699,7,5,6
700,6,4,4
701,6,5,7
702,7,6,8
703,7,5,7
704,6,5,7
705,6,5,7
706,6,5,7
707,6,5,7
708,6,5,7
709,6,5,6
710,6,5,7
711,6,5,7
712,6,5,7
713,6,5,7
714,6,4,5
715,6,5,7
716,6,5,7
717,6,5,7
718,6,5,7
719,6,5,7
720,5,5,7
721,5,5,7
722,5,5,7
723,5,5,6
724,5,5,6
725,5,5,7
726,5,5,7
727,5,5,7
728,5,5,6
729,5,5,7
730,5,5,7
731,5,5,6
732,5,5,6
733,5,5,6
734,6,5,6
735,6,5,7
736,6,5,7
737,6,5,7
738,6,5,6
739,6,5,7
740,6,6,8
741,6,6,9
742,6,6,10
743,6,6,9
744,6,6,10
745,6,6,9
746,6,6,10
747,6,6,10
748,6,6,10
749,7,6,10
750,6,6,9
751,6,6,10
752,6,6,10
753,6,6,10
754,6,6,9
755,6,6,9
756,7,6,9
757,7,6,10
758,7,6,10
759,7,6,10
760,7,6,10
761,7,6,10
762,7,6,10
763,7,6,10
764,7,6,10
765,7,6,10
766,7,6,10
767,7,6,10
768,7,6,10
769,7,6,10
770,6,6,10
771,7,7,11
772,7,7,12
773,7,7,12
774,7,7,12
775,7,7,12
776,7,7,12
777,8,7,12
778,8,7,11
779,8,7,11
780,8,7,12
781,8,7,11
782,8,7,12
783,8,7,12
784,8,7,12
785,8,7,12
786,8,7,11
787,8,7,12
788,8,7,11
789,8,7,12
790,8,7,12
791,8,7,11
792,8,7,12
793,7,7,12
794,7,7,12
795,7,7,12
796,7,7,12
797,7,7,12
798,7,7,12
799,7,7,11
800,7,7,12
801,7,7,10
802,7,7,12
803,7,7,12
804,7,7,12
805,7,7,12
806,7,7,11
807,7,7,11
808,7,7,12
809,7,7,12
810,7,7,11
811,7,7,11
812,7,7,12
813,7,7,12
814,7,7,12
815,7,7,12
816,7,7,11
817,7,7,11
818,7,7,12
819,7,7,12
820,7,7,10
821,7,7,11
822,7,7,11
823,7,7,11
824,7,7,12
825,7,7,12
826,7,7,12
827,7,7,12
828,7,7,12
829,7,7,12
830,7,7,11
831,7,7,12
832,7,7,12
833,7,7,12
834,7,7,12
835,7,7,12
836,7,7,12
837,7,7,12
838,7,7,12
839,6,6,10
840,7,7,12
841,6,6,10
842,6,6,10
843,6,6,10
844,7,7,11
845,7,7,12
846,7,7,12
847,7,7,12
848,7,7,12
849,7,7,12
850,7,7,11
851,7,7,11
852,7,7,12
853,7,7,10
854,7,7,12
855,7,7,12
856,7,7,11
857,7,7,12
858,7,7,12
859,7,7,12
860,7,7,12
861,7,7,12
862,7,7,11
863,7,7,11
864,7,7,10
865,7,7,10
866,7,7,10
867,7,6,9
868,7,6,10
869,7,6,10
870,7,6,10
871,7,6,10
872,7,6,10
873,7,6,10
874,7,6,10
875,7,6,10
876,7,6,9
877,8,6,10
878,7,7,11
879,7,6,10
880,7,6,10
881,8,7,11
882,8,8,13
883,7,7,12
884,7,7,12
885,7,7,11
886,7,7,12
887,7,7,12
888,7,7,12
889,7,7,12
890,7,7,12
891,7,7,12
892,7,7,12
893,7,7,12
894,7,7,12
895,7,7,11
896,6,6,10
897,7,7,12
898,7,7,11
899,7,7,12
900,7,7,12
901,7,7,11
902,7,7,12
903,7,7,12
904,7,7,12
905,7,7,11
906,7,7,12
907,6,6,9
908,7,7,12
909,7,7,12
910,7,7,12
911,7,7,12
912,7,7,12
913,7,7,12
914,7,7,11
915,7,7,12
916,7,7,12
917,6,6,10
918,7,7,12
919,7,7,11
920,7,7,12
921,7,7,12
922,7,7,12
923,6,6,10
924,7,6,9
925,8,7,10
926,8,7,11
927,8,7,11
928,8,8,14
929,8,8,15
930,8,8,14
931,8,8,15
932,8,8,14
933,8,8,14
934,8,8,13
935,8,8,15
936,8,8,15
937,8,8,15
938,8,8,14
939,8,8,13
940,8,8,13
941,8,8,13
942,8,8,15
943,8,8,15
944,9,8,15
945,9,9,17
946,9,9,17
947,9,9,18
948,9,9,17
949,9,9,18
950,9,9,18
951,9,9,18
952,9,9,18
953,8,8,15
954,9,9,18
955,9,9,17
956,9,9,18
957,9,9,18
958,9,9,17
959,9,9,18
960,10,10,21
961,10,10,21
962,10,10,21
963,10,10,20
964,10,10,21
965,10,10,21
966,10,10,21
967,10,10,20
968,10,10,21
969,10,10,21
970,10,10,21
971,10,10,21
972,10,10,21
973,10,10,21
974,10,10,21
975,10,10,21
976,10,10,21
977,10,10,21
978,10,10,17
979,10,10,21
980,10,10,21
981,10,10,21
982,10,10,21
983,10,10,21
984,10,10,21
985,10,10,21
986,10,10,21
987,10,10,21
988,10,10,21
989,10,10,21
990,10,10,21
991,10,10,21
992,10,10,20
993,10,10,21
994,10,10,21
995,10,10,21
996,10,10,21
997,10,10,21
998,10,10,21
999,10,10,21
1000,10,10,21
1001,10,10,21
1002,10,10,21
1003,10,10,21
1004,10,10,21
1005,10,10,21
1006,10,10,21
1007,10,10,19
1008,10,10,21
1009,10,10,21
1010,10,10,21
1011,10,10,21
1012,10,10,20
1013,10,10,21
1014,10,10,21
1015,10,10,21
1016,10,10,21
1017,10,10,21
1018,10,10,21
1019,10,10,21
1020,10,10,21
1021,10,10,21
1022,10,10,20
1023,10,10,21
1024,10,10,21
1025,10,10,21
1026,10,10,21
1027,10,10,21
1028,10,10,21
1029,10,10,20
1030,10,10,21
1031,10,10,21
1032,10,10,21
1033,10,10,21
1034,10,10,21
1035,10,10,21
1036,10,10,21
1037,10,10,21
1038,10,10,21
1039,10,10,20
1040,10,10,20
1041,10,10,21
1042,10,10,20
1043,10,10,21
1044,10,10,21
1045,10,10,20
1046,10,10,20
1047,10,10,21
1048,10,10,21
1049,10,10,21
1050,10,10,20
1051,10,10,21
1052,10,10,21
1053,10,10,21
1054,10,10,21
1055,10,10,21
1056,10,10,21
1057,10,10,21
1058,10,10,21
1059,10,10,21
1060,10,10,21
1061,10,10,21
1062,10,10,21
1063,10,10,21
1064,10,10,20
1065,10,10,21
1066,10,10,21
1067,10,10,21
1068,10,10,21
1069,10,10,21
1070,10,10,21
1071,10,10,21
1072,10,10,21
1073,10,10,21
1074,10,10,21
1075,10,10,20
1076,10,10,21
1077,10,10,21
1078,10,10,21
1079,10,10,20
1080,10,10,19
1081,10,10,21
1082,10,10,20
1083,10,10,21
1084,10,10,21
1085,10,10,21
1086,10,10,21
1087,10,10,21
1088,10,10,21
1089,10,10,21
1090,10,10,21
1091,10,10,21
1092,10,10,20
1093,10,10,21
1094,10,10,21
1095,10,10,20
1096,10,10,21
1097,10,10,21
1098,10,10,21
1099,10,10,21
1100,10,10,21
1101,10,10,21
1102,10,10,21
1103,10,10,21
1104,10,10,21
1105,10,10,21
1106,10,10,21
1107,10,10,21
1108,10,10,21
1109,10,10,21
1110,10,10,21
1111,10,10,21
1112,10,10,21
1113,10,10,21
1114,10,10,21
1115,10,10,21
1116,10,10,21
1117,10,10,21
1118,10,10,21
1119,10,10,21
1120,10,10,21
1121,10,10,21
1122,10,10,21
1123,10,10,21
1124,10,10,21
1125,10,10,20
1126,10,10,20
1127,10,10,21
1128,10,10,21
1129,10,10,20
1130,10,10,21
1131,10,10,21
1132,10,10,21
1133,10,10,19
1134,10,10,20
1135,10,10,21
1136,10,10,20
1137,10,10,21
1138,10,10,21
1139,10,10,21
1140,10,10,21
1141,10,10,21
1142,10,10,21
1143,10,10,21
1144,10,10,21
1145,10,10,21
1146,10,10,21
1147,10,10,20
1148,10,10,21
1149,10,10,21
1150,10,10,21
1151,10,10,21
1152,10,10,21
1153,10,10,21
1154,10,10,21
1155,10,10,21
1156,10,10,21
1157,10,10,21
1158,10,10,21
1159,10,10,21
1160,10,10,21
1161,10,10,21
1162,10,10,21
1163,10,10,21
1164,10,10,21
1165,10,10,21
1166,10,10,21
1167,10,10,21
1168,10,10,21
1169,10,10,21
1170,10,10,21
1171,10,10,21
1172,10,10,21
1173,10,10,21
1174,10,10,21
1175,10,10,21
1176,10,10,21
1177,10,10,21
1178,10,10,21
1179,10,10,20
1180,10,10,21
1181,10,10,21
1182,10,10,21
1183,10,10,19
1184,10,10,21
1185,10,10,21
1186,10,10,21
1187,10,10,21
1188,10,10,21
1189,10,10,21
1190,10,10,21
1191,10,10,21
1192,10,10,21
1193,10,10,21
1194,10,10,21
1195,10,10,21
1196,10,10,21
1197,10,10,21
1198,10,10,21
1199,10,10,21
1200,10,10,21
1201,10,10,21
1202,10,10,21
1203,10,10,21
1204,10,10,21
1205,10,10,21
1206,10,10,21
1207,10,10,21
1208,10,10,21
1209,10,10,21
1210,10,10,21
1211,10,10,21
1212,10,10,21
1213,10,10,21
1214,10,10,21
1215,10,10,21
1216,10,10,21
1217,10,10,21
1218,10,10,20
1219,10,10,21
1220,10,10,21
1221,10,10,21
1222,10,10,21
1223,10,10,20
1224,10,10,21
1225,10,10,21
1226,10,10,21
1227,10,10,21
1228,10,10,21
1229,10,10,20
1230,10,10,20
1231,10,10,19
1232,10,10,20
1233,10,10,19
1234,10,10,21
1235,10,10,21
1236,10,10,21
1237,10,10,21
1238,10,10,21
1239,10,10,21
1240,10,10,20
1241,10,10,21
1242,10,10,21
1243,10,10,21
1244,10,10,21
1245,10,10,21
1246,10,10,21
1247,10,10,21
1248,10,10,21
1249,10,10,21
1250,10,10,21
1251,10,10,21
1252,10,10,21
1253,10,10,21
1254,10,10,21
1255,10,10,21
1256,10,10,20
1257,10,10,21
1258,10,10,21
1259,10,10,21
1260,10,10,21
1261,10,10,21
1262,10,10,21
1263,10,10,21
1264,10,10,21
1265,10,10,21
1266,10,10,21
1267,10,10,21
1268,10,10,21
1269,10,10,20
1270,10,10,21
1271,10,10,21
1272,10,10,21
1273,10,10,21
1274,10,10,21
1275,10,10,21
1276,10,10,21
1277,10,10,21
1278,10,10,21
1279,10,10,21
1280,10,10,21
1281,10,10,21
1282,10,10,21
1283,10,10,21
1284,10,10,21
1285,10,10,21
1286,10,10,21
1287,10,10,21
1288,10,10,21
1289,10,10,21
1290,10,10,21
1291,10,10,21
1292,10,10,21
1293,10,10,21
1294,10,10,21
1295,10,10,20
1296,10,10,21
1297,10,10,21
1298,10,10,21
1299,10,10,21
1300,10,10,21
1301,10,10,21
1302,10,10,21
1303,10,10,21
1304,10,10,21
1305,10,10,21
1306,10,10,21
1307,10,10,21
1308,10,10,21
1309,10,10,21
1310,10,10,21
1311,10,10,21
1312,9,9,18
1313,10,10,21
1314,10,10,21
1315,10,10,21
1316,10,10,21
1317,10,10,21
1318,10,10,21
1319,10,10,20
1320,10,10,21
1321,10,10,21
1322,10,10,21
1323,10,10,21
1324,10,10,20
1325,10,10,20
1326,10,10,21
1327,10,10,21
1328,10,10,21
1329,10,10,21
1330,10,10,21
1331,10,10,21
1332,10,10,20
1333,10,10,21
1334,10,10,21
1335,10,10,21
1336,10,10,21
1337,10,10,21
1338,10,10,21
1339,10,10,20
1340,10,10,21
1341,10,10,21
1342,10,10,20
1343,10,10,21
1344,10,10,21
1345,10,10,21
1346,10,10,21
1347,10,10,21
1348,10,10,21
1349,10,10,21
1350,10,10,21
1351,10,10,21
1352,10,10,20
1353,10,10,21
1354,10,10,21
1355,10,10,21
1356,10,10,21
1357,10,10,21
1358,10,10,21
1359,10,10,21
1360,10,10,21
1361,10,10,20
1362,10,10,21
1363,10,10,21
1364,10,10,20
1365,10,10,21
1366,10,10,21
1367,10,10,21
1368,10,10,20
1369,10,10,21
1370,10,10,21
1371,10,10,21
1372,10,10,21
1373,10,10,21
1374,10,10,21
1375,10,10,21
1376,10,10,21
1377,10,10,21
1378,10,10,21
1379,10,10,21
1380,10,10,21
1381,10,10,21
1382,10,10,21
1383,10,10,20
1384,10,10,21
1385,10,10,21
1386,10,10,21
1387,10,10,21
1388,10,10,21
1389,10,10,21
1390,10,10,21
1391,10,10,21
1392,10,10,21
1393,10,10,21
1394,10,10,20
1395,10,10,21
1396,10,10,21
1397,10,10,21
1398,10,10,21
1399,10,10,21
1400,10,10,21
1401,10,10,21
1402,10,10,21
1403,10,10,21
1404,10,10,21
1405,10,10,21
1406,10,10,20
1407,10,10,21
1408,10,10,21
1409,10,10,21
1410,10,10,20
1411,10,10,21
1412,10,10,21
1413,10,10,21
1414,10,10,21
1415,10,10,21
1416,10,10,21
1417,10,10,21
1418,10,10,21
1419,10,10,21
1420,10,10,21
1421,10,10,21
1422,10,10,21
1423,10,10,21
1424,10,10,21
1425,10,10,20
1426,10,10,21
1427,10,10,21
1428,10,10,21
1429,10,10,21
1430,10,10,21
1431,10,10,21
1432,11,11,25
1433,11,11,24
1434,11,11,25
1435,11,11,25
1436,11,11,25
1437,11,11,25
1438,11,11,25
1439,11,11,25
1440,11,11,25
1441,11,11,25
1442,11,11,25
1443,11,11,25
1444,11,11,25
1445,11,11,25
1446,11,11,25
1447,11,11,25
1448,11,11,25
1449,11,11,25
1450,11,11,25
1451,11,11,25
1452,11,11,25
1453,11,11,25
1454,11,11,25
1455,11,11,25
1456,11,11,25
1457,11,11,25
1458,11,11,25
1459,11,11,25
1460,11,11,25
1461,11,11,25
1462,11,11,25
1463,11,11,25
1464,11,11,25
1465,11,11,25
1466,11,11,25
1467,11,11,25
1468,11,11,25
1469,11,11,25
1470,11,11,25
1471,11,11,25
1472,11,11,25
1473,11,11,25
1474,11,11,25
1475,11,11,25
1476,11,11,25
1477,11,11,25
1478,11,11,25
1479,11,11,25
1480,11,11,25
1481,11,11,25
1482,11,11,25
1483,11,11,25
1484,11,11,25
1485,11,11,24
1486,11,11,25
1487,11,11,25
1488,11,11,25
1489,11,11,25
1490,11,11,25
1491,11,11,25
1492,11,11,25
1493,11,11,25
1494,11,11,24
1495,11,11,25
1496,11,11,25
1497,11,11,25
1498,11,11,25
1499,11,11,25
1500,11,11,25
1501,11,11,25
1502,11,11,25
1503,11,11,25
1504,11,11,25
1505,11,11,25
1506,11,11,25
1507,11,11,25
1508,11,11,25
1509,11,11,25
1510,11,11,25
1511,11,11,25
1512,11,11,25
1513,11,11,25
1514,11,11,25
1515,11,11,25
1516,11,11,25
1517,11,11,25
1518,11,11,25
1519,11,11,25
1520,12,12,29
1521,12,12,30
1522,12,12,30
1523,12,12,30
1524,12,12,30
1525,12,12,30
1526,12,12,30
1527,12,12,30
1528,12,12,30
1529,12,12,30
1530,12,12,30
1531,12,12,30
1532,12,12,30
1533,12,12,30
1534,12,12,30
1535,12,12,30
1536,12,12,30
1537,12,12,30
1538,12,12,30
1539,12,12,30
1540,12,12,30
1541,12,12,30
1542,12,12,30
1543,12,12,30
1544,12,12,30
1545,12,12,30
1546,12,12,30
1547,12,12,30
1548,12,12,30
1549,12,12,30
1550,12,12,30
1551,12,12,30
1552,12,12,30
1553,12,12,30
1554,12,12,30
1555,12,12,30
1556,12,12,30
1557,12,12,30
1558,12,12,30
1559,12,12,30
1560,12,12,30
1561,12,12,30
1562,12,12,30
1563,12,12,30
1564,12,12,30
1565,12,12,30
1566,12,12,30
1567,12,12,30
1568,12,12,30
1569,12,12,30
1570,12,12,30
1571,12,12,30
1572,12,12,30
1573,12,12,30
1574,12,12,30
1575,12,12,30
1576,12,12,30
1577,12,12,30
1578,12,12,30
1579,12,12,30
1580,12,12,30
1581,12,12,30
1582,12,12,30
1583,12,12,30
1584,12,12,30
1585,12,12,29
1586,12,12,30
1587,12,12,30
1588,12,12,30
1589,12,12,30
1590,12,12,30
1591,12,12,30
1592,12,12,30
1593,12,12,30
1594,12,12,30
1595,12,12,30
1596,12,12,30
1597,12,12,30
1598,12,12,30
1599,12,12,30
1600,12,12,30
1601,12,12,30
1602,12,12,30
1603,12,12,30
1604,12,12,30
1605,12,12,30
1606,12,12,30
1607,12,12,30
1608,12,12,30
1609,12,12,30
1610,12,12,30
1611,12,12,30
1612,12,12,30
1613,12,12,30
1614,12,12,30
1615,12,12,30
1616,12,12,30
1617,12,12,30
1618,12,12,30
1619,12,12,30
1620,12,12,30
1621,12,12,30
1622,12,12,30
1623,12,12,30
1624,12,12,30
1625,12,12,30
1626,12,12,30
1627,12,12,30
1628,12,12,30
1629,12,12,30
1630,12,12,30
1631,12,12,30
1632,12,12,30
1633,12,12,30
1634,12,12,30
1635,12,12,30
1636,12,12,30
1637,12,12,30
1638,12,12,30
1639,12,12,30
1640,12,12,30
1641,12,12,30
1642,12,12,30
1643,12,12,30
1644,12,12,30
1645,12,12,30
1646,12,12,30
1647,12,12,30
1648,12,12,30
1649,12,12,30
1650,12,12,30
1651,12,12,30
1652,12,12,30
1653,12,12,30
1654,12,12,30
1655,12,12,30
1656,12,12,30
1657,12,12,30
1658,12,12,30
1659,12,12,30
1660,12,12,30
1661,12,12,30
1662,12,12,30
1663,12,12,30
1664,12,12,30
1665,12,12,30
1666,12,12,30
1667,12,12,30
1668,12,12,30
1669,12,12,30
1670,12,12,30
1671,12,12,30
1672,12,12,30
1673,12,12,30
1674,12,12,30
1675,12,12,30
1676,12,12,30
1677,12,12,30
1678,12,12,30
1679,12,12,30
1680,12,12,30
1681,12,12,30
1682,12,12,30
1683,12,12,30
1684,12,12,30
1685,12,12,30
1686,12,12,30
1687,12,12,30
1688,12,12,30
1689,12,12,30
1690,12,12,30
1691,12,12,30
1692,12,12,30
1693,12,12,30
1694,12,12,30
1695,12,12,30
1696,12,12,30
1697,12,12,30
1698,12,12,30
1699,12,12,30
1700,12,12,30
1701,12,12,30
1702,12,12,30
1703,12,12,30
1704,12,12,30
1705,12,12,30
1706,12,12,30
1707,12,12,30
1708,12,12,30
1709,12,12,30
1710,12,12,30
1711,12,12,30
1712,12,12,30
1713,12,12,30
1714,12,12,30
1715,12,12,30
1716,12,12,30
1717,12,12,30
1718,12,12,30
1719,12,12,30
1720,12,12,30
1721,12,12,30
1722,12,12,30
1723,12,12,30
1724,12,12,30
1725,12,12,30
1726,12,12,30
1727,12,12,30
1728,12,12,30
1729,12,12,30
1730,12,12,30
1731,12,12,30
1732,12,12,30
1733,12,12,30
1734,12,12,30
1735,12,12,30
1736,12,12,30
1737,12,12,30
1738,12,12,30
1739,12,12,30
1740,12,12,30
1741,12,12,30
1742,12,12,30
1743,12,12,30
1744,12,12,30
1745,12,12,30
1746,12,12,30
1747,12,12,30
1748,12,12,30
1749,12,12,30
1750,12,12,30
1751,12,12,30
1752,12,12,30
1753,12,12,30
1754,12,12,30
1755,12,12,30
1756,12,12,30
1757,12,12,30
1758,12,12,30
1759,12,12,30
1760,12,12,30
1761,12,12,30
1762,12,12,30
1763,12,12,30
1764,12,12,30
1765,12,12,30
1766,12,12,30
1767,12,12,30
1768,12,12,30
1769,12,12,30
1770,12,12,30
1771,12,12,30
1772,12,12,30
1773,12,12,30
1774,12,12,30
1775,12,12,30
1776,12,12,30
1777,12,12,30
1778,12,12,30
1779,12,12,30
1780,12,12,30
1781,12,12,30
1782,12,12,30
1783,12,12,30
1784,12,12,30
1785,12,12,30
1786,12,12,29
1787,12,12,30
1788,12,12,30
1789,12,12,30
1790,12,12,30
1791,12,12,30
1792,12,12,30
1793,12,12,30
1794,12,12,30
1795,12,12,30
1796,12,12,30
1797,12,12,30
1798,12,12,30
1799,12,12,30
1800,12,12,30
1801,12,12,30
1802,12,12,30
1803,12,12,30
1804,12,12,30
1805,12,12,30
1806,12,12,30
1807,12,12,30
1808,12,12,30
1809,12,12,30
1810,12,12,30
1811,12,12,30
1812,12,12,30
1813,12,12,30
1814,12,12,30
1815,12,12,30
1816,12,12,30
1817,12,12,30
1818,12,12,30
1819,12,12,30
1820,12,12,30
1821,12,12,30
1822,12,12,30
1823,12,12,30
1824,12,12,30
1825,12,12,30
1826,12,12,30
1827,12,12,30
1828,12,12,30
1829,12,12,30
1830,12,12,30
1831,12,12,30
1832,12,12,30
1833,12,12,30
1834,12,12,30
1835,12,12,30
1836,12,12,30
1837,12,12,30
1838,12,12,30
1839,12,12,30
1840,12,12,30
1841,12,12,30
1842,12,12,30
1843,12,12,30
1844,12,12,30
1845,12,12,30
1846,12,12,30
1847,12,12,30
1848,12,12,30
1849,12,12,30
1850,12,12,30
1851,12,12,30
1852,12,12,30
1853,12,12,30
1854,12,12,30
1855,12,12,30
1856,12,12,30
1857,12,12,30
1858,12,12,30
1859,12,12,30
1860,12,12,30
1861,12,12,30
1862,12,12,30
1863,12,12,30
1864,12,12,30
1865,12,12,30
1866,12,12,30
1867,12,12,30
1868,12,12,30
1869,12,12,30
1870,12,12,30
1871,12,12,30
1872,12,12,30
1873,12,12,30
1874,12,12,30
1875,12,12,30
1876,12,12,30
1877,12,12,30
1878,12,12,30
1879,12,12,30
1880,12,12,30
1881,12,12,30
1882,12,12,30
1883,12,12,30
1884,12,12,30
1885,12,12,30
1886,12,12,30
1887,12,12,30
1888,12,12,30
1889,12,12,30
1890,12,12,30
1891,12,12,30
1892,12,12,30
1893,12,12,30
1894,12,12,30
1895,12,12,30
1896,12,12,30
1897,12,12,30
1898,12,12,30
1899,12,12,30
1900,12,12,30
1901,12,12,30
1902,12,12,30
1903,12,12,30
1904,12,12,30
1905,12,12,30
1906,12,12,30
1907,12,12,30
1908,12,12,30
1909,12,12,30
1910,12,12,30
1911,12,12,30
1912,12,12,30
1913,12,12,30
1914,12,12,30
1915,12,12,30
1916,12,12,30
1917,12,12,30
1918,12,12,30
1919,12,12,30
1920,12,12,30
1921,12,12,30
1922,12,12,30
1923,12,12,30
1924,12,12,30
1925,12,12,30
1926,12,12,30
1927,12,12,30
1928,12,12,30
1929,12,12,30
1930,12,12,30
1931,12,12,30
1932,12,12,30
1933,12,12,30
1934,12,12,30
1935,12,12,30
1936,12,12,30
1937,12,12,30
1938,12,12,30
1939,12,12,30
1940,12,12,30
1941,12,12,30
1942,12,12,30
1943,12,12,30
1944,12,12,30
1945,12,12,30
1946,12,12,30
1947,12,12,30
1948,12,12,30
1949,12,12,30
1950,12,12,30
1951,12,12,30
1952,12,12,30
1953,12,12,30
1954,12,12,30
1955,12,12,30
1956,12,12,30
1957,12,12,30
1958,12,12,30
1959,12,12,30
1960,12,12,30
1961,12,12,30
1962,12,12,30
1963,12,12,30
1964,12,12,30
1965,12,12,30
1966,12,12,30
1967,12,12,30
1968,12,12,30
1969,12,12,30
1970,12,12,30
1971,12,12,30
1972,12,12,30
1973,12,12,30
1974,12,12,30
1975,12,12,30
1976,12,12,30
1977,12,12,30
1978,12,12,30
1979,12,12,30
1980,12,12,30
1981,12,12,30
1982,12,12,30
1983,12,12,30
1984,12,12,30
1985,12,12,30
1986,12,12,30
1987,12,12,30
1988,12,12,30
1989,12,12,30
1990,12,12,30
1991,12,12,30
1992,12,12,30
1993,12,12,30
1994,12,12,30
1995,12,12,30
1996,12,12,30
1997,12,12,30
1998,12,12,30
1999,12,12,30
