0,1,0,0
1,1,0,0
2,0,0,0
3,1,0,0
4,1,0,0
5,1,0,0
6,1,0,0
7,1,0,0
8,2,0,0
9,2,0,0
10,3,0,0
11,3,0,0
12,2,0,0
13,2,0,0
14,2,0,0
15,2,0,0
16,2,0,0
17,2,0,0
18,2,0,0
19,5,0,0
20,3,0,0
21,4,2,1
22,3,3,3
23,3,3,3
24,3,3,2
25,3,3,3
26,3,3,2
27,4,3,3
28,4,3,3
29,4,3,2
30,4,3,3
31,4,3,2
32,4,3,2
33,5,2,1
34,5,2,1
35,5,0,0
36,5,0,0
37,5,0,0
38,5,0,0
39,5,0,0
40,5,3,2
41,5,4,3
42,5,4,4
43,5,4,5
44,5,4,5
45,5,4,5
46,5,4,5
47,5,4,5
48,5,4,5
49,5,4,5
50,5,4,5
51,5,5,7
52,5,5,7
53,6,5,6
54,6,5,7
55,6,5,7
56,6,5,7
57,6,5,7
58,6,5,6
59,5,5,6
60,5,4,5
61,5,4,4
62,5,4,4
63,5,4,4
64,5,4,4
65,5,4,5
66,5,4,5
67,5,4,5
68,5,4,3
69,5,4,4
70,4,3,2
71,5,4,3
72,5,4,4
73,6,4,4
74,4,4,4
75,5,5,5
76,5,5,6
77,5,5,7
78,5,5,6
79,5,5,6
80,5,5,7
81,6,5,7
82,5,4,5
83,7,6,7
84,6,4,5
85,7,4,5
86,7,6,7
87,7,5,7
88,7,5,7
89,7,5,6
90,6,5,7
91,6,5,7
92,7,5,7
93,6,5,7
94,6,5,7
95,6,5,7
96,5,5,7
97,5,5,7
98,5,5,7
99,5,5,7
100,4,4,3
101,5,5,6
102,5,5,6
103,6,5,6
104,6,5,7
105,6,5,7
106,6,5,7
107,6,5,7
108,5,5,7
109,6,5,7
110,6,6,8
111,5,5,6
112,6,6,7
113,6,5,7
114,5,5,6
115,5,5,7
116,6,5,7
117,6,5,6
118,6,5,6
119,6,5,7
120,6,5,7
121,6,5,4
122,6,5,7
123,6,5,7
124,6,5,6
125,5,5,6
126,5,5,7
127,5,4,5
128,5,5,6
129,5,5,7
130,5,5,7
131,5,5,6
132,5,5,5
133,5,5,7
134,4,4,4
135,5,5,6
136,5,5,7
137,6,5,7
138,6,5,7
139,6,6,10
140,6,6,8
141,6,6,9
142,6,6,9
143,6,6,9
144,6,6,10
145,6,6,7
146,6,6,9
147,6,6,9
148,6,6,9
149,6,6,9
150,6,6,10
151,6,6,10
152,6,6,10
153,6,6,10
154,6,6,9
155,6,6,9
156,6,6,10
157,6,6,10
158,6,6,10
159,6,6,10
160,6,6,10
161,6,6,10
162,6,6,10
163,6,6,9
164,6,6,8
165,6,6,10
166,6,6,9
167,6,6,8
168,6,6,10
169,6,6,9
170,7,6,10
171,7,6,10
172,7,6,10
173,7,6,10
174,7,6,10
175,7,6,10
176,7,6,10
177,7,6,10
178,6,6,10
179,6,6,9
180,6,6,9
181,6,6,10
182,6,6,10
183,6,6,9
184,6,6,9
185,6,6,10
186,6,6,9
187,6,6,9
188,6,6,10
189,7,6,10
190,7,6,10
191,7,6,10
192,7,7,12
193,7,7,12
194,7,7,12
195,7,7,12
196,7,7,12
197,7,7,10
198,6,6,9
199,7,7,12
200,7,7,12
201,7,7,11
202,7,6,9
203,7,6,9
204,7,6,10
205,7,6,9
206,7,6,10
207,7,6,10
208,7,6,9
209,8,6,10
210,8,6,10
211,8,6,10
212,8,6,10
213,8,6,10
214,8,7,11
215,7,7,12
216,7,7,11
217,7,7,12
218,7,7,12
219,7,7,12
220,7,7,12
221,7,7,12
222,7,7,12
223,7,7,12
224,7,7,12
225,7,7,12
226,7,7,12
227,7,7,12
228,7,7,12
229,7,7,12
230,7,7,12
231,7,7,11
232,7,7,11
233,7,7,12
234,7,7,12
235,7,7,12
236,8,7,12
237,7,7,12
238,7,7,12
239,7,7,12
240,7,7,10
241,7,7,12
242,7,6,9
243,7,7,9
244,7,7,12
245,7,7,12
246,7,7,12
247,7,7,12
248,7,7,11
249,7,7,12
250,7,7,12
251,7,7,12
252,7,7,12
253,7,7,12
254,7,7,12
255,7,7,12
256,7,7,12
257,7,7,12
258,7,7,12
259,7,7,12
260,7,7,12
261,7,7,12
262,7,7,12
263,7,7,12
264,6,6,9
265,6,6,9
266,6,6,9
267,6,6,8
268,6,6,9
269,6,6,9
270,6,6,9
271,6,6,8
272,6,6,9
273,7,7,10
274,7,7,12
275,7,7,12
276,7,7,11
277,7,7,9
278,7,7,10
279,7,7,11
280,7,7,12
281,7,7,11
282,7,7,12
283,7,7,12
284,7,7,12
285,7,7,12
286,7,7,12
287,7,7,12
288,7,7,12
289,7,7,12
290,7,7,10
291,7,7,12
292,7,7,12
293,7,7,12
294,7,7,12
295,7,7,12
296,7,7,12
297,7,7,12
298,7,7,12
299,7,7,12
300,8,7,12
301,8,7,12
302,7,7,10
303,8,8,15
304,8,8,13
305,8,8,14
306,8,8,15
307,8,8,15
308,8,8,15
309,8,8,15
310,8,8,15
311,8,8,15
312,8,8,15
313,8,8,15
314,8,8,15
315,8,8,15
316,8,8,15
317,8,8,14
318,8,8,15
319,8,8,15
320,8,8,15
321,8,8,15
322,8,8,15
323,8,8,15
324,8,8,15
325,8,8,15
326,8,8,15
327,8,8,15
328,8,8,15
329,8,8,14
330,8,8,15
331,8,8,15
332,8,8,15
333,8,8,15
334,8,8,14
335,8,8,14
336,8,8,14
337,8,8,14
338,8,8,14
339,8,8,15
340,8,8,14
341,8,8,15
342,8,8,15
343,8,8,15
344,8,8,14
345,8,8,15
346,8,8,15
347,8,8,14
348,8,8,15
349,8,8,15
350,8,8,15
351,8,8,15
352,8,8,15
353,8,8,15
354,9,8,15
355,9,9,17
356,9,9,17
357,9,9,17
358,9,9,17
359,9,9,17
360,9,9,16
361,9,9,16
362,9,9,17
363,9,9,17
364,9,9,16
365,9,9,17
366,9,9,17
367,9,9,17
368,9,9,17
369,8,8,15
370,9,9,17
371,8,8,15
372,9,9,17
373,9,9,17
374,9,9,17
375,9,9,17
376,9,9,17
377,9,9,17
378,9,9,17
379,9,9,16
380,9,9,17
381,9,9,17
382,9,9,16
383,9,9,17
384,9,9,17
385,9,9,17
386,9,9,16
387,9,9,17
388,9,9,16
389,9,9,17
390,9,9,17
391,9,9,17
392,9,9,17
393,9,9,17
394,9,9,17
395,9,9,17
396,9,9,17
397,9,9,16
398,9,9,16
399,9,9,17
400,9,9,15
401,9,9,17
402,9,9,17
403,9,9,17
404,9,9,17
405,9,9,16
406,9,9,17
407,9,9,17
408,9,9,17
409,9,9,17
410,9,9,17
411,9,9,17
412,9,9,17
413,9,9,17
414,8,8,15
415,9,9,16
416,9,9,17
417,8,8,13
418,8,8,15
419,8,8,15
420,8,8,15
421,8,8,15
422,8,8,14
423,8,8,15
424,8,8,15
425,8,8,15
426,8,8,15
427,8,8,15
428,8,8,15
429,8,8,15
430,8,8,15
431,8,8,15
432,8,8,15
433,8,8,15
434,8,8,15
435,8,8,15
436,8,8,15
437,8,8,15
438,8,8,15
439,8,8,15
440,8,8,14
441,8,8,15
442,8,8,15
443,8,8,15
444,8,8,15
445,8,8,15
446,8,8,14
447,8,8,14
448,8,8,15
449,8,8,13
450,8,8,15
451,8,8,15
452,8,8,14
453,8,8,14
454,8,8,15
455,8,8,14
456,8,8,15
457,8,8,14
458,8,8,14
459,8,8,14
460,8,8,15
461,8,8,15
462,8,8,14
463,8,8,14
464,8,8,13
465,8,8,14
466,8,8,13
467,8,8,13
468,8,8,15
469,8,8,15
470,8,8,15
471,8,8,15
472,8,8,15
473,8,8,15
474,7,7,11
475,8,8,15
476,8,8,15
477,8,8,15
478,8,8,15
479,8,8,15
480,8,8,14
481,8,8,15
482,8,8,15
483,8,8,15
484,8,8,15
485,8,8,15
486,8,8,15
487,8,8,15
488,8,8,14
489,8,8,15
490,8,8,15
491,8,8,15
492,8,8,14
493,8,8,15
494,8,8,15
495,8,8,15
496,8,8,15
497,8,8,15
498,8,8,15
499,8,8,15
500,8,8,15
501,8,8,15
502,8,8,15
503,8,8,15
504,9,8,15
505,9,8,15
506,9,8,14
507,9,9,17
508,9,9,16
509,9,9,16
510,9,9,17
511,8,8,15
512,10,10,18
513,9,9,18
514,10,10,19
515,10,10,20
516,10,10,19
517,10,10,21
518,10,10,20
519,10,10,21
520,10,10,21
521,10,10,21
522,10,10,21
523,10,10,20
524,10,10,21
525,10,10,21
526,10,10,21
527,10,10,21
528,10,10,21
529,10,10,20
530,10,10,20
531,10,10,20
532,10,10,21
533,10,10,21
534,10,10,21
535,10,10,21
536,10,10,20
537,10,10,21
538,10,10,21
539,10,10,21
540,10,10,21
541,10,10,21
542,10,10,21
543,10,10,20
544,10,10,21
545,10,10,21
546,10,10,21
547,10,10,21
548,10,10,21
549,10,10,21
550,10,10,21
551,10,10,21
552,10,10,21
553,10,10,21
554,10,10,21
555,10,10,21
556,10,10,21
557,10,10,21
558,10,10,21
559,10,10,21
560,10,10,21
561,10,10,21
562,10,10,21
563,10,10,21
564,10,10,21
565,10,10,21
566,10,10,21
567,10,10,21
568,10,10,21
569,10,10,21
570,10,10,21
571,10,10,21
572,10,10,20
573,10,10,21
574,10,10,21
575,10,10,20
576,10,10,21
577,10,10,21
578,10,10,21
579,10,10,21
580,10,10,21
581,10,10,21
582,10,10,20
583,10,10,21
584,10,10,21
585,10,10,21
586,10,10,21
587,10,10,21
588,10,10,21
589,10,10,21
590,10,10,21
591,10,10,21
592,10,10,21
593,10,10,21
594,10,10,21
595,10,10,21
596,10,10,21
597,10,10,21
598,10,10,21
599,10,10,21
600,10,10,21
601,10,10,21
602,10,10,21
603,10,10,21
604,10,10,21
605,10,10,20
606,10,10,20
607,10,10,21
608,10,10,21
609,10,10,21
610,10,10,21
611,10,10,21
612,10,10,20
613,10,10,21
614,10,10,21
615,10,10,21
616,10,10,21
617,10,10,21
618,10,10,21
619,10,10,21
620,10,10,21
621,10,10,21
622,10,10,21
623,10,10,21
624,10,10,21
625,10,10,19
626,10,10,21
627,10,10,21
628,10,10,21
629,10,10,21
630,10,10,21
631,10,10,21
632,10,10,21
633,10,10,21
634,10,10,21
635,10,10,21
636,10,10,21
637,10,10,21
638,10,10,21
639,10,10,21
640,10,10,21
641,10,10,21
642,10,10,21
643,10,10,21
644,10,10,21
645,10,10,21
646,10,10,21
647,10,10,21
648,10,10,21
649,10,10,21
650,10,10,21
651,10,10,21
652,10,10,21
653,10,10,20
654,10,10,21
655,10,10,21
656,10,10,21
657,10,10,20
658,10,10,21
659,10,10,21
660,10,10,21
661,10,10,21
662,10,10,21
663,10,10,21
664,10,10,21
665,10,10,20
666,10,10,21
667,10,10,21
668,10,10,21
669,10,10,21
670,10,10,21
671,10,10,20
672,10,10,21
673,10,10,21
674,10,10,21
675,10,10,19
676,10,10,21
677,10,10,20
678,10,10,21
679,10,10,21
680,10,10,21
681,10,10,21
682,10,10,20
683,10,10,21
684,10,10,21
685,10,10,21
686,10,10,21
687,10,10,21
688,10,10,21
689,10,10,21
690,10,10,21
691,10,10,20
692,10,10,21
693,10,10,21
694,10,10,21
695,10,10,21
696,10,10,21
697,10,10,21
698,10,10,21
699,11,11,25
700,11,11,24
701,11,11,25
702,11,11,25
703,11,11,25
704,11,11,25
705,11,11,25
706,11,11,25
707,11,11,25
708,11,11,25
709,11,11,25
710,11,11,24
711,11,11,25
712,11,11,25
713,11,11,25
714,11,11,25
715,11,11,25
716,11,11,25
717,11,11,25
718,11,11,25
719,11,11,25
720,11,11,25
721,11,11,25
722,11,11,25
723,11,11,25
724,11,11,25
725,11,11,25
726,11,11,25
727,11,11,25
728,11,11,25
729,11,11,25
730,11,11,25
731,11,11,25
732,11,11,25
733,11,11,25
734,11,11,25
735,11,11,25
736,11,11,25
737,11,11,25
738,11,11,25
739,11,11,25
740,11,11,25
741,11,11,25
742,11,11,25
743,11,11,25
744,11,11,25
745,11,11,25
746,11,11,25
747,11,11,25
748,11,11,25
749,11,11,25
750,11,11,25
751,11,11,25
752,11,11,25
753,11,11,25
754,11,11,25
755,11,11,25
756,11,11,25
757,11,11,24
758,11,11,24
759,11,11,25
760,11,11,25
761,11,11,25
762,11,11,25
763,11,11,24
764,11,11,25
765,11,11,25
766,11,11,25
767,11,11,25
768,11,11,25
769,11,11,25
770,11,11,25
771,11,11,25
772,11,11,25
773,11,11,25
774,11,11,24
775,11,11,25
776,11,11,25
777,11,11,25
778,11,11,25
779,11,11,25
780,11,11,25
781,11,11,24
782,11,11,25
783,11,11,25
784,11,11,25
785,11,11,25
786,11,11,25
787,11,11,25
788,11,11,25
789,11,11,25
790,11,11,25
791,11,11,25
792,11,11,25
793,11,11,25
794,11,11,25
795,11,11,25
796,11,11,25
797,11,11,25
798,11,11,25
799,11,11,24
800,11,11,25
801,11,11,25
802,11,11,25
803,11,11,25
804,11,11,25
805,11,11,25
806,11,11,25
807,11,11,25
808,11,11,25
809,11,11,24
810,11,11,25
811,11,11,25
812,11,11,25
813,11,11,25
814,11,11,25
815,11,11,25
816,11,11,25
817,11,11,25
818,11,11,25
819,11,11,25
820,11,11,25
821,11,11,25
822,11,11,25
823,11,11,25
824,11,11,25
825,11,11,25
826,11,11,25
827,11,11,25
828,11,11,25
829,11,11,25
830,11,11,25
831,11,11,25
832,11,11,25
833,11,11,25
834,11,11,25
835,11,11,25
836,11,11,25
837,11,11,25
838,11,11,25
839,11,11,25
840,11,11,25
841,11,11,25
842,11,11,25
843,11,11,25
844,11,11,25
845,11,11,24
846,11,11,25
847,11,11,25
848,11,11,25
849,11,11,25
850,11,11,25
851,11,11,25
852,11,11,25
853,11,11,25
854,11,11,25
855,11,11,25
856,11,11,25
857,11,11,25
858,11,11,25
859,11,11,25
860,11,11,25
861,11,11,25
862,11,11,25
863,11,11,25
864,11,11,25
865,11,11,25
866,11,11,25
867,11,11,25
868,11,11,25
869,11,11,25
870,11,11,25
871,11,11,25
872,11,11,24
873,11,11,25
874,11,11,25
875,11,11,25
876,11,11,25
877,11,11,25
878,11,11,25
879,11,11,25
880,11,11,25
881,11,11,25
882,11,11,25
883,11,11,25
884,11,11,25
885,11,11,25
886,11,11,25
887,11,11,25
888,11,11,25
889,11,11,25
890,11,11,25
891,11,11,25
892,11,11,25
893,11,11,25
894,11,11,25
895,11,11,25
896,11,11,25
897,11,11,25
898,11,11,24
899,11,11,25
900,11,11,25
901,11,11,25
902,11,11,25
903,11,11,25
904,11,11,25
905,11,11,25
906,11,11,25
907,11,11,25
908,11,11,25
909,11,11,25
910,11,11,25
911,11,11,25
912,12,12,26
913,12,12,30
914,12,12,30
915,12,12,30
916,12,12,30
917,12,12,30
918,12,12,30
919,12,12,30
920,12,12,30
921,12,12,30
922,12,12,30
923,12,12,30
924,12,12,30
925,12,12,30
926,12,12,30
927,12,12,30
928,12,12,30
929,12,12,30
930,12,12,30
931,12,12,30
932,12,12,30
933,12,12,30
934,12,12,30
935,12,12,30
936,12,12,30
937,12,12,30
938,12,12,30
939,12,12,30
940,12,12,30
941,12,12,30
942,12,12,30
943,12,12,30
944,12,12,30
945,12,12,30
946,12,12,30
947,12,12,30
948,12,12,30
949,12,12,30
950,12,12,30
951,12,12,30
952,12,12,30
953,12,12,30
954,12,12,30
955,12,12,30
956,12,12,30
957,12,12,30
958,12,12,30
959,12,12,30
960,12,12,30
961,12,12,30
962,12,12,30
963,12,12,30
964,12,12,30
965,12,12,30
966,12,12,30
967,12,12,30
968,12,12,30
969,12,12,30
970,12,12,29
971,12,12,30
972,12,12,30
973,12,12,30
974,12,12,30
975,12,12,30
976,12,12,30
977,12,12,30
978,12,12,30
979,12,12,30
980,12,12,30
981,12,12,30
982,12,12,30
983,12,12,30
984,12,12,30
985,12,12,30
986,12,12,30
987,12,12,30
988,12,12,30
989,12,12,30
990,12,12,30
991,12,12,30
992,12,12,30
993,12,12,30
994,12,12,30
995,12,12,30
996,12,12,30
997,12,12,30
998,12,12,30
999,12,12,30
1000,12,12,30
1001,12,12,30
1002,12,12,30
1003,12,12,30
1004,12,12,30
1005,12,12,30
1006,12,12,30
1007,12,12,30
1008,12,12,30
1009,12,12,30
1010,12,12,30
1011,12,12,30
1012,12,12,30
1013,12,12,30
1014,12,12,30
1015,12,12,30
1016,12,12,30
1017,12,12,30
1018,12,12,30
1019,12,12,30
1020,12,12,30
1021,12,12,30
1022,12,12,30
1023,12,12,30
1024,12,12,30
1025,12,12,30
1026,12,12,30
1027,12,12,30
1028,12,12,30
1029,12,12,30
1030,12,12,30
1031,12,12,30
1032,12,12,30
1033,12,12,29
1034,12,12,30
1035,12,12,30
1036,12,12,30
1037,12,12,30
1038,12,12,30
1039,12,12,30
1040,12,12,30
1041,12,12,30
1042,12,12,30
1043,12,12,30
1044,12,12,30
1045,12,12,30
1046,12,12,30
1047,12,12,30
1048,12,12,30
1049,12,12,30
1050,12,12,30
1051,12,12,30
1052,12,12,30
1053,12,12,30
1054,12,12,30
1055,12,12,30
1056,12,12,30
1057,12,12,30
1058,12,12,30
1059,12,12,30
1060,12,12,30
1061,12,12,30
1062,12,12,30
1063,12,12,30
1064,12,12,30
1065,12,12,30
1066,12,12,30
1067,12,12,30
1068,12,12,30
1069,12,12,30
1070,12,12,30
1071,12,12,30
1072,12,12,30
1073,12,12,30
1074,12,12,30
1075,12,12,30
1076,12,12,30
1077,12,12,30
1078,12,12,30
1079,12,12,30
1080,12,12,30
1081,12,12,30
1082,12,12,30
1083,12,12,30
1084,12,12,30
1085,12,12,30
1086,12,12,30
1087,12,12,30
1088,12,12,30
1089,12,12,30
1090,12,12,30
1091,12,12,30
1092,12,12,30
1093,12,12,30
1094,12,12,30
1095,12,12,30
1096,12,12,30
1097,12,12,30
1098,12,12,30
1099,12,12,30
1100,12,12,30
1101,12,12,30
1102,12,12,30
1103,12,12,30
1104,12,12,30
1105,12,12,30
1106,12,12,30
1107,12,12,30
1108,12,12,30
1109,12,12,30
1110,12,12,30
1111,12,12,30
1112,12,12,30
1113,12,12,30
1114,12,12,30
1115,12,12,30
1116,12,12,30
1117,12,12,30
1118,12,12,30
1119,12,12,30
1120,12,12,30
1121,12,12,30
1122,12,12,30
1123,12,12,30
1124,12,12,30
1125,12,12,30
1126,12,12,30
1127,12,12,30
1128,12,12,30
1129,12,12,30
1130,12,12,30
1131,12,12,30
1132,12,12,30
1133,12,12,30
1134,12,12,30
1135,12,12,30
1136,12,12,30
1137,12,12,30
1138,12,12,30
1139,12,12,30
1140,12,12,30
1141,12,12,30
1142,12,12,30
1143,12,12,30
1144,12,12,30
1145,12,12,30
1146,12,12,30
1147,12,12,30
1148,12,12,30
1149,12,12,30
1150,12,12,30
1151,12,12,30
1152,12,12,30
1153,12,12,30
1154,12,12,30
1155,12,12,30
1156,12,12,30
1157,12,12,30
1158,12,12,30
1159,12,12,30
1160,12,12,30
1161,12,12,30
1162,12,12,30
1163,12,12,30
1164,12,12,30
1165,12,12,30
1166,12,12,30
1167,12,12,30
1168,12,12,30
1169,12,12,30
1170,12,12,30
1171,12,12,30
1172,12,12,30
1173,12,12,30
1174,12,12,30
1175,12,12,30
1176,12,12,30
1177,12,12,30
1178,12,12,30
1179,12,12,30
1180,12,12,30
1181,12,12,30
1182,12,12,28
1183,12,12,30
1184,12,12,30
1185,12,12,30
1186,12,12,30
1187,12,12,30
1188,12,12,30
1189,12,12,30
1190,12,12,30
1191,12,12,30
1192,12,12,30
1193,12,12,30
1194,12,12,30
1195,12,12,30
1196,12,12,30
1197,12,12,30
1198,12,12,30
1199,12,12,30
1200,12,12,30
1201,12,12,30
1202,12,12,30
1203,12,12,30
1204,12,12,30
1205,12,12,30
1206,12,12,30
1207,12,12,30
1208,12,12,30
1209,12,12,30
1210,12,12,30
1211,12,12,30
1212,12,12,30
1213,12,12,30
1214,12,12,30
1215,12,12,30
1216,12,12,30
1217,12,12,30
1218,12,12,30
1219,12,12,30
1220,12,12,30
1221,12,12,30
1222,12,12,30
1223,12,12,30
1224,12,12,30
1225,12,12,30
1226,12,12,30
1227,12,12,30
1228,12,12,30
1229,12,12,30
1230,12,12,30
1231,12,12,30
1232,12,12,30
1233,12,12,30
1234,12,12,30
1235,12,12,30
1236,12,12,30
1237,12,12,30
1238,12,12,30
1239,12,12,30
1240,12,12,30
1241,12,12,30
1242,12,12,30
1243,12,12,30
1244,12,12,30
1245,12,12,30
1246,12,12,30
1247,12,12,30
1248,12,12,30
1249,12,12,30
1250,12,12,30
1251,12,12,30
1252,12,12,30
1253,12,12,30
1254,12,12,30
1255,12,12,30
1256,12,12,30
1257,12,12,30
1258,12,12,30
1259,12,12,30
1260,12,12,30
1261,12,12,30
1262,12,12,30
1263,12,12,30
1264,12,12,30
1265,12,12,30
1266,12,12,30
1267,12,12,30
1268,12,12,30
1269,12,12,30
1270,12,12,30
1271,12,12,30
1272,12,12,30
1273,12,12,30
1274,12,12,30
1275,12,12,30
1276,12,12,30
1277,12,12,30
1278,12,12,30
1279,12,12,30
1280,12,12,30
1281,12,12,30
1282,12,12,30
1283,12,12,30
1284,12,12,30
1285,12,12,30
1286,12,12,30
1287,12,12,30
1288,12,12,30
1289,12,12,30
1290,12,12,30
1291,12,12,30
1292,12,12,30
1293,12,12,30
1294,12,12,30
1295,12,12,30
1296,12,12,30
1297,12,12,30
1298,12,12,30
1299,12,12,30
1300,12,12,30
1301,12,12,30
1302,12,12,30
1303,12,12,30
1304,12,12,30
1305,12,12,30
1306,12,12,30
1307,12,12,30
1308,12,12,30
1309,12,12,30
1310,12,12,30
1311,12,12,30
1312,12,12,30
1313,12,12,30
1314,12,12,30
1315,12,12,30
1316,12,12,30
1317,12,12,30
1318,12,12,30
1319,12,12,30
1320,12,12,30
1321,12,12,30
1322,12,12,30
1323,12,12,30
1324,12,12,30
1325,12,12,30
1326,12,12,30
1327,12,12,30
1328,12,12,30
1329,12,12,30
1330,12,12,30
1331,12,12,30
1332,12,12,30
1333,12,12,30
1334,12,12,30
1335,12,12,30
1336,12,12,30
1337,12,12,30
1338,12,12,30
1339,12,12,30
1340,12,12,30
1341,12,12,30
1342,12,12,30
1343,12,12,30
1344,12,12,30
1345,12,12,30
1346,12,12,30
1347,12,12,29
1348,12,12,30
1349,12,12,30
1350,12,12,30
1351,12,12,30
1352,12,12,30
1353,12,12,30
1354,12,12,30
1355,12,12,30
1356,12,12,30
1357,12,12,30
1358,12,12,30
1359,12,12,30
1360,12,12,30
1361,12,12,30
1362,12,12,30
1363,12,12,30
1364,12,12,30
1365,12,12,30
1366,12,12,30
1367,12,12,30
1368,12,12,30
1369,12,12,30
1370,12,12,30
1371,12,12,30
1372,12,12,30
1373,12,12,30
1374,12,12,30
1375,12,12,30
1376,12,12,30
1377,12,12,30
1378,12,12,30
1379,12,12,30
1380,12,12,30
1381,12,12,30
1382,12,12,30
1383,12,12,30
1384,12,12,30
1385,12,12,30
1386,12,12,30
1387,12,12,30
1388,12,12,30
1389,12,12,30
1390,12,12,30
1391,12,12,30
1392,12,12,30
1393,12,12,30
1394,12,12,30
1395,12,12,30
1396,12,12,30
1397,12,12,30
1398,12,12,30
1399,12,12,30
1400,12,12,30
1401,12,12,30
1402,12,12,30
1403,12,12,30
1404,12,12,30
1405,12,12,30
1406,12,12,30
1407,12,12,30
1408,12,12,30
1409,12,12,30
1410,12,12,30
1411,12,12,30
1412,12,12,30
1413,12,12,30
1414,12,12,30
1415,12,12,30
1416,12,12,30
1417,12,12,30
1418,12,12,30
1419,12,12,30
1420,12,12,30
1421,12,12,30
1422,12,12,30
1423,12,12,30
1424,12,12,30
1425,12,12,30
1426,12,12,30
1427,12,12,30
1428,12,12,30
1429,12,12,30
1430,12,12,30
1431,12,12,29
1432,12,12,30
1433,12,12,30
1434,12,12,30
1435,12,12,30
1436,12,12,30
1437,12,12,30
1438,12,12,30
1439,12,12,30
1440,12,12,30
1441,12,12,30
1442,12,12,30
1443,12,12,30
1444,12,12,30
1445,12,12,30
1446,12,12,30
1447,12,12,30
1448,12,12,30
1449,12,12,30
1450,12,12,30
1451,12,12,30
1452,12,12,30
1453,12,12,30
1454,12,12,30
1455,12,12,30
1456,12,12,30
1457,12,12,30
1458,12,12,30
1459,12,12,30
1460,12,12,30
1461,12,12,30
1462,12,12,30
1463,12,12,30
1464,12,12,30
1465,12,12,30
1466,12,12,30
1467,12,12,30
1468,12,12,30
1469,12,12,30
1470,12,12,30
1471,12,12,30
1472,12,12,30
1473,12,12,30
1474,12,12,30
1475,12,12,30
1476,12,12,30
1477,12,12,30
1478,12,12,30
1479,12,12,30
1480,12,12,30
1481,12,12,30
1482,12,12,30
1483,12,12,30
1484,12,12,30
1485,12,12,30
1486,12,12,30
1487,12,12,30
1488,12,12,30
1489,12,12,30
1490,12,12,30
1491,12,12,30
1492,12,12,30
1493,12,12,30
1494,12,12,30
1495,12,12,30
1496,12,12,30
1497,12,12,30
1498,12,12,30
1499,12,12,30
1500,12,12,30
1501,12,12,30
1502,12,12,30
1503,12,12,30
1504,12,12,30
1505,12,12,30
1506,12,12,30
1507,12,12,30
1508,12,12,30
1509,12,12,30
1510,12,12,30
1511,12,12,30
1512,12,12,30
1513,12,12,30
1514,12,12,30
1515,12,12,30
1516,12,12,30
1517,12,12,30
1518,12,12,30
1519,12,12,30
1520,12,12,30
1521,12,12,30
1522,12,12,30
1523,12,12,30
1524,12,12,30
1525,12,12,30
1526,12,12,30
1527,12,12,30
1528,12,12,30
1529,12,12,30
1530,12,12,30
1531,12,12,30
1532,12,12,30
1533,12,12,30
1534,12,12,30
1535,12,12,30
1536,12,12,30
1537,12,12,30
1538,12,12,30
1539,12,12,30
1540,12,12,30
1541,12,12,30
1542,12,12,30
1543,12,12,30
1544,12,12,30
1545,12,12,30
1546,12,12,30
1547,12,12,30
1548,12,12,30
1549,12,12,30
1550,12,12,30
1551,12,12,30
1552,12,12,30
1553,12,12,30
1554,12,12,30
1555,12,12,30
1556,12,12,30
1557,12,12,30
1558,12,12,30
1559,12,12,30
1560,12,12,30
1561,12,12,30
1562,12,12,30
1563,12,12,30
1564,12,12,29
1565,12,12,30
1566,12,12,30
1567,12,12,30
1568,12,12,30
1569,12,12,30
1570,12,12,30
1571,12,12,30
1572,12,12,30
1573,12,12,30
1574,12,12,30
1575,12,12,30
1576,12,12,30
1577,12,12,30
1578,12,12,30
1579,12,12,30
1580,12,12,30
1581,12,12,30
1582,12,12,30
1583,12,12,30
1584,12,12,30
1585,12,12,30
1586,12,12,30
1587,12,12,30
1588,12,12,29
1589,12,12,30
1590,12,12,30
1591,12,12,30
1592,12,12,30
1593,12,12,30
1594,12,12,30
1595,12,12,30
1596,12,12,30
1597,12,12,30
1598,12,12,30
1599,12,12,30
1600,12,12,30
1601,12,12,30
1602,12,12,30
1603,12,12,30
1604,12,12,30
1605,12,12,30
1606,12,12,30
1607,12,12,30
1608,12,12,30
1609,12,12,30
1610,12,12,30
1611,12,12,30
1612,12,12,30
1613,12,12,30
1614,12,12,30
1615,12,12,30
1616,12,12,30
1617,12,12,30
1618,12,12,30
1619,12,12,30
1620,12,12,30
1621,12,12,30
1622,12,12,30
1623,12,12,30
1624,12,12,30
1625,12,12,30
1626,12,12,30
1627,12,12,30
1628,12,12,30
1629,12,12,30
1630,12,12,30
1631,12,12,30
1632,12,12,30
1633,12,12,30
1634,12,12,30
1635,12,12,30
1636,12,12,30
1637,12,12,30
1638,12,12,30
1639,12,12,30
1640,12,12,30
1641,12,12,30
1642,12,12,30
1643,12,12,30
1644,12,12,30
1645,12,12,30
1646,12,12,30
1647,12,12,30
1648,12,12,30
1649,12,12,30
1650,12,12,30
1651,12,12,30
1652,12,12,30
1653,12,12,30
1654,12,12,30
1655,12,12,30
1656,12,12,30
1657,12,12,30
1658,12,12,30
1659,12,12,30
1660,12,12,30
1661,12,12,30
1662,12,12,30
1663,12,12,30
1664,12,12,30
1665,12,12,29
1666,12,12,30
1667,12,12,30
1668,12,12,30
1669,12,12,30
1670,12,12,30
1671,12,12,30
1672,12,12,30
1673,12,12,30
1674,12,12,30
1675,12,12,30
1676,12,12,30
1677,12,12,30
1678,12,12,30
1679,12,12,30
1680,12,12,30
1681,12,12,30
1682,12,12,30
1683,12,12,30
1684,12,12,30
1685,12,12,30
1686,12,12,30
1687,12,12,30
1688,12,12,30
1689,12,12,30
1690,12,12,30
1691,12,12,30
1692,12,12,30
1693,12,12,30
1694,12,12,30
1695,12,12,30
1696,12,12,30
1697,12,12,30
1698,12,12,30
1699,12,12,30
1700,12,12,30
1701,12,12,30
1702,12,12,30
1703,12,12,30
1704,12,12,30
1705,12,12,30
1706,12,12,30
1707,12,12,30
1708,12,12,30
1709,12,12,30
1710,12,12,30
1711,12,12,30
1712,12,12,30
1713,12,12,30
1714,12,12,30
1715,12,12,30
1716,12,12,30
1717,12,12,30
1718,12,12,30
1719,12,12,30
1720,12,12,30
1721,12,12,30
1722,12,12,30
1723,12,12,30
1724,12,12,30
1725,12,12,30
1726,12,12,30
1727,12,12,30
1728,12,12,30
1729,12,12,30
1730,12,12,30
1731,12,12,30
1732,12,12,30
1733,12,12,30
1734,12,12,30
1735,12,12,30
1736,12,12,30
1737,12,12,30
1738,12,12,30
1739,12,12,30
1740,12,12,30
1741,12,12,30
1742,12,12,30
1743,12,12,30
1744,12,12,30
1745,12,12,30
1746,12,12,30
1747,12,12,30
1748,12,12,30
1749,12,12,30
1750,12,12,30
1751,12,12,30
1752,12,12,30
1753,12,12,30
1754,12,12,30
1755,12,12,30
1756,12,12,30
1757,12,12,30
1758,12,12,30
1759,12,12,30
1760,12,12,30
1761,12,12,30
1762,12,12,30
1763,12,12,30
1764,12,12,30
1765,12,12,30
1766,12,12,30
1767,12,12,30
1768,12,12,30
1769,12,12,30
1770,12,12,30
1771,12,12,30
1772,12,12,30
1773,12,12,30
1774,12,12,30
1775,12,12,30
1776,12,12,30
1777,12,12,30
1778,12,12,30
1779,12,12,30
1780,12,12,30
1781,12,12,30
1782,12,12,30
1783,12,12,30
1784,12,12,30
1785,12,12,30
1786,12,12,30
1787,12,12,30
1788,12,12,30
1789,12,12,30
1790,12,12,30
1791,12,12,30
1792,12,12,30
1793,12,12,30
1794,12,12,30
1795,12,12,30
1796,12,12,30
1797,12,12,30
1798,12,12,30
1799,12,12,30
1800,12,12,30
1801,12,12,30
1802,12,12,30
1803,12,12,30
1804,12,12,30
1805,12,12,30
1806,12,12,30
1807,12,12,30
1808,12,12,30
1809,12,12,30
1810,12,12,30
1811,12,12,30
1812,12,12,30
1813,12,12,30
1814,12,12,30
1815,12,12,30
1816,12,12,30
1817,12,12,30
1818,12,12,30
1819,12,12,30
1820,12,12,30
1821,12,12,30
1822,12,12,30
1823,12,12,30
1824,12,12,30
1825,12,12,30
1826,12,12,30
1827,12,12,30
1828,12,12,30
1829,12,12,30
1830,12,12,30
1831,12,12,30
1832,12,12,30
1833,12,12,30
1834,12,12,30
1835,12,12,30
1836,12,12,30
1837,12,12,30
1838,12,12,30
1839,12,12,30
1840,12,12,30
1841,12,12,30
1842,12,12,30
1843,12,12,30
1844,12,12,30
1845,12,12,30
1846,12,12,30
1847,12,12,30
1848,12,12,30
1849,12,12,30
1850,12,12,30
1851,12,12,30
1852,12,12,30
1853,12,12,30
1854,12,12,30
1855,12,12,30
1856,12,12,30
1857,12,12,30
1858,12,12,30
1859,12,12,30
1860,12,12,30
1861,12,12,30
1862,12,12,30
1863,12,12,30
1864,12,12,30
1865,12,12,30
1866,12,12,30
1867,12,12,30
1868,12,12,30
1869,12,12,30
1870,12,12,30
1871,12,12,30
1872,12,12,30
1873,12,12,30
1874,12,12,30
1875,12,12,30
1876,12,12,30
1877,12,12,30
1878,12,12,30
1879,12,12,30
1880,12,12,30
1881,12,12,30
1882,12,12,30
1883,12,12,30
1884,12,12,30
1885,12,12,30
1886,12,12,30
1887,12,12,30
1888,12,12,30
1889,12,12,30
1890,12,12,30
1891,12,12,30
1892,12,12,30
1893,12,12,30
1894,12,12,30
1895,12,12,30
1896,12,12,30
1897,12,12,30
1898,12,12,30
1899,12,12,30
1900,12,12,30
1901,12,12,30
1902,12,12,30
1903,12,12,30
1904,12,12,30
1905,12,12,30
1906,12,12,30
1907,12,12,30
1908,12,12,30
1909,12,12,30
1910,12,12,30
1911,12,12,30
1912,12,12,30
1913,12,12,30
1914,12,12,30
1915,12,12,30
1916,12,12,30
1917,12,12,30
1918,12,12,30
1919,12,12,30
1920,12,12,30
1921,12,12,30
1922,12,12,30
1923,12,12,30
1924,12,12,30
1925,12,12,30
1926,12,12,30
1927,12,12,30
1928,12,12,30
1929,12,12,30
1930,12,12,30
1931,12,12,30
1932,12,12,30
1933,12,12,30
1934,12,12,30
1935,12,12,30
1936,12,12,30
1937,12,12,30
1938,12,12,29
1939,12,12,30
1940,12,12,30
1941,12,12,30
1942,12,12,30
1943,12,12,30
1944,12,12,30
1945,12,12,30
1946,12,12,30
1947,12,12,30
1948,12,12,30
1949,12,12,30
1950,12,12,30
1951,12,12,30
1952,12,12,30
1953,12,12,30
1954,12,12,30
1955,12,12,30
1956,12,12,30
1957,12,12,30
1958,12,12,30
1959,12,12,30
1960,12,12,30
1961,12,12,30
1962,12,12,30
1963,12,12,30
1964,12,12,30
1965,12,12,30
1966,12,12,30
1967,12,12,30
1968,12,12,30
1969,12,12,30
1970,12,12,30
1971,12,12,30
1972,12,12,30
1973,12,12,30
1974,12,12,30
1975,12,12,30
1976,12,12,30
1977,12,12,30
1978,12,12,30
1979,12,12,30
1980,12,12,30
1981,12,12,30
1982,12,12,30
1983,12,12,30
1984,12,12,30
1985,12,12,30
1986,12,12,30
1987,12,12,30
1988,12,12,30
1989,12,12,30
1990,12,12,30
1991,12,12,30
1992,12,12,30
1993,12,12,30
1994,12,12,30
1995,12,12,30
1996,12,12,30
1997,12,12,30
1998,12,12,30
1999,12,12,30
