0,0,0,0
1,1,0,0
2,2,0,0
3,2,0,0
4,2,0,0
5,2,0,0
6,2,0,0
7,2,0,0
8,1,0,0
9,1,0,0
10,2,0,0
11,2,0,0
12,2,0,0
13,1,0,0
14,0,0,0
15,1,0,0
16,1,0,0
17,1,0,0
18,1,0,0
19,2,0,0
20,2,0,0
21,0,0,0
22,0,0,0
23,1,0,0
24,2,0,0
25,1,0,0
26,1,0,0
27,1,0,0
28,2,0,0
29,1,0,0
30,2,0,0
31,2,0,0
32,3,0,0
33,2,0,0
34,2,0,0
35,2,0,0
36,2,0,0
37,2,0,0
38,2,0,0
39,2,0,0
40,3,0,0
41,2,0,0
42,2,0,0
43,1,0,0
44,1,0,0
45,1,0,0
46,1,0,0
47,3,0,0
48,2,0,0
49,1,0,0
50,1,0,0
51,2,0,0
52,1,0,0
53,2,0,0
54,1,0,0
55,1,0,0
56,1,0,0
57,1,0,0
58,1,0,0
59,1,0,0
60,2,0,0
61,2,0,0
62,2,0,0
63,2,0,0
64,2,0,0
65,2,0,0
66,2,0,0
67,2,0,0
68,2,0,0
69,3,0,0
70,3,0,0
71,3,0,0
72,3,0,0
73,3,0,0
74,2,2,1
75,2,2,1
76,3,3,2
77,3,2,1
78,3,2,1
79,3,3,2
80,3,3,2
81,3,3,2
82,3,2,1
83,3,0,0
84,3,0,0
85,3,0,0
86,2,2,1
87,2,2,1
88,2,0,0
89,2,0,0
90,2,0,0
91,2,0,0
92,2,0,0
93,2,0,0
94,3,0,0
95,2,0,0
96,2,0,0
97,2,0,0
98,2,0,0
99,2,0,0
100,2,0,0
101,3,0,0
102,2,0,0
103,2,0,0
104,2,0,0
105,2,0,0
106,2,0,0
107,2,0,0
108,2,0,0
109,2,0,0
110,2,0,0
111,2,2,1
112,3,0,0
113,2,0,0
114,2,0,0
115,2,0,0
116,2,0,0
117,3,0,0
118,3,0,0
119,3,0,0
120,3,0,0
121,3,0,0
122,2,0,0
123,2,2,1
124,3,0,0
125,3,0,0
126,3,2,1
127,3,0,0
128,3,2,1
129,3,2,1
130,3,2,1
131,3,0,0
132,3,0,0
133,3,0,0
134,3,0,0
135,3,0,0
136,3,0,0
137,3,0,0
138,3,0,0
139,3,0,0
140,3,0,0
141,3,0,0
142,3,0,0
143,3,0,0
144,3,0,0
145,3,0,0
146,3,0,0
147,3,0,0
148,2,2,1
149,3,2,1
150,3,0,0
151,3,0,0
152,3,0,0
153,2,0,0
154,2,0,0
155,2,0,0
156,3,0,0
157,2,0,0
158,2,0,0
159,2,0,0
160,2,0,0
161,2,0,0
162,2,0,0
163,2,0,0
164,2,0,0
165,2,0,0
166,2,0,0
167,2,0,0
168,2,0,0
169,2,0,0
170,2,0,0
171,2,0,0
172,2,0,0
173,3,0,0
174,1,0,0
175,1,0,0
176,2,0,0
177,2,0,0
178,2,0,0
179,4,2,1
180,4,0,0
181,3,0,0
182,3,0,0
183,3,0,0
184,3,0,0
185,2,0,0
186,3,0,0
187,3,0,0
188,3,0,0
189,3,2,1
190,2,0,0
191,2,0,0
192,2,0,0
193,2,0,0
194,3,0,0
195,3,0,0
196,2,0,0
197,3,0,0
198,2,0,0
199,2,0,0
200,2,0,0
201,2,0,0
202,1,0,0
203,1,0,0
204,1,0,0
205,1,0,0
206,1,0,0
207,1,0,0
208,1,0,0
209,1,0,0
210,2,0,0
211,1,0,0
212,2,0,0
213,2,0,0
214,2,0,0
215,1,0,0
216,1,0,0
217,1,0,0
218,2,0,0
219,2,0,0
220,2,0,0
221,2,0,0
222,2,0,0
223,2,0,0
224,2,0,0
225,2,0,0
226,2,0,0
227,3,0,0
228,4,0,0
229,3,0,0
230,3,0,0
231,3,0,0
232,3,0,0
233,3,0,0
234,3,0,0
235,3,0,0
236,3,0,0
237,3,0,0
238,3,0,0
239,4,0,0
240,4,0,0
241,3,0,0
242,3,2,1
243,3,2,1
244,3,0,0
245,3,0,0
246,2,0,0
247,2,0,0
248,2,0,0
249,2,0,0
250,2,0,0
251,2,0,0
252,3,0,0
253,3,0,0
254,3,0,0
255,2,0,0
256,3,0,0
257,3,0,0
258,2,0,0
259,2,0,0
260,2,0,0
261,2,0,0
262,2,0,0
263,2,0,0
264,1,0,0
265,2,0,0
266,2,0,0
267,1,0,0
268,1,0,0
269,2,0,0
270,2,0,0
271,2,0,0
272,2,0,0
273,1,0,0
274,1,0,0
275,1,0,0
276,1,0,0
277,1,0,0
278,1,0,0
279,2,0,0
280,1,0,0
281,2,0,0
282,3,2,1
283,2,0,0
284,3,2,1
285,1,0,0
286,2,0,0
287,2,0,0
288,1,0,0
289,2,0,0
290,3,0,0
291,2,0,0
292,2,0,0
293,2,0,0
294,2,0,0
295,2,0,0
296,2,0,0
297,2,0,0
298,2,0,0
299,2,0,0
300,2,0,0
301,2,0,0
302,2,0,0
303,2,0,0
304,2,0,0
305,2,0,0
306,2,0,0
307,2,0,0
308,2,0,0
309,2,0,0
310,2,0,0
311,2,0,0
312,2,0,0
313,2,0,0
314,3,0,0
315,3,0,0
316,2,0,0
317,2,2,1
318,3,3,3
319,3,3,2
320,4,3,3
321,3,2,1
322,3,3,2
323,3,3,2
324,4,3,3
325,4,0,0
326,4,0,0
327,3,0,0
328,4,0,0
329,3,0,0
330,3,0,0
331,3,0,0
332,3,0,0
333,3,2,1
334,3,2,1
335,3,0,0
336,2,0,0
337,3,0,0
338,2,0,0
339,1,0,0
340,2,0,0
341,2,0,0
342,2,0,0
343,1,0,0
344,2,0,0
345,2,0,0
346,2,0,0
347,2,0,0
348,2,0,0
349,2,0,0
350,3,0,0
351,3,0,0
352,3,0,0
353,3,2,1
354,3,3,2
355,3,3,3
356,3,3,3
357,3,3,3
358,3,3,2
359,3,3,3
360,3,3,2
361,3,3,2
362,3,3,2
363,3,3,2
364,3,3,2
365,3,3,2
366,3,2,1
367,3,2,1
368,3,2,1
369,3,0,0
370,3,0,0
371,3,0,0
372,3,2,1
373,4,0,0
374,4,0,0
375,4,0,0
376,4,0,0
377,2,0,0
378,2,0,0
379,2,0,0
380,2,0,0
381,2,0,0
382,2,0,0
383,2,0,0
384,2,0,0
385,2,0,0
386,2,0,0
387,2,0,0
388,2,0,0
389,2,0,0
390,3,0,0
391,3,0,0
392,3,0,0
393,3,0,0
394,2,0,0
395,2,0,0
396,2,0,0
397,2,0,0
398,1,0,0
399,2,0,0
400,2,0,0
401,1,0,0
402,1,0,0
403,1,0,0
404,1,0,0
405,1,0,0
406,1,0,0
407,1,0,0
408,1,0,0
409,1,0,0
410,1,0,0
411,1,0,0
412,1,0,0
413,2,0,0
414,1,0,0
415,1,0,0
416,1,0,0
417,3,0,0
418,2,0,0
419,2,0,0
420,2,0,0
421,2,0,0
422,2,0,0
423,3,0,0
424,3,0,0
425,2,0,0
426,3,0,0
427,3,0,0
428,3,0,0
429,2,0,0
430,2,0,0
431,2,0,0
432,2,0,0
433,3,0,0
434,2,0,0
435,2,0,0
436,2,0,0
437,2,0,0
438,2,0,0
439,2,0,0
440,2,0,0
441,2,0,0
442,1,0,0
443,1,0,0
444,1,0,0
445,1,0,0
446,1,0,0
447,2,0,0
448,2,0,0
449,2,0,0
450,2,0,0
451,2,0,0
452,1,0,0
453,1,0,0
454,1,0,0
455,1,0,0
456,2,0,0
457,1,0,0
458,2,0,0
459,2,0,0
460,2,0,0
461,2,0,0
462,2,0,0
463,2,0,0
464,2,0,0
465,2,0,0
466,2,0,0
467,2,0,0
468,2,0,0
469,2,2,1
470,2,0,0
471,3,0,0
472,3,0,0
473,3,0,0
474,3,0,0
475,2,0,0
476,2,0,0
477,2,0,0
478,2,0,0
479,2,0,0
480,2,0,0
481,2,0,0
482,2,0,0
483,2,0,0
484,2,0,0
485,3,0,0
486,2,0,0
487,3,0,0
488,3,0,0
489,3,0,0
490,3,0,0
491,3,0,0
492,2,0,0
493,2,0,0
494,2,0,0
495,2,0,0
496,2,0,0
497,2,0,0
498,2,0,0
499,2,0,0
500,3,0,0
501,4,0,0
502,4,0,0
503,3,2,1
504,3,0,0
505,3,0,0
506,3,0,0
507,3,0,0
508,3,0,0
509,3,0,0
510,3,0,0
511,4,0,0
512,4,0,0
513,3,0,0
514,3,0,0
515,3,0,0
516,3,0,0
517,2,2,1
518,2,0,0
519,2,0,0
520,2,0,0
521,3,0,0
522,3,0,0
523,3,0,0
524,3,0,0
525,3,0,0
526,4,0,0
527,4,0,0
528,3,0,0
529,2,0,0
530,2,0,0
531,2,0,0
532,1,0,0
533,1,0,0
534,1,0,0
535,2,0,0
536,2,0,0
537,2,0,0
538,2,0,0
539,2,0,0
540,2,2,1
541,2,0,0
542,2,0,0
543,2,0,0
544,2,2,1
545,2,0,0
546,2,0,0
547,2,0,0
548,1,0,0
549,1,0,0
550,2,0,0
551,2,0,0
552,2,0,0
553,2,0,0
554,2,0,0
555,2,0,0
556,2,0,0
557,2,0,0
558,2,0,0
559,2,0,0
560,2,0,0
561,2,0,0
562,2,0,0
563,2,0,0
564,3,0,0
565,3,0,0
566,3,0,0
567,3,0,0
568,3,0,0
569,3,0,0
570,3,0,0
571,3,0,0
572,3,0,0
573,3,0,0
574,3,0,0
575,3,0,0
576,4,2,1
577,4,2,1
578,4,2,1
579,4,0,0
580,5,0,0
581,5,0,0
582,3,0,0
583,1,0,0
584,2,0,0
585,2,0,0
586,2,0,0
587,2,0,0
588,2,0,0
589,2,0,0
590,2,0,0
591,2,0,0
592,2,2,1
593,2,2,1
594,2,2,1
595,2,2,1
596,2,2,1
597,2,2,1
598,2,2,1
599,2,2,1
600,2,0,0
601,2,0,0
602,2,0,0
603,3,0,0
604,3,0,0
605,2,0,0
606,2,0,0
607,2,0,0
608,3,2,1
609,2,0,0
610,3,0,0
611,3,0,0
612,3,2,1
613,3,2,1
614,3,2,1
615,3,2,1
616,3,2,1
617,3,0,0
618,3,0,0
619,3,0,0
620,3,0,0
621,3,0,0
622,2,0,0
623,2,0,0
624,2,0,0
625,2,0,0
626,2,2,1
627,2,2,1
628,2,0,0
629,2,0,0
630,2,0,0
631,2,0,0
632,2,0,0
633,1,0,0
634,2,0,0
635,2,0,0
636,2,0,0
637,2,0,0
638,3,0,0
639,3,0,0
640,3,0,0
641,3,0,0
642,3,0,0
643,3,0,0
644,4,0,0
645,4,0,0
646,4,0,0
647,5,0,0
648,4,0,0
649,3,0,0
650,4,0,0
651,4,0,0
652,3,0,0
653,3,0,0
654,4,0,0
655,4,0,0
656,3,0,0
657,3,2,1
658,3,2,1
659,3,3,2
660,3,0,0
661,3,0,0
662,3,0,0
663,3,0,0
664,3,0,0
665,3,0,0
666,4,0,0
667,3,0,0
668,3,0,0
669,3,0,0
670,3,0,0
671,2,0,0
672,2,0,0
673,2,0,0
674,1,0,0
675,1,0,0
676,1,0,0
677,1,0,0
678,1,0,0
679,2,0,0
680,2,0,0
681,2,0,0
682,3,0,0
683,2,0,0
684,2,0,0
685,3,2,1
686,4,2,1
687,4,0,0
688,3,0,0
689,3,0,0
690,3,0,0
691,3,0,0
692,3,0,0
693,4,2,1
694,4,0,0
695,4,0,0
696,4,0,0
697,3,0,0
698,2,0,0
699,3,0,0
700,4,2,1
701,4,0,0
702,4,0,0
703,5,2,1
704,4,0,0
705,4,0,0
706,4,0,0
707,4,0,0
708,4,2,1
709,4,2,1
710,4,0,0
711,4,2,1
712,4,0,0
713,4,0,0
714,5,2,1
715,3,0,0
716,2,0,0
717,3,0,0
718,4,0,0
719,3,0,0
720,3,0,0
721,2,0,0
722,3,0,0
723,3,0,0
724,3,0,0
725,3,0,0
726,2,0,0
727,2,0,0
728,2,0,0
729,3,0,0
730,3,0,0
731,3,0,0
732,3,0,0
733,2,0,0
734,2,0,0
735,3,0,0
736,2,0,0
737,2,0,0
738,2,0,0
739,2,0,0
740,2,0,0
741,2,0,0
742,2,0,0
743,2,0,0
744,3,0,0
745,3,0,0
746,3,0,0
747,3,0,0
748,2,0,0
749,3,0,0
750,1,0,0
751,1,0,0
752,1,0,0
753,1,0,0
754,1,0,0
755,1,0,0
756,2,0,0
757,2,0,0
758,2,0,0
759,1,0,0
760,1,0,0
761,1,0,0
762,1,0,0
763,1,0,0
764,1,0,0
765,1,0,0
766,1,0,0
767,1,0,0
768,1,0,0
769,1,0,0
770,1,0,0
771,1,0,0
772,1,0,0
773,1,0,0
774,2,0,0
775,2,0,0
776,2,2,1
777,2,2,1
778,3,0,0
779,4,0,0
780,4,0,0
781,3,0,0
782,2,0,0
783,2,0,0
784,2,0,0
785,2,0,0
786,2,0,0
787,3,2,1
788,2,0,0
789,2,2,1
790,2,0,0
791,2,0,0
792,4,0,0
793,4,0,0
794,3,0,0
795,3,0,0
796,3,0,0
797,3,2,1
798,3,2,1
799,3,2,1
800,3,2,1
801,3,2,1
802,3,2,1
803,3,2,1
804,3,0,0
805,2,0,0
806,1,0,0
807,1,0,0
808,1,0,0
809,1,0,0
810,1,0,0
811,1,0,0
812,2,0,0
813,3,0,0
814,2,0,0
815,2,0,0
816,2,0,0
817,3,0,0
818,3,0,0
819,3,0,0
820,3,0,0
821,3,0,0
822,3,0,0
823,3,0,0
824,3,0,0
825,2,0,0
826,3,0,0
827,4,0,0
828,3,0,0
829,3,0,0
830,3,2,1
831,3,2,1
832,3,2,1
833,4,0,0
834,3,0,0
835,3,2,1
836,3,0,0
837,3,0,0
838,3,0,0
839,3,0,0
840,4,0,0
841,4,0,0
842,4,0,0
843,3,0,0
844,3,2,1
845,3,0,0
846,3,2,1
847,3,0,0
848,3,0,0
849,3,0,0
850,3,0,0
851,3,0,0
852,3,0,0
853,3,0,0
854,3,0,0
855,3,0,0
856,3,0,0
857,3,2,1
858,3,2,1
859,3,2,1
860,3,2,1
861,4,2,1
862,3,0,0
863,3,0,0
864,1,0,0
865,1,0,0
866,2,0,0
867,2,0,0
868,2,2,1
869,2,0,0
870,2,0,0
871,2,0,0
872,2,2,1
873,2,0,0
874,2,0,0
875,3,0,0
876,3,0,0
877,3,0,0
878,2,0,0
879,2,0,0
880,3,0,0
881,2,0,0
882,3,0,0
883,3,0,0
884,2,0,0
885,3,0,0
886,2,0,0
887,3,0,0
888,2,0,0
889,2,0,0
890,2,0,0
891,1,0,0
892,1,0,0
893,1,0,0
894,1,0,0
895,1,0,0
896,1,0,0
897,2,0,0
898,2,0,0
899,1,0,0
900,1,0,0
901,1,0,0
902,2,0,0
903,3,0,0
904,3,0,0
905,2,2,1
906,2,2,1
907,2,2,1
908,2,2,1
909,2,0,0
910,3,0,0
911,3,0,0
912,3,0,0
913,3,0,0
914,3,0,0
915,3,0,0
916,3,0,0
917,3,0,0
918,3,0,0
919,2,0,0
920,2,0,0
921,2,0,0
922,2,0,0
923,2,0,0
924,2,0,0
925,2,0,0
926,2,0,0
927,2,0,0
928,4,0,0
929,3,0,0
930,3,0,0
931,2,0,0
932,2,0,0
933,2,0,0
934,3,0,0
935,3,0,0
936,3,0,0
937,3,0,0
938,3,0,0
939,3,0,0
940,3,0,0
941,3,0,0
942,3,0,0
943,2,0,0
944,2,0,0
945,3,0,0
946,3,0,0
947,3,0,0
948,3,0,0
949,3,0,0
950,2,0,0
951,3,0,0
952,3,0,0
953,3,0,0
954,3,0,0
955,4,0,0
956,3,0,0
957,3,0,0
958,3,0,0
959,3,0,0
960,3,0,0
961,3,0,0
962,3,0,0
963,3,0,0
964,2,0,0
965,2,0,0
966,3,0,0
967,3,0,0
968,3,0,0
969,3,0,0
970,3,0,0
971,3,0,0
972,4,0,0
973,3,0,0
974,3,0,0
975,2,0,0
976,2,0,0
977,2,0,0
978,3,0,0
979,3,0,0
980,3,0,0
981,3,0,0
982,3,0,0
983,2,0,0
984,2,0,0
985,1,0,0
986,1,0,0
987,2,0,0
988,3,0,0
989,2,0,0
990,3,0,0
991,2,0,0
992,2,0,0
993,2,0,0
994,2,0,0
995,2,0,0
996,2,0,0
997,3,0,0
998,3,0,0
999,3,0,0
1000,3,0,0
1001,3,2,1
1002,3,2,1
1003,3,0,0
1004,3,0,0
1005,4,0,0
1006,2,0,0
1007,3,2,1
1008,2,2,1
1009,3,2,1
1010,3,0,0
1011,2,0,0
1012,2,0,0
1013,2,0,0
1014,1,0,0
1015,2,0,0
1016,1,0,0
1017,1,0,0
1018,2,0,0
1019,2,0,0
1020,2,0,0
1021,2,0,0
1022,2,0,0
1023,2,0,0
1024,2,0,0
1025,2,0,0
1026,2,0,0
1027,2,0,0
1028,2,0,0
1029,1,0,0
1030,1,0,0
1031,2,0,0
1032,2,0,0
1033,2,0,0
1034,2,0,0
1035,2,0,0
1036,2,0,0
1037,2,0,0
1038,2,0,0
1039,1,0,0
1040,1,0,0
1041,1,0,0
1042,1,0,0
1043,1,0,0
1044,1,0,0
1045,2,0,0
1046,2,0,0
1047,2,0,0
1048,3,0,0
1049,2,0,0
1050,2,0,0
1051,2,0,0
1052,2,0,0
1053,1,0,0
1054,1,0,0
1055,1,0,0
1056,1,0,0
1057,1,0,0
1058,1,0,0
1059,1,0,0
1060,2,0,0
1061,2,0,0
1062,2,0,0
1063,1,0,0
1064,1,0,0
1065,1,0,0
1066,1,0,0
1067,1,0,0
1068,2,0,0
1069,2,0,0
1070,1,0,0
1071,1,0,0
1072,2,0,0
1073,2,0,0
1074,2,0,0
1075,2,0,0
1076,2,0,0
1077,2,0,0
1078,2,0,0
1079,2,0,0
1080,2,0,0
1081,2,0,0
1082,3,0,0
1083,3,0,0
1084,2,0,0
1085,2,0,0
1086,2,2,1
1087,2,0,0
1088,2,0,0
1089,1,0,0
1090,1,0,0
1091,2,0,0
1092,1,0,0
1093,1,0,0
1094,2,0,0
1095,2,0,0
1096,2,0,0
1097,2,0,0
1098,2,0,0
1099,2,0,0
1100,2,0,0
1101,3,0,0
1102,2,0,0
1103,2,0,0
1104,2,0,0
1105,2,0,0
1106,2,0,0
1107,2,0,0
1108,2,0,0
1109,1,0,0
1110,1,0,0
1111,2,0,0
1112,1,0,0
1113,1,0,0
1114,2,0,0
1115,2,0,0
1116,2,0,0
1117,2,0,0
1118,2,0,0
1119,2,0,0
1120,2,0,0
1121,2,0,0
1122,1,0,0
1123,1,0,0
1124,1,0,0
1125,1,0,0
1126,1,0,0
1127,1,0,0
1128,1,0,0
1129,1,0,0
1130,2,0,0
1131,1,0,0
1132,1,0,0
1133,2,0,0
1134,2,0,0
1135,2,0,0
1136,2,0,0
1137,2,0,0
1138,3,0,0
1139,2,0,0
1140,2,0,0
1141,2,0,0
1142,2,0,0
1143,2,0,0
1144,2,0,0
1145,2,0,0
1146,2,0,0
1147,2,0,0
1148,2,0,0
1149,2,0,0
1150,2,0,0
1151,2,0,0
1152,4,0,0
1153,4,0,0
1154,3,0,0
1155,2,0,0
1156,3,0,0
1157,3,2,1
1158,3,2,1
1159,3,2,1
1160,3,2,1
1161,3,0,0
1162,3,0,0
1163,3,0,0
1164,3,0,0
1165,3,0,0
1166,3,0,0
1167,3,0,0
1168,3,0,0
1169,3,0,0
1170,3,0,0
1171,3,0,0
1172,3,0,0
1173,2,0,0
1174,3,0,0
1175,3,0,0
1176,2,0,0
1177,2,0,0
1178,2,0,0
1179,3,0,0
1180,2,0,0
1181,2,0,0
1182,2,0,0
1183,2,0,0
1184,3,0,0
1185,1,0,0
1186,1,0,0
1187,2,0,0
1188,2,0,0
1189,2,0,0
1190,1,0,0
1191,1,0,0
1192,1,0,0
1193,2,0,0
1194,2,0,0
1195,2,0,0
1196,2,0,0
1197,2,0,0
1198,2,0,0
1199,2,0,0
1200,2,0,0
1201,2,0,0
1202,2,0,0
1203,2,0,0
1204,3,0,0
1205,2,0,0
1206,2,0,0
1207,2,0,0
1208,2,0,0
1209,0,0,0
1210,0,0,0
1211,0,0,0
1212,0,0,0
1213,1,0,0
1214,1,0,0
1215,1,0,0
1216,1,0,0
1217,1,0,0
1218,1,0,0
1219,1,0,0
1220,2,0,0
1221,2,0,0
1222,2,0,0
1223,3,0,0
1224,3,0,0
1225,3,0,0
1226,3,0,0
1227,3,0,0
1228,2,0,0
1229,3,0,0
1230,3,0,0
1231,3,0,0
1232,2,0,0
1233,2,0,0
1234,2,0,0
1235,2,0,0
1236,2,0,0
1237,2,0,0
1238,2,0,0
1239,2,0,0
1240,2,0,0
1241,2,0,0
1242,2,0,0
1243,3,0,0
1244,2,0,0
1245,2,0,0
1246,2,0,0
1247,2,0,0
1248,1,0,0
1249,2,0,0
1250,1,0,0
1251,1,0,0
1252,1,0,0
1253,1,0,0
1254,1,0,0
1255,1,0,0
1256,1,0,0
1257,1,0,0
1258,1,0,0
1259,1,0,0
1260,1,0,0
1261,2,0,0
1262,2,0,0
1263,3,0,0
1264,3,0,0
1265,3,0,0
1266,2,0,0
1267,3,0,0
1268,3,0,0
1269,3,0,0
1270,4,0,0
1271,4,0,0
1272,3,2,1
1273,3,0,0
1274,3,0,0
1275,3,0,0
1276,3,0,0
1277,4,0,0
1278,4,0,0
1279,4,0,0
1280,3,2,1
1281,4,2,1
1282,3,0,0
1283,4,0,0
1284,4,0,0
1285,4,2,1
1286,4,0,0
1287,4,2,1
1288,4,2,1
1289,4,3,3
1290,4,3,2
1291,4,3,2
1292,4,3,2
1293,4,3,2
1294,3,3,3
1295,3,0,0
1296,2,0,0
1297,3,0,0
1298,3,0,0
1299,3,0,0
1300,3,0,0
1301,3,0,0
1302,3,2,1
1303,3,0,0
1304,3,0,0
1305,4,0,0
1306,5,3,3
1307,4,3,2
1308,4,3,2
1309,4,3,3
1310,4,3,2
1311,4,3,2
1312,4,3,3
1313,5,3,3
1314,4,3,2
1315,4,3,3
1316,5,3,3
1317,5,3,3
1318,5,4,4
1319,5,3,3
1320,5,4,3
1321,5,4,4
1322,5,4,4
1323,5,4,5
1324,5,4,5
1325,5,4,5
1326,5,4,4
1327,5,4,4
1328,5,4,5
1329,5,4,5
1330,5,5,6
1331,5,5,7
1332,4,4,5
1333,4,4,5
1334,5,5,6
1335,5,4,5
1336,6,5,7
1337,6,5,5
1338,6,5,6
1339,6,5,6
1340,6,5,7
1341,6,5,7
1342,6,5,7
1343,6,5,7
1344,6,5,7
1345,6,5,7
1346,6,6,8
1347,6,6,7
1348,6,5,7
1349,6,5,6
1350,5,5,7
1351,5,5,7
1352,5,5,6
1353,5,5,7
1354,5,5,7
1355,5,5,5
1356,5,5,5
1357,5,5,4
1358,5,5,6
1359,5,5,6
1360,6,5,7
1361,6,5,6
1362,5,4,4
1363,5,5,7
1364,4,4,4
1365,5,5,6
1366,5,5,7
1367,5,5,6
1368,5,5,6
1369,5,5,7
1370,5,5,7
1371,5,5,7
1372,5,5,5
1373,5,5,7
1374,5,5,6
1375,5,5,7
1376,5,5,7
1377,5,5,6
1378,5,5,5
1379,5,5,5
1380,5,5,5
1381,4,4,4
1382,4,4,5
1383,4,4,5
1384,5,5,7
1385,5,5,6
1386,5,5,7
1387,5,5,5
1388,5,5,5
1389,4,3,2
1390,5,4,4
1391,5,4,5
1392,5,4,4
1393,5,4,4
1394,5,4,5
1395,5,4,5
1396,5,3,3
1397,5,3,3
1398,5,3,3
1399,5,3,3
1400,5,4,4
1401,4,3,2
1402,5,4,3
1403,5,5,7
1404,5,5,7
1405,5,5,6
1406,5,5,6
1407,5,5,7
1408,5,5,6
1409,5,5,7
1410,5,5,7
1411,5,5,7
1412,5,5,7
1413,5,5,5
1414,5,5,5
1415,4,4,4
1416,4,4,4
1417,4,4,3
1418,3,3,2
1419,4,4,4
1420,4,4,4
1421,4,4,4
1422,4,4,5
1423,4,4,3
1424,4,4,3
1425,4,4,4
1426,4,4,4
1427,4,4,4
1428,4,4,4
1429,4,4,5
1430,4,4,5
1431,3,3,3
1432,4,4,5
1433,4,4,4
1434,4,4,4
1435,4,4,3
1436,4,4,3
1437,5,4,5
1438,5,4,4
1439,5,4,5
1440,5,4,5
1441,5,4,5
1442,5,4,4
1443,5,4,4
1444,5,5,5
1445,5,4,5
1446,4,4,3
1447,3,3,3
1448,4,4,5
1449,4,4,5
1450,4,4,5
1451,4,4,5
1452,5,4,5
1453,4,4,4
1454,4,4,5
1455,4,4,3
1456,4,4,4
1457,4,4,4
1458,5,4,3
1459,4,4,5
1460,4,4,4
1461,5,5,6
1462,6,5,6
1463,6,5,6
1464,6,5,7
1465,7,6,7
1466,6,5,5
1467,7,6,8
1468,7,5,5
1469,7,6,8
1470,7,6,9
1471,6,6,8
1472,6,6,9
1473,6,6,9
1474,6,6,10
1475,7,6,10
1476,7,6,10
1477,8,6,10
1478,8,6,9
1479,8,7,10
1480,7,6,10
1481,8,6,10
1482,8,6,9
1483,8,6,10
1484,8,6,9
1485,8,6,10
1486,7,6,10
1487,7,6,9
1488,7,6,10
1489,7,6,10
1490,7,6,10
1491,7,7,11
1492,8,6,10
1493,8,6,10
1494,8,7,11
1495,7,7,11
1496,7,7,11
1497,7,7,11
1498,7,7,12
1499,7,7,12
1500,7,7,11
1501,7,7,12
1502,7,7,11
1503,7,7,11
1504,7,7,11
1505,6,6,10
1506,8,8,15
1507,8,8,15
1508,8,8,15
1509,8,8,15
1510,8,8,15
1511,8,8,15
1512,8,8,15
1513,8,8,15
1514,8,8,14
1515,8,8,15
1516,8,8,15
1517,8,8,15
1518,8,8,15
1519,8,8,15
1520,8,8,15
1521,8,8,15
1522,8,8,15
1523,8,8,15
1524,8,8,15
1525,8,8,15
1526,8,8,15
1527,8,8,15
1528,8,8,15
1529,8,8,15
1530,8,8,15
1531,9,9,16
1532,9,9,16
1533,8,8,13
1534,9,9,17
1535,9,9,17
1536,9,8,15
1537,9,8,15
1538,9,8,15
1539,9,8,15
1540,9,8,15
1541,9,8,15
1542,9,8,15
1543,9,8,15
1544,9,8,15
1545,9,8,15
1546,9,8,15
1547,9,8,15
1548,9,8,15
1549,9,8,15
1550,9,8,15
1551,9,8,14
1552,9,8,14
1553,8,7,11
1554,9,8,15
1555,9,8,15
1556,9,8,15
1557,9,8,15
1558,9,8,15
1559,9,8,15
1560,9,8,15
1561,9,8,15
1562,9,8,15
1563,9,8,15
1564,9,8,14
1565,9,8,14
1566,9,8,15
1567,9,8,15
1568,9,8,15
1569,9,8,14
1570,9,8,15
1571,9,8,15
1572,9,8,15
1573,8,8,15
1574,8,8,15
1575,8,8,15
1576,8,8,15
1577,8,8,15
1578,8,8,15
1579,8,8,14
1580,8,8,15
1581,8,8,15
1582,8,8,15
1583,8,8,15
1584,8,8,15
1585,8,8,15
1586,8,8,15
1587,8,8,15
1588,8,8,15
1589,8,8,15
1590,8,8,15
1591,8,8,15
1592,8,8,15
1593,8,8,15
1594,8,8,14
1595,8,8,14
1596,8,8,15
1597,8,8,15
1598,8,8,15
1599,8,8,15
1600,8,8,15
1601,8,8,15
1602,8,8,15
1603,8,8,15
1604,8,8,15
1605,8,8,14
1606,8,8,15
1607,8,8,15
1608,8,8,15
1609,8,8,15
1610,9,9,18
1611,9,9,18
1612,9,9,18
1613,9,9,18
1614,9,9,17
1615,9,9,18
1616,9,9,17
1617,9,9,18
1618,9,9,18
1619,9,9,17
1620,9,9,18
1621,9,9,18
1622,9,9,18
1623,9,9,18
1624,9,9,17
1625,9,9,18
1626,9,9,18
1627,9,9,17
1628,9,9,17
1629,9,9,17
1630,9,9,17
1631,9,9,18
1632,9,9,17
1633,9,9,18
1634,9,9,16
1635,9,9,18
1636,9,9,18
1637,9,9,18
1638,9,9,18
1639,9,9,18
1640,9,9,18
1641,9,9,18
1642,9,9,17
1643,9,9,18
1644,9,9,16
1645,9,9,18
1646,9,9,18
1647,9,9,17
1648,9,9,17
1649,9,9,18
1650,9,9,17
1651,9,9,18
1652,9,9,18
1653,9,9,18
1654,9,9,18
1655,9,9,18
1656,9,9,18
1657,9,9,18
1658,9,9,18
1659,9,9,18
1660,9,9,18
1661,9,9,17
1662,9,9,15
1663,9,9,18
1664,9,9,17
1665,9,9,18
1666,9,9,18
1667,9,9,18
1668,9,9,18
1669,9,9,18
1670,9,9,18
1671,9,9,18
1672,9,9,18
1673,10,9,18
1674,9,9,17
1675,9,9,18
1676,9,9,18
1677,9,9,18
1678,9,9,18
1679,9,9,17
1680,9,9,18
1681,9,9,18
1682,9,9,18
1683,9,9,16
1684,9,9,18
1685,9,9,18
1686,9,9,18
1687,9,9,17
1688,9,9,18
1689,9,9,18
1690,9,9,17
1691,9,9,17
1692,9,9,18
1693,9,9,17
1694,9,9,18
1695,9,9,18
1696,9,9,18
1697,9,9,17
1698,9,9,18
1699,9,9,18
1700,9,9,18
1701,9,9,18
1702,9,9,17
1703,9,9,18
1704,9,9,18
1705,9,9,18
1706,9,9,18
1707,9,9,18
1708,9,9,18
1709,9,9,18
1710,9,9,17
1711,9,9,18
1712,9,9,18
1713,9,9,18
1714,9,9,18
1715,9,9,18
1716,9,9,18
1717,9,9,18
1718,9,9,18
1719,9,9,18
1720,9,9,18
1721,9,9,18
1722,9,9,18
1723,9,9,18
1724,9,9,17
1725,9,9,18
1726,9,9,18
1727,9,9,18
1728,9,9,17
1729,9,9,17
1730,9,9,18
1731,9,9,18
1732,9,9,18
1733,9,9,18
1734,9,9,18
1735,9,9,18
1736,9,9,18
1737,9,9,18
1738,9,9,18
1739,9,9,18
1740,9,9,17
1741,9,9,18
1742,9,9,18
1743,9,9,18
1744,9,9,18
1745,9,9,18
1746,9,9,18
1747,9,9,18
1748,9,9,18
1749,9,9,18
1750,9,9,18
1751,9,9,18
1752,9,9,18
1753,10,10,19
1754,10,9,17
1755,10,9,17
1756,10,9,18
1757,10,9,17
1758,10,9,18
1759,10,9,18
1760,10,9,18
1761,10,9,18
1762,10,9,18
1763,10,9,18
1764,10,9,18
1765,10,9,16
1766,10,9,18
1767,10,9,18
1768,10,9,17
1769,10,9,18
1770,10,9,18
1771,10,10,21
1772,10,10,21
1773,10,10,21
1774,10,10,21
1775,11,10,21
1776,10,10,21
1777,10,10,21
1778,10,10,21
1779,11,10,20
1780,11,10,21
1781,11,10,21
1782,11,10,20
1783,10,10,21
1784,10,10,21
1785,10,10,21
1786,10,10,21
1787,10,10,21
1788,10,10,21
1789,10,10,21
1790,10,10,21
1791,10,10,21
1792,10,10,21
1793,10,10,21
1794,10,10,20
1795,10,10,21
1796,10,10,21
1797,10,10,20
1798,10,10,21
1799,10,10,21
1800,10,10,21
1801,10,10,21
1802,10,10,20
1803,10,10,21
1804,10,10,21
1805,10,10,21
1806,10,10,21
1807,10,10,21
1808,10,10,21
1809,10,10,21
1810,10,10,21
1811,10,10,20
1812,10,10,20
1813,10,10,21
1814,10,10,20
1815,10,10,21
1816,10,10,21
1817,10,10,21
1818,10,10,21
1819,10,10,20
1820,10,10,21
1821,10,10,21
1822,10,10,21
1823,11,11,23
1824,11,11,25
1825,11,11,25
1826,11,11,25
1827,11,11,25
1828,11,11,25
1829,11,11,25
1830,11,11,25
1831,11,11,25
1832,11,11,25
1833,11,11,25
1834,11,11,25
1835,11,11,25
1836,11,11,25
1837,11,11,25
1838,11,11,25
1839,11,11,25
1840,11,11,25
1841,11,11,25
1842,11,11,25
1843,11,11,25
1844,11,11,25
1845,11,11,25
1846,11,11,25
1847,11,11,25
1848,11,11,25
1849,11,11,25
1850,11,11,25
1851,11,11,25
1852,11,11,25
1853,11,11,25
1854,11,11,25
1855,11,11,25
1856,11,11,25
1857,11,11,25
1858,11,11,25
1859,11,11,25
1860,11,11,25
1861,11,11,25
1862,11,11,25
1863,11,11,25
1864,11,11,25
1865,11,11,25
1866,11,11,25
1867,11,11,25
1868,11,11,25
1869,11,11,25
1870,11,11,25
1871,11,11,25
1872,11,11,25
1873,11,11,25
1874,11,11,25
1875,11,11,25
1876,11,11,25
1877,11,11,25
1878,11,11,25
1879,11,11,25
1880,11,11,25
1881,11,11,25
1882,11,11,25
1883,11,11,25
1884,11,11,25
1885,11,11,25
1886,11,11,25
1887,11,11,25
1888,11,11,25
1889,11,11,25
1890,11,11,25
1891,11,11,24
1892,11,11,25
1893,11,11,25
1894,11,11,25
1895,11,11,25
1896,11,11,25
1897,11,11,25
1898,11,11,25
1899,11,11,25
1900,11,11,25
1901,11,11,25
1902,11,11,25
1903,11,11,25
1904,11,11,25
1905,11,11,25
1906,11,11,25
1907,11,11,25
1908,11,11,25
1909,11,11,25
1910,11,11,25
1911,11,11,25
1912,11,11,25
1913,11,11,25
1914,11,11,25
1915,11,11,25
1916,11,11,25
1917,11,11,25
1918,11,11,25
1919,11,11,25
1920,11,11,25
1921,11,11,25
1922,11,11,25
1923,11,11,25
1924,11,11,25
1925,11,11,25
1926,11,11,25
1927,11,11,25
1928,11,11,25
1929,11,11,25
1930,11,11,25
1931,11,11,25
1932,11,11,25
1933,11,11,25
1934,11,11,25
1935,11,11,25
1936,11,11,25
1937,11,11,25
1938,11,11,25
1939,11,11,25
1940,11,11,25
1941,11,11,25
1942,11,11,25
1943,11,11,25
1944,11,11,25
1945,11,11,25
1946,11,11,25
1947,11,11,25
1948,11,11,25
1949,11,11,25
1950,11,11,25
1951,11,11,25
1952,11,11,25
1953,11,11,25
1954,11,11,25
1955,11,11,25
1956,11,11,25
1957,11,11,25
1958,11,11,25
1959,11,11,25
1960,11,11,25
1961,11,11,25
1962,11,11,23
1963,11,11,25
1964,11,11,25
1965,11,11,25
1966,11,11,25
1967,11,11,25
1968,11,11,25
1969,11,11,25
1970,11,11,25
1971,11,11,25
1972,11,11,25
1973,11,11,25
1974,11,11,25
1975,11,11,25
1976,11,11,25
1977,11,11,25
1978,11,11,25
1979,11,11,25
1980,11,11,25
1981,11,11,25
1982,11,11,25
1983,11,11,25
1984,11,11,25
1985,11,11,25
1986,11,11,25
1987,11,11,25
1988,11,11,25
1989,11,11,25
1990,11,11,25
1991,11,11,25
1992,11,11,25
1993,11,11,25
1994,11,11,25
1995,11,11,25
1996,11,11,25
1997,11,11,25
1998,11,11,25
1999,12,12,25
