0,0,0,0
1,1,0,0
2,1,0,0
3,2,0,0
4,2,0,0
5,2,0,0
6,1,0,0
7,2,0,0
8,2,0,0
9,2,0,0
10,2,0,0
11,1,0,0
12,1,0,0
13,1,0,0
14,1,0,0
15,1,0,0
16,0,0,0
17,1,0,0
18,0,0,0
19,0,0,0
20,0,0,0
21,1,0,0
22,1,0,0
23,1,0,0
24,2,0,0
25,3,0,0
26,2,0,0
27,2,0,0
28,2,0,0
29,3,0,0
30,3,0,0
31,3,0,0
32,3,0,0
33,3,2,1
34,3,0,0
35,3,0,0
36,3,0,0
37,4,0,0
38,3,2,1
39,3,0,0
40,3,0,0
41,3,0,0
42,3,0,0
43,3,0,0
44,3,0,0
45,3,0,0
46,2,0,0
47,3,0,0
48,3,0,0
49,3,0,0
50,3,0,0
51,3,0,0
52,3,0,0
53,3,0,0
54,3,0,0
55,3,0,0
56,3,0,0
57,2,0,0
58,3,0,0
59,2,0,0
60,2,0,0
61,2,0,0
62,1,0,0
63,1,0,0
64,1,0,0
65,1,0,0
66,1,0,0
67,2,0,0
68,2,0,0
69,2,0,0
70,2,0,0
71,2,0,0
72,2,0,0
73,1,0,0
74,1,0,0
75,1,0,0
76,1,0,0
77,1,0,0
78,1,0,0
79,1,0,0
80,1,0,0
81,1,0,0
82,1,0,0
83,1,0,0
84,1,0,0
85,1,0,0
86,1,0,0
87,1,0,0
88,1,0,0
89,1,0,0
90,1,0,0
91,1,0,0
92,2,0,0
93,3,0,0
94,2,0,0
95,2,0,0
96,2,0,0
97,2,0,0
98,3,0,0
99,3,0,0
100,3,2,1
101,3,0,0
102,3,0,0
103,4,0,0
104,4,0,0
105,3,0,0
106,3,0,0
107,2,0,0
108,2,0,0
109,2,0,0
110,1,0,0
111,2,0,0
112,3,0,0
113,3,2,1
114,2,2,1
115,2,0,0
116,2,2,1
117,2,0,0
118,3,0,0
119,2,0,0
120,2,0,0
121,2,0,0
122,2,0,0
123,3,0,0
124,3,2,1
125,3,0,0
126,3,0,0
127,3,0,0
128,3,0,0
129,3,0,0
130,3,0,0
131,3,0,0
132,3,0,0
133,3,0,0
134,3,0,0
135,3,2,1
136,3,0,0
137,4,2,1
138,4,0,0
139,4,0,0
140,4,0,0
141,4,2,1
142,3,0,0
143,3,2,1
144,3,0,0
145,3,0,0
146,3,0,0
147,3,2,1
148,3,2,1
149,3,0,0
150,3,0,0
151,3,0,0
152,2,0,0
153,3,0,0
154,3,0,0
155,3,0,0
156,3,0,0
157,2,0,0
158,2,0,0
159,2,0,0
160,2,0,0
161,2,0,0
162,2,0,0
163,2,0,0
164,2,0,0
165,2,0,0
166,2,2,1
167,2,2,1
168,2,0,0
169,2,0,0
170,3,0,0
171,3,0,0
172,3,0,0
173,3,0,0
174,3,2,1
175,4,2,1
176,4,0,0
177,4,2,1
178,4,0,0
179,3,0,0
180,3,0,0
181,3,0,0
182,4,0,0
183,3,0,0
184,4,0,0
185,4,2,1
186,3,0,0
187,3,0,0
188,3,0,0
189,3,0,0
190,3,0,0
191,4,0,0
192,4,0,0
193,4,0,0
194,4,0,0
195,2,0,0
196,4,0,0
197,3,2,1
198,3,2,1
199,3,2,1
200,3,2,1
201,3,2,1
202,2,0,0
203,2,0,0
204,2,0,0
205,2,0,0
206,2,0,0
207,2,0,0
208,3,0,0
209,4,0,0
210,4,0,0
211,4,0,0
212,4,0,0
213,3,2,1
214,3,0,0
215,3,0,0
216,3,0,0
217,3,0,0
218,2,0,0
219,3,0,0
220,3,0,0
221,2,0,0
222,2,0,0
223,2,0,0
224,2,0,0
225,3,0,0
226,2,0,0
227,2,0,0
228,2,0,0
229,2,0,0
230,3,0,0
231,3,0,0
232,2,2,1
233,2,2,1
234,2,2,1
235,2,0,0
236,2,0,0
237,2,0,0
238,2,2,1
239,2,0,0
240,2,0,0
241,2,0,0
242,3,0,0
243,2,0,0
244,2,0,0
245,2,0,0
246,2,0,0
247,3,0,0
248,2,0,0
249,3,0,0
250,3,0,0
251,3,0,0
252,3,0,0
253,3,0,0
254,3,0,0
255,3,0,0
256,4,0,0
257,3,0,0
258,3,0,0
259,3,0,0
260,3,0,0
261,3,0,0
262,2,0,0
263,2,0,0
264,2,0,0
265,2,0,0
266,2,0,0
267,2,0,0
268,2,0,0
269,2,0,0
270,2,0,0
271,2,0,0
272,2,0,0
273,3,0,0
274,3,0,0
275,3,0,0
276,2,0,0
277,2,0,0
278,2,0,0
279,1,0,0
280,1,0,0
281,1,0,0
282,2,0,0
283,2,0,0
284,2,0,0
285,2,0,0
286,1,0,0
287,1,0,0
288,2,0,0
289,2,0,0
290,2,0,0
291,2,0,0
292,2,0,0
293,2,0,0
294,2,0,0
295,2,0,0
296,2,0,0
297,2,0,0
298,2,0,0
299,2,0,0
300,1,0,0
301,1,0,0
302,1,0,0
303,1,0,0
304,1,0,0
305,1,0,0
306,1,0,0
307,2,0,0
308,2,0,0
309,1,0,0
310,1,0,0
311,1,0,0
312,1,0,0
313,1,0,0
314,2,0,0
315,1,0,0
316,1,0,0
317,1,0,0
318,1,0,0
319,1,0,0
320,2,0,0
321,3,0,0
322,3,0,0
323,3,0,0
324,2,2,1
325,2,0,0
326,2,0,0
327,2,2,1
328,2,0,0
329,2,0,0
330,2,0,0
331,2,0,0
332,2,0,0
333,2,0,0
334,2,0,0
335,3,0,0
336,3,0,0
337,3,0,0
338,3,0,0
339,2,0,0
340,2,0,0
341,2,0,0
342,1,0,0
343,1,0,0
344,1,0,0
345,1,0,0
346,2,0,0
347,2,0,0
348,2,0,0
349,1,0,0
350,1,0,0
351,1,0,0
352,2,0,0
353,2,0,0
354,2,0,0
355,1,0,0
356,1,0,0
357,1,0,0
358,3,2,1
359,2,0,0
360,2,0,0
361,3,0,0
362,3,0,0
363,2,0,0
364,2,0,0
365,2,0,0
366,2,0,0
367,2,0,0
368,2,2,1
369,2,2,1
370,2,2,1
371,4,2,1
372,3,0,0
373,4,0,0
374,4,0,0
375,4,0,0
376,3,0,0
377,3,2,1
378,3,0,0
379,3,2,1
380,3,0,0
381,3,0,0
382,3,0,0
383,3,0,0
384,2,0,0
385,3,0,0
386,2,0,0
387,2,0,0
388,2,0,0
389,3,0,0
390,3,0,0
391,2,0,0
392,2,2,1
393,2,2,1
394,2,2,1
395,2,0,0
396,2,0,0
397,2,0,0
398,2,2,1
399,3,2,1
400,3,0,0
401,3,0,0
402,3,2,1
403,3,2,1
404,3,2,1
405,3,2,1
406,3,2,1
407,3,2,1
408,3,2,1
409,3,0,0
410,3,0,0
411,3,0,0
412,3,0,0
413,3,0,0
414,2,0,0
415,2,0,0
416,2,0,0
417,1,0,0
418,1,0,0
419,2,0,0
420,3,2,1
421,1,0,0
422,1,0,0
423,1,0,0
424,1,0,0
425,1,0,0
426,2,0,0
427,2,0,0
428,2,0,0
429,2,0,0
430,2,0,0
431,2,0,0
432,2,0,0
433,2,0,0
434,2,0,0
435,2,0,0
436,3,0,0
437,2,0,0
438,2,0,0
439,2,2,1
440,3,0,0
441,3,0,0
442,3,2,1
443,3,0,0
444,3,0,0
445,2,0,0
446,2,0,0
447,2,0,0
448,3,0,0
449,3,0,0
450,2,0,0
451,2,0,0
452,2,0,0
453,2,0,0
454,1,0,0
455,2,0,0
456,2,0,0
457,2,0,0
458,2,0,0
459,2,0,0
460,1,0,0
461,1,0,0
462,2,0,0
463,1,0,0
464,2,0,0
465,1,0,0
466,1,0,0
467,1,0,0
468,1,0,0
469,1,0,0
470,1,0,0
471,1,0,0
472,2,0,0
473,3,0,0
474,3,0,0
475,2,0,0
476,3,0,0
477,3,0,0
478,2,0,0
479,2,0,0
480,3,0,0
481,3,0,0
482,3,0,0
483,2,0,0
484,2,0,0
485,3,0,0
486,3,0,0
487,3,0,0
488,2,0,0
489,3,0,0
490,3,0,0
491,3,0,0
492,2,0,0
493,2,0,0
494,2,0,0
495,2,0,0
496,2,0,0
497,2,0,0
498,2,0,0
499,2,0,0
500,2,0,0
501,2,0,0
502,2,0,0
503,2,0,0
504,2,0,0
505,2,0,0
506,2,0,0
507,2,0,0
508,3,0,0
509,2,0,0
510,2,0,0
511,2,0,0
512,2,0,0
513,2,0,0
514,2,0,0
515,3,0,0
516,4,0,0
517,4,0,0
518,4,0,0
519,4,0,0
520,4,0,0
521,3,0,0
522,4,0,0
523,4,0,0
524,4,0,0
525,4,2,1
526,4,2,1
527,3,0,0
528,4,2,1
529,4,2,1
530,4,0,0
531,4,0,0
532,4,2,1
533,4,3,2
534,3,2,1
535,4,2,1
536,4,2,1
537,3,2,1
538,3,2,1
539,3,2,1
540,3,0,0
541,3,0,0
542,3,2,1
543,3,0,0
544,3,0,0
545,3,0,0
546,3,0,0
547,3,0,0
548,3,0,0
549,3,2,1
550,3,2,1
551,4,3,2
552,4,2,1
553,4,3,3
554,4,3,3
555,4,3,3
556,4,3,2
557,4,3,2
558,4,3,2
559,3,3,2
560,3,0,0
561,3,2,1
562,4,3,2
563,5,2,1
564,4,2,1
565,4,0,0
566,3,0,0
567,3,0,0
568,3,0,0
569,4,0,0
570,3,0,0
571,3,0,0
572,2,0,0
573,3,0,0
574,3,2,1
575,2,0,0
576,3,0,0
577,4,0,0
578,3,0,0
579,3,0,0
580,3,0,0
581,3,0,0
582,3,0,0
583,3,0,0
584,4,0,0
585,4,0,0
586,3,0,0
587,3,0,0
588,2,0,0
589,2,0,0
590,2,0,0
591,1,0,0
592,2,0,0
593,2,0,0
594,1,0,0
595,2,0,0
596,2,0,0
597,1,0,0
598,1,0,0
599,1,0,0
600,1,0,0
601,1,0,0
602,2,0,0
603,3,0,0
604,3,2,1
605,3,2,1
606,2,2,1
607,2,0,0
608,2,0,0
609,2,0,0
610,2,0,0
611,2,0,0
612,2,0,0
613,2,0,0
614,2,0,0
615,2,0,0
616,1,0,0
617,1,0,0
618,1,0,0
619,2,0,0
620,3,2,1
621,3,0,0
622,3,2,1
623,3,2,1
624,3,2,1
625,4,2,1
626,3,0,0
627,3,2,1
628,3,0,0
629,3,0,0
630,3,0,0
631,3,0,0
632,2,0,0
633,2,0,0
634,2,0,0
635,2,0,0
636,2,0,0
637,2,0,0
638,2,0,0
639,2,0,0
640,3,0,0
641,4,0,0
642,4,0,0
643,4,0,0
644,4,2,1
645,4,0,0
646,4,0,0
647,4,3,3
648,4,3,2
649,3,3,2
650,3,3,3
651,3,3,3
652,3,2,1
653,3,3,2
654,3,3,2
655,3,3,3
656,4,3,2
657,4,3,3
658,5,3,3
659,4,4,3
660,3,2,1
661,2,0,0
662,3,0,0
663,3,0,0
664,2,0,0
665,2,0,0
666,2,0,0
667,2,0,0
668,2,0,0
669,3,0,0
670,1,0,0
671,1,0,0
672,2,0,0
673,2,0,0
674,1,0,0
675,2,0,0
676,2,0,0
677,2,0,0
678,2,0,0
679,2,0,0
680,2,0,0
681,4,0,0
682,3,0,0
683,2,0,0
684,2,0,0
685,2,0,0
686,1,0,0
687,2,0,0
688,2,0,0
689,2,0,0
690,2,0,0
691,2,0,0
692,2,0,0
693,2,2,1
694,2,0,0
695,2,0,0
696,2,0,0
697,2,0,0
698,2,0,0
699,2,0,0
700,1,0,0
701,1,0,0
702,1,0,0
703,2,0,0
704,2,0,0
705,2,0,0
706,2,0,0
707,3,2,1
708,3,0,0
709,2,0,0
710,2,0,0
711,2,0,0
712,1,0,0
713,1,0,0
714,1,0,0
715,1,0,0
716,3,0,0
717,3,0,0
718,2,0,0
719,1,0,0
720,1,0,0
721,1,0,0
722,1,0,0
723,1,0,0
724,1,0,0
725,1,0,0
726,1,0,0
727,1,0,0
728,1,0,0
729,1,0,0
730,1,0,0
731,1,0,0
732,1,0,0
733,1,0,0
734,2,0,0
735,1,0,0
736,1,0,0
737,1,0,0
738,1,0,0
739,1,0,0
740,1,0,0
741,1,0,0
742,1,0,0
743,1,0,0
744,1,0,0
745,1,0,0
746,1,0,0
747,1,0,0
748,1,0,0
749,1,0,0
750,1,0,0
751,1,0,0
752,1,0,0
753,1,0,0
754,1,0,0
755,1,0,0
756,2,0,0
757,2,0,0
758,3,0,0
759,3,0,0
760,3,0,0
761,3,0,0
762,2,2,1
763,2,2,1
764,2,2,1
765,3,2,1
766,3,0,0
767,2,0,0
768,2,0,0
769,2,0,0
770,2,0,0
771,2,0,0
772,2,0,0
773,2,2,1
774,2,0,0
775,2,0,0
776,2,0,0
777,2,0,0
778,2,2,1
779,2,2,1
780,3,0,0
781,4,0,0
782,3,0,0
783,3,0,0
784,3,0,0
785,3,0,0
786,4,0,0
787,4,0,0
788,4,0,0
789,4,0,0
790,4,0,0
791,4,0,0
792,4,2,1
793,4,0,0
794,3,0,0
795,5,0,0
796,4,0,0
797,4,2,1
798,4,2,1
799,3,3,2
800,4,2,1
801,3,3,2
802,3,0,0
803,3,0,0
804,3,0,0
805,1,0,0
806,3,2,1
807,2,0,0
808,2,0,0
809,2,0,0
810,2,2,1
811,2,2,1
812,2,0,0
813,2,0,0
814,2,0,0
815,2,0,0
816,2,0,0
817,2,0,0
818,2,0,0
819,3,0,0
820,2,0,0
821,2,0,0
822,2,0,0
823,2,0,0
824,2,0,0
825,3,0,0
826,3,0,0
827,3,0,0
828,3,0,0
829,3,0,0
830,3,0,0
831,3,2,1
832,3,0,0
833,3,0,0
834,3,2,1
835,3,2,1
836,3,0,0
837,4,2,1
838,4,0,0
839,4,0,0
840,5,0,0
841,4,0,0
842,4,0,0
843,4,0,0
844,5,0,0
845,5,0,0
846,4,0,0
847,4,0,0
848,4,0,0
849,4,0,0
850,4,0,0
851,4,0,0
852,5,0,0
853,5,0,0
854,5,0,0
855,5,0,0
856,5,0,0
857,5,0,0
858,5,2,1
859,6,0,0
860,3,0,0
861,5,3,2
862,5,2,1
863,6,3,3
864,6,3,2
865,6,3,3
866,6,2,1
867,5,2,1
868,4,3,3
869,4,3,2
870,4,3,2
871,4,2,1
872,4,3,2
873,4,3,2
874,4,2,1
875,4,2,1
876,4,3,2
877,4,2,1
878,4,2,1
879,4,0,0
880,4,0,0
881,3,0,0
882,3,0,0
883,5,2,1
884,5,3,2
885,5,2,1
886,4,3,2
887,4,2,1
888,4,2,1
889,4,2,1
890,4,2,1
891,4,2,1
892,4,2,1
893,5,2,1
894,5,0,0
895,4,0,0
896,4,0,0
897,4,0,0
898,4,0,0
899,4,0,0
900,3,0,0
901,3,0,0
902,3,0,0
903,3,0,0
904,3,0,0
905,3,0,0
906,3,0,0
907,3,0,0
908,2,0,0
909,3,0,0
910,3,0,0
911,3,0,0
912,3,0,0
913,3,0,0
914,3,2,1
915,3,0,0
916,3,0,0
917,3,0,0
918,3,0,0
919,3,0,0
920,3,0,0
921,3,0,0
922,3,0,0
923,3,0,0
924,3,0,0
925,3,0,0
926,2,0,0
927,2,0,0
928,2,0,0
929,2,0,0
930,2,0,0
931,2,0,0
932,2,0,0
933,2,0,0
934,3,0,0
935,4,0,0
936,4,0,0
937,3,2,1
938,3,0,0
939,3,0,0
940,3,0,0
941,3,0,0
942,5,3,2
943,4,3,2
944,3,3,3
945,3,3,2
946,3,3,3
947,3,3,3
948,3,3,3
949,3,3,2
950,3,3,2
951,3,3,3
952,3,2,1
953,4,3,2
954,4,3,3
955,3,3,3
956,3,3,3
957,3,2,1
958,3,0,0
959,3,0,0
960,3,0,0
961,3,0,0
962,3,0,0
963,4,0,0
964,4,2,1
965,4,2,1
966,3,0,0
967,2,0,0
968,2,0,0
969,2,0,0
970,2,0,0
971,2,0,0
972,2,0,0
973,3,0,0
974,3,2,1
975,3,0,0
976,3,0,0
977,3,0,0
978,3,0,0
979,3,0,0
980,3,0,0
981,4,0,0
982,4,0,0
983,4,0,0
984,4,0,0
985,4,2,1
986,3,2,1
987,3,0,0
988,3,2,1
989,3,2,1
990,3,2,1
991,3,2,1
992,3,2,1
993,3,2,1
994,3,2,1
995,2,0,0
996,2,0,0
997,2,0,0
998,2,0,0
999,2,0,0
1000,1,0,0
1001,1,0,0
1002,2,0,0
1003,2,0,0
1004,3,0,0
1005,1,0,0
1006,1,0,0
1007,2,0,0
1008,1,0,0
1009,2,0,0
1010,1,0,0
1011,2,0,0
1012,2,0,0
1013,2,0,0
1014,2,0,0
1015,3,0,0
1016,3,2,1
1017,3,0,0
1018,3,0,0
1019,3,0,0
1020,3,0,0
1021,3,0,0
1022,2,0,0
1023,2,0,0
1024,2,0,0
1025,2,0,0
1026,2,0,0
1027,3,0,0
1028,2,0,0
1029,2,0,0
1030,2,0,0
1031,3,0,0
1032,3,0,0
1033,4,0,0
1034,4,0,0
1035,4,0,0
1036,3,0,0
1037,3,0,0
1038,3,0,0
1039,3,0,0
1040,3,0,0
1041,3,0,0
1042,3,0,0
1043,3,0,0
1044,3,0,0
1045,3,0,0
1046,2,0,0
1047,2,0,0
1048,2,0,0
1049,2,0,0
1050,2,0,0
1051,2,0,0
1052,2,0,0
1053,2,0,0
1054,2,0,0
1055,2,0,0
1056,2,0,0
1057,3,0,0
1058,2,0,0
1059,2,0,0
1060,2,0,0
1061,2,0,0
1062,2,0,0
1063,3,0,0
1064,2,0,0
1065,2,2,1
1066,2,2,1
1067,2,0,0
1068,2,0,0
1069,2,2,1
1070,3,2,1
1071,2,2,1
1072,2,2,1
1073,3,0,0
1074,3,0,0
1075,4,0,0
1076,4,0,0
1077,4,0,0
1078,4,0,0
1079,5,0,0
1080,5,0,0
1081,4,0,0
1082,4,0,0
1083,4,0,0
1084,4,0,0
1085,3,0,0
1086,4,0,0
1087,4,2,1
1088,4,0,0
1089,4,0,0
1090,4,0,0
1091,4,0,0
1092,4,0,0
1093,4,0,0
1094,4,2,1
1095,4,2,1
1096,4,2,1
1097,4,0,0
1098,3,2,1
1099,3,0,0
1100,3,0,0
1101,3,0,0
1102,4,0,0
1103,3,0,0
1104,3,2,1
1105,3,2,1
1106,3,2,1
1107,3,0,0
1108,3,0,0
1109,3,0,0
1110,3,0,0
1111,2,0,0
1112,2,0,0
1113,2,0,0
1114,3,0,0
1115,2,0,0
1116,2,0,0
1117,2,0,0
1118,1,0,0
1119,1,0,0
1120,1,0,0
1121,2,0,0
1122,2,0,0
1123,2,0,0
1124,1,0,0
1125,1,0,0
1126,1,0,0
1127,1,0,0
1128,1,0,0
1129,1,0,0
1130,1,0,0
1131,2,0,0
1132,2,0,0
1133,1,0,0
1134,1,0,0
1135,1,0,0
1136,2,0,0
1137,2,2,1
1138,2,0,0
1139,2,0,0
1140,2,0,0
1141,1,0,0
1142,1,0,0
1143,2,0,0
1144,2,0,0
1145,2,0,0
1146,2,0,0
1147,2,0,0
1148,2,0,0
1149,2,0,0
1150,1,0,0
1151,1,0,0
1152,1,0,0
1153,1,0,0
1154,1,0,0
1155,1,0,0
1156,1,0,0
1157,2,0,0
1158,2,0,0
1159,2,0,0
1160,2,0,0
1161,2,0,0
1162,3,0,0
1163,3,0,0
1164,3,0,0
1165,4,0,0
1166,3,0,0
1167,3,2,1
1168,3,2,1
1169,3,0,0
1170,3,2,1
1171,3,2,1
1172,3,0,0
1173,4,0,0
1174,4,0,0
1175,3,0,0
1176,3,0,0
1177,3,0,0
1178,3,0,0
1179,4,0,0
1180,4,2,1
1181,4,2,1
1182,4,0,0
1183,4,0,0
1184,4,0,0
1185,4,0,0
1186,4,0,0
1187,4,0,0
1188,3,0,0
1189,4,0,0
1190,3,2,1
1191,3,2,1
1192,2,0,0
1193,2,0,0
1194,3,2,1
1195,3,0,0
1196,3,0,0
1197,3,0,0
1198,2,0,0
1199,4,0,0
1200,4,0,0
1201,3,0,0
1202,3,2,1
1203,3,0,0
1204,3,0,0
1205,3,0,0
1206,3,0,0
1207,3,0,0
1208,2,0,0
1209,1,0,0
1210,2,0,0
1211,1,0,0
1212,1,0,0
1213,2,0,0
1214,2,0,0
1215,2,0,0
1216,2,0,0
1217,2,0,0
1218,2,0,0
1219,2,0,0
1220,2,0,0
1221,2,0,0
1222,2,0,0
1223,2,0,0
1224,1,0,0
1225,1,0,0
1226,1,0,0
1227,1,0,0
1228,1,0,0
1229,1,0,0
1230,1,0,0
1231,2,0,0
1232,2,0,0
1233,2,0,0
1234,2,0,0
1235,3,2,1
1236,3,0,0
1237,3,0,0
1238,2,0,0
1239,2,0,0
1240,3,0,0
1241,3,0,0
1242,3,0,0
1243,3,0,0
1244,3,2,1
1245,3,3,2
1246,3,3,2
1247,3,3,2
1248,3,3,3
1249,3,3,2
1250,3,3,3
1251,3,3,3
1252,3,3,2
1253,3,3,3
1254,3,3,3
1255,3,3,3
1256,3,3,3
1257,3,3,3
1258,3,3,3
1259,3,3,2
1260,3,3,2
1261,1,0,0
1262,3,2,1
1263,3,2,1
1264,3,3,3
1265,3,2,1
1266,3,3,3
1267,3,3,2
1268,3,3,3
1269,3,3,2
1270,3,0,0
1271,3,0,0
1272,3,0,0
1273,3,2,1
1274,3,2,1
1275,3,0,0
1276,3,0,0
1277,4,0,0
1278,3,0,0
1279,3,0,0
1280,3,0,0
1281,2,0,0
1282,2,0,0
1283,2,0,0
1284,2,0,0
1285,3,2,1
1286,4,2,1
1287,4,0,0
1288,3,0,0
1289,4,0,0
1290,3,0,0
1291,4,0,0
1292,3,0,0
1293,4,0,0
1294,4,2,1
1295,4,4,3
1296,4,2,1
1297,3,2,1
1298,3,2,1
1299,3,2,1
1300,3,2,1
1301,4,3,2
1302,4,3,3
1303,4,4,4
1304,4,4,4
1305,4,3,3
1306,4,3,3
1307,4,2,1
1308,4,2,1
1309,5,2,1
1310,5,0,0
1311,5,2,1
1312,5,2,1
1313,5,2,1
1314,5,3,2
1315,5,0,0
1316,5,0,0
1317,4,0,0
1318,4,0,0
1319,3,0,0
1320,3,0,0
1321,3,0,0
1322,3,0,0
1323,3,0,0
1324,2,0,0
1325,2,0,0
1326,2,2,1
1327,2,2,1
1328,2,0,0
1329,2,0,0
1330,2,0,0
1331,2,0,0
1332,2,0,0
1333,2,0,0
1334,2,0,0
1335,2,0,0
1336,1,0,0
1337,1,0,0
1338,1,0,0
1339,1,0,0
1340,1,0,0
1341,1,0,0
1342,1,0,0
1343,1,0,0
1344,1,0,0
1345,1,0,0
1346,2,0,0
1347,1,0,0
1348,1,0,0
1349,1,0,0
1350,1,0,0
1351,1,0,0
1352,1,0,0
1353,2,0,0
1354,1,0,0
1355,1,0,0
1356,1,0,0
1357,1,0,0
1358,1,0,0
1359,1,0,0
1360,1,0,0
1361,2,0,0
1362,2,0,0
1363,3,0,0
1364,3,0,0
1365,3,2,1
1366,3,0,0
1367,3,2,1
1368,3,0,0
1369,3,0,0
1370,3,0,0
1371,3,0,0
1372,4,0,0
1373,3,0,0
1374,3,0,0
1375,3,0,0
1376,3,0,0
1377,2,0,0
1378,2,0,0
1379,3,0,0
1380,3,0,0
1381,2,0,0
1382,2,0,0
1383,3,0,0
1384,3,0,0
1385,3,0,0
1386,3,0,0
1387,3,0,0
1388,3,0,0
1389,3,0,0
1390,3,3,2
1391,2,0,0
1392,2,0,0
1393,2,0,0
1394,2,0,0
1395,2,0,0
1396,4,2,1
1397,2,0,0
1398,2,0,0
1399,2,0,0
1400,3,0,0
1401,3,0,0
1402,3,0,0
1403,3,0,0
1404,3,0,0
1405,3,0,0
1406,3,0,0
1407,3,0,0
1408,3,0,0
1409,3,0,0
1410,3,0,0
1411,3,0,0
1412,4,0,0
1413,4,0,0
1414,4,0,0
1415,3,0,0
1416,3,0,0
1417,2,0,0
1418,2,0,0
1419,2,0,0
1420,2,0,0
1421,2,0,0
1422,2,0,0
1423,2,0,0
1424,2,0,0
1425,2,0,0
1426,2,0,0
1427,2,0,0
1428,2,0,0
1429,2,0,0
1430,2,0,0
1431,2,0,0
1432,2,0,0
1433,2,0,0
1434,2,0,0
1435,2,0,0
1436,3,0,0
1437,4,2,1
1438,3,2,1
1439,3,2,1
1440,4,3,2
1441,5,4,3
1442,4,3,2
1443,5,3,2
1444,5,2,1
1445,5,2,1
1446,5,0,0
1447,4,0,0
1448,4,0,0
1449,4,0,0
1450,4,0,0
1451,3,0,0
1452,3,0,0
1453,4,0,0
1454,4,0,0
1455,4,2,1
1456,4,2,1
1457,4,2,1
1458,3,0,0
1459,4,3,2
1460,4,3,2
1461,3,3,3
1462,3,3,3
1463,3,3,3
1464,3,3,2
1465,3,3,2
1466,3,3,3
1467,3,3,3
1468,4,2,1
1469,4,0,0
1470,4,2,1
1471,3,2,1
1472,4,0,0
1473,3,0,0
1474,3,0,0
1475,3,0,0
1476,3,0,0
1477,3,2,1
1478,3,0,0
1479,3,0,0
1480,3,0,0
1481,3,0,0
1482,3,0,0
1483,3,0,0
1484,3,0,0
1485,3,0,0
1486,3,0,0
1487,3,0,0
1488,2,0,0
1489,2,0,0
1490,2,0,0
1491,2,0,0
1492,2,0,0
1493,2,0,0
1494,3,0,0
1495,3,0,0
1496,4,0,0
1497,4,0,0
1498,3,2,1
1499,4,0,0
1500,4,0,0
1501,3,0,0
1502,4,0,0
1503,4,0,0
1504,4,2,1
1505,3,2,1
1506,3,2,1
1507,3,2,1
1508,3,2,1
1509,3,0,0
1510,2,0,0
1511,2,0,0
1512,3,0,0
1513,3,0,0
1514,3,0,0
1515,4,0,0
1516,3,3,2
1517,3,2,1
1518,5,3,2
1519,3,2,1
1520,4,3,2
1521,4,3,3
1522,4,3,3
1523,3,3,2
1524,2,2,1
1525,3,3,3
1526,3,3,2
1527,3,3,3
1528,3,3,2
1529,3,3,3
1530,3,3,2
1531,3,2,1
1532,3,3,2
1533,2,2,1
1534,3,3,2
1535,3,3,2
1536,3,3,2
1537,3,2,1
1538,3,2,1
1539,3,2,1
1540,3,2,1
1541,3,2,1
1542,3,2,1
1543,3,0,0
1544,3,2,1
1545,3,2,1
1546,3,0,0
1547,3,0,0
1548,3,0,0
1549,3,0,0
1550,3,0,0
1551,3,0,0
1552,3,0,0
1553,3,0,0
1554,3,0,0
1555,4,0,0
1556,4,0,0
1557,4,0,0
1558,4,0,0
1559,4,0,0
1560,4,0,0
1561,4,0,0
1562,4,0,0
1563,4,0,0
1564,4,0,0
1565,3,0,0
1566,3,0,0
1567,3,0,0
1568,3,0,0
1569,3,0,0
1570,3,0,0
1571,3,2,1
1572,3,2,1
1573,3,2,1
1574,3,2,1
1575,3,2,1
1576,3,2,1
1577,3,2,1
1578,3,2,1
1579,3,2,1
1580,3,0,0
1581,3,0,0
1582,3,0,0
1583,3,0,0
1584,3,0,0
1585,3,0,0
1586,3,0,0
1587,2,0,0
1588,2,0,0
1589,2,0,0
1590,2,0,0
1591,2,0,0
1592,2,0,0
1593,2,0,0
1594,2,0,0
1595,2,0,0
1596,2,0,0
1597,2,0,0
1598,2,0,0
1599,2,0,0
1600,2,0,0
1601,2,0,0
1602,3,2,1
1603,2,0,0
1604,3,0,0
1605,4,0,0
1606,4,2,1
1607,4,0,0
1608,4,0,0
1609,4,2,1
1610,4,2,1
1611,4,2,1
1612,4,2,1
1613,4,2,1
1614,3,0,0
1615,3,0,0
1616,4,0,0
1617,4,0,0
1618,4,2,1
1619,3,0,0
1620,4,0,0
1621,3,0,0
1622,5,0,0
1623,4,0,0
1624,4,0,0
1625,5,0,0
1626,4,0,0
1627,4,0,0
1628,4,0,0
1629,5,2,1
1630,3,0,0
1631,3,0,0
1632,3,0,0
1633,2,0,0
1634,2,0,0
1635,2,0,0
1636,2,0,0
1637,2,0,0
1638,2,0,0
1639,2,0,0
1640,2,0,0
1641,3,0,0
1642,3,0,0
1643,3,0,0
1644,2,0,0
1645,2,0,0
1646,2,0,0
1647,2,0,0
1648,2,0,0
1649,2,0,0
1650,3,0,0
1651,3,0,0
1652,3,2,1
1653,3,2,1
1654,3,2,1
1655,3,2,1
1656,3,3,2
1657,3,3,3
1658,3,3,2
1659,3,3,2
1660,3,3,2
1661,3,3,3
1662,3,2,1
1663,3,2,1
1664,3,2,1
1665,3,0,0
1666,4,0,0
1667,4,2,1
1668,4,2,1
1669,4,2,1
1670,4,2,1
1671,4,0,0
1672,4,2,1
1673,3,0,0
1674,3,0,0
1675,3,0,0
1676,4,2,1
1677,3,2,1
1678,3,2,1
1679,3,0,0
1680,3,0,0
1681,3,0,0
1682,3,0,0
1683,3,0,0
1684,3,3,2
1685,3,0,0
1686,3,0,0
1687,4,0,0
1688,4,2,1
1689,4,2,1
1690,4,2,1
1691,4,2,1
1692,4,2,1
1693,4,2,1
1694,4,3,2
1695,4,3,3
1696,4,4,4
1697,4,3,2
1698,4,4,4
1699,4,4,4
1700,4,4,5
1701,4,4,5
1702,4,4,3
1703,3,3,3
1704,4,4,5
1705,4,4,5
1706,4,4,4
1707,4,4,5
1708,4,4,5
1709,4,4,4
1710,3,3,2
1711,4,4,4
1712,4,3,3
1713,4,3,3
1714,4,3,2
1715,4,3,3
1716,4,3,2
1717,3,2,1
1718,4,2,1
1719,4,2,1
1720,3,0,0
1721,3,0,0
1722,4,0,0
1723,4,0,0
1724,4,0,0
1725,3,0,0
1726,3,0,0
1727,3,0,0
1728,3,0,0
1729,3,2,1
1730,3,0,0
1731,3,0,0
1732,3,0,0
1733,4,0,0
1734,4,2,1
1735,4,0,0
1736,3,0,0
1737,3,2,1
1738,3,2,1
1739,3,2,1
1740,3,2,1
1741,3,2,1
1742,3,2,1
1743,3,2,1
1744,3,2,1
1745,3,2,1
1746,3,2,1
1747,3,2,1
1748,3,3,2
1749,3,0,0
1750,3,2,1
1751,3,0,0
1752,3,0,0
1753,2,0,0
1754,3,0,0
1755,3,0,0
1756,3,0,0
1757,3,0,0
1758,4,0,0
1759,3,0,0
1760,3,0,0
1761,3,0,0
1762,4,0,0
1763,4,2,1
1764,4,0,0
1765,4,0,0
1766,4,0,0
1767,4,0,0
1768,3,0,0
1769,3,0,0
1770,3,0,0
1771,3,2,1
1772,3,2,1
1773,4,0,0
1774,4,0,0
1775,4,0,0
1776,3,0,0
1777,3,0,0
1778,4,0,0
1779,4,0,0
1780,3,0,0
1781,3,0,0
1782,3,0,0
1783,4,2,1
1784,4,2,1
1785,4,2,1
1786,4,2,1
1787,4,0,0
1788,4,0,0
1789,4,2,1
1790,4,0,0
1791,4,2,1
1792,4,0,0
1793,4,0,0
1794,4,0,0
1795,3,0,0
1796,2,0,0
1797,3,0,0
1798,3,0,0
1799,3,0,0
1800,4,0,0
1801,3,0,0
1802,3,0,0
1803,2,0,0
1804,2,0,0
1805,2,0,0
1806,2,0,0
1807,2,0,0
1808,2,0,0
1809,1,0,0
1810,3,0,0
1811,2,0,0
1812,2,0,0
1813,3,0,0
1814,3,0,0
1815,3,0,0
1816,3,0,0
1817,3,0,0
1818,3,0,0
1819,2,0,0
1820,2,0,0
1821,3,0,0
1822,3,0,0
1823,3,0,0
1824,3,0,0
1825,1,0,0
1826,1,0,0
1827,1,0,0
1828,1,0,0
1829,1,0,0
1830,1,0,0
1831,1,0,0
1832,1,0,0
1833,1,0,0
1834,1,0,0
1835,1,0,0
1836,1,0,0
1837,1,0,0
1838,1,0,0
1839,2,0,0
1840,2,0,0
1841,2,0,0
1842,2,0,0
1843,2,0,0
1844,2,0,0
1845,2,0,0
1846,2,0,0
1847,2,0,0
1848,2,0,0
1849,2,0,0
1850,3,0,0
1851,2,0,0
1852,2,0,0
1853,3,0,0
1854,3,0,0
1855,2,0,0
1856,2,0,0
1857,2,0,0
1858,2,0,0
1859,2,0,0
1860,2,0,0
1861,3,0,0
1862,3,0,0
1863,4,0,0
1864,4,0,0
1865,4,0,0
1866,3,0,0
1867,3,0,0
1868,3,0,0
1869,3,0,0
1870,3,0,0
1871,3,0,0
1872,3,2,1
1873,4,0,0
1874,4,2,1
1875,4,0,0
1876,4,0,0
1877,2,0,0
1878,3,0,0
1879,4,2,1
1880,3,0,0
1881,3,0,0
1882,3,0,0
1883,3,0,0
1884,3,0,0
1885,3,0,0
1886,3,0,0
1887,3,0,0
1888,3,0,0
1889,3,0,0
1890,3,0,0
1891,3,0,0
1892,3,0,0
1893,2,0,0
1894,3,0,0
1895,3,0,0
1896,2,0,0
1897,2,0,0
1898,3,0,0
1899,3,0,0
1900,2,0,0
1901,2,0,0
1902,3,0,0
1903,2,2,1
1904,2,0,0
1905,2,0,0
1906,2,0,0
1907,2,0,0
1908,2,0,0
1909,2,0,0
1910,2,0,0
1911,2,0,0
1912,2,0,0
1913,2,0,0
1914,2,0,0
1915,2,0,0
1916,2,0,0
1917,2,0,0
1918,2,0,0
1919,2,0,0
1920,2,0,0
1921,3,0,0
1922,3,2,1
1923,3,2,1
1924,3,0,0
1925,3,0,0
1926,3,0,0
1927,3,0,0
1928,3,2,1
1929,3,0,0
1930,4,0,0
1931,4,0,0
1932,5,0,0
1933,3,0,0
1934,3,0,0
1935,3,0,0
1936,3,0,0
1937,3,0,0
1938,3,0,0
1939,3,0,0
1940,3,0,0
1941,3,2,1
1942,3,2,1
1943,4,2,1
1944,3,0,0
1945,3,0,0
1946,3,0,0
1947,4,0,0
1948,3,0,0
1949,4,2,1
1950,3,2,1
1951,3,0,0
1952,3,0,0
1953,3,0,0
1954,2,0,0
1955,2,0,0
1956,3,0,0
1957,2,0,0
1958,2,0,0
1959,1,0,0
1960,1,0,0
1961,1,0,0
1962,2,0,0
1963,2,0,0
1964,1,0,0
1965,1,0,0
1966,2,0,0
1967,2,0,0
1968,2,0,0
1969,2,0,0
1970,2,0,0
1971,3,0,0
1972,3,2,1
1973,3,0,0
1974,2,0,0
1975,2,0,0
1976,2,0,0
1977,2,0,0
1978,2,0,0
1979,2,0,0
1980,2,0,0
1981,2,0,0
1982,2,0,0
1983,1,0,0
1984,3,0,0
1985,3,0,0
1986,3,0,0
1987,3,0,0
1988,3,0,0
1989,3,0,0
1990,2,0,0
1991,2,0,0
1992,2,0,0
1993,2,0,0
1994,2,0,0
1995,2,0,0
1996,2,0,0
1997,2,0,0
1998,1,0,0
1999,1,0,0
