0,0,0,0
1,1,0,0
2,1,0,0
3,1,0,0
4,1,0,0
5,1,0,0
6,1,0,0
7,1,0,0
8,2,0,0
9,2,0,0
10,2,0,0
11,2,0,0
12,2,0,0
13,2,0,0
14,2,0,0
15,2,0,0
16,2,0,0
17,2,0,0
18,2,0,0
19,2,0,0
20,1,0,0
21,1,0,0
22,1,0,0
23,1,0,0
24,1,0,0
25,2,0,0
26,1,0,0
27,1,0,0
28,1,0,0
29,1,0,0
30,2,0,0
31,1,0,0
32,1,0,0
33,1,0,0
34,2,0,0
35,1,0,0
36,1,0,0
37,1,0,0
38,1,0,0
39,1,0,0
40,2,0,0
41,2,0,0
42,2,0,0
43,2,0,0
44,2,0,0
45,2,0,0
46,2,0,0
47,2,0,0
48,3,0,0
49,2,0,0
50,2,2,1
51,2,0,0
52,3,0,0
53,2,0,0
54,3,0,0
55,3,0,0
56,2,0,0
57,2,0,0
58,2,0,0
59,2,0,0
60,2,0,0
61,3,0,0
62,3,0,0
63,2,0,0
64,2,0,0
65,2,0,0
66,2,0,0
67,1,0,0
68,2,0,0
69,2,0,0
70,2,0,0
71,2,0,0
72,1,0,0
73,1,0,0
74,2,0,0
75,2,0,0
76,2,0,0
77,2,0,0
78,2,0,0
79,2,0,0
80,2,0,0
81,2,0,0
82,2,2,1
83,2,0,0
84,2,0,0
85,2,0,0
86,2,0,0
87,2,0,0
88,2,0,0
89,2,0,0
90,1,0,0
91,2,0,0
92,1,0,0
93,1,0,0
94,2,0,0
95,2,0,0
96,3,0,0
97,3,0,0
98,2,0,0
99,3,0,0
100,4,0,0
101,3,0,0
102,2,0,0
103,2,0,0
104,2,0,0
105,2,0,0
106,2,0,0
107,2,0,0
108,2,0,0
109,2,0,0
110,2,0,0
111,2,0,0
112,1,0,0
113,1,0,0
114,1,0,0
115,2,0,0
116,2,0,0
117,2,0,0
118,2,0,0
119,2,0,0
120,2,0,0
121,1,0,0
122,2,0,0
123,1,0,0
124,1,0,0
125,2,0,0
126,1,0,0
127,1,0,0
128,1,0,0
129,2,0,0
130,2,0,0
131,2,0,0
132,2,0,0
133,2,0,0
134,2,0,0
135,2,0,0
136,2,0,0
137,2,0,0
138,2,0,0
139,3,2,1
140,3,0,0
141,3,0,0
142,3,0,0
143,2,0,0
144,3,0,0
145,3,0,0
146,3,0,0
147,3,3,2
148,3,2,1
149,3,0,0
150,3,0,0
151,3,0,0
152,3,0,0
153,3,3,2
154,3,3,3
155,3,3,2
156,3,3,3
157,3,3,3
158,3,3,3
159,3,3,2
160,4,3,2
161,4,3,3
162,4,3,3
163,4,3,2
164,4,3,2
165,4,3,3
166,4,3,3
167,4,3,2
168,4,3,2
169,4,3,3
170,4,3,2
171,4,3,2
172,4,3,2
173,4,3,3
174,5,3,3
175,5,3,3
176,4,2,1
177,5,3,3
178,5,3,2
179,5,3,3
180,5,3,3
181,5,3,3
182,4,3,2
183,4,3,3
184,4,3,3
185,4,3,2
186,3,3,2
187,4,3,3
188,4,3,2
189,5,3,2
190,4,2,1
191,4,2,1
192,4,3,3
193,4,3,3
194,4,3,2
195,4,3,2
196,4,3,3
197,4,3,3
198,4,3,2
199,4,3,3
200,4,3,2
201,4,3,3
202,4,3,2
203,4,3,3
204,4,3,3
205,4,3,3
206,5,3,3
207,5,3,3
208,5,4,4
209,5,4,5
210,5,3,3
211,5,3,3
212,5,4,4
213,5,4,5
214,5,4,4
215,5,4,5
216,5,4,3
217,5,4,5
218,6,4,5
219,6,5,7
220,6,5,6
221,6,5,6
222,5,4,5
223,5,4,5
224,5,5,7
225,6,5,6
226,6,5,7
227,7,5,6
228,7,6,9
229,7,6,8
230,7,7,8
231,7,7,8
232,7,6,9
233,7,6,6
234,7,6,8
235,7,6,8
236,7,6,9
237,8,6,9
238,8,6,7
239,8,6,9
240,8,7,8
241,8,7,9
242,7,7,10
243,7,7,11
244,7,7,11
245,6,6,9
246,7,7,11
247,7,7,11
248,7,7,11
249,7,7,10
250,7,7,10
251,7,7,11
252,7,7,11
253,7,7,11
254,7,7,10
255,7,7,10
256,7,7,11
257,7,7,11
258,7,7,11
259,7,7,11
260,7,7,10
261,6,6,9
262,6,6,9
263,6,6,9
264,6,6,9
265,6,6,9
266,7,6,8
267,7,6,8
268,7,6,9
269,6,6,9
270,6,6,9
271,6,6,9
272,6,6,9
273,6,6,9
274,7,6,9
275,6,6,9
276,6,6,9
277,6,6,9
278,6,6,9
279,6,6,8
280,6,6,8
281,6,6,9
282,6,6,9
283,7,6,9
284,6,6,8
285,6,6,9
286,6,6,9
287,6,6,8
288,6,6,9
289,6,6,9
290,6,6,9
291,6,6,9
292,6,6,9
293,6,6,8
294,6,6,9
295,6,6,9
296,6,6,9
297,6,6,8
298,6,6,8
299,6,6,9
300,6,6,9
301,6,6,9
302,7,7,10
303,7,6,9
304,7,7,11
305,7,7,11
306,7,7,11
307,7,7,11
308,7,7,11
309,7,7,11
310,7,7,11
311,7,7,10
312,7,7,11
313,7,7,10
314,7,7,9
315,7,7,11
316,7,7,11
317,7,7,11
318,7,7,11
319,7,7,11
320,7,7,11
321,7,6,8
322,8,7,11
323,7,6,9
324,8,7,10
325,6,6,9
326,7,7,10
327,6,6,9
328,8,8,12
329,8,8,14
330,8,8,14
331,8,8,15
332,8,8,15
333,8,8,14
334,8,8,14
335,8,8,15
336,8,8,15
337,8,8,15
338,8,8,15
339,8,8,15
340,8,8,15
341,8,8,15
342,8,8,15
343,8,8,14
344,8,8,15
345,8,8,15
346,8,8,15
347,8,8,15
348,8,8,15
349,8,8,15
350,8,8,15
351,8,8,15
352,8,8,15
353,8,8,15
354,8,8,15
355,8,8,15
356,8,8,15
357,8,8,14
358,8,8,14
359,8,8,15
360,8,8,15
361,8,8,15
362,8,8,14
363,8,8,15
364,8,8,15
365,8,8,15
366,8,8,15
367,8,8,15
368,8,8,15
369,8,8,15
370,8,8,15
371,8,8,15
372,8,8,15
373,8,8,15
374,8,8,15
375,8,8,14
376,8,8,15
377,8,8,15
378,8,8,15
379,8,8,15
380,8,8,15
381,8,8,15
382,7,7,12
383,8,8,15
384,8,8,15
385,8,8,15
386,8,8,15
387,8,8,15
388,8,8,15
389,8,8,15
390,8,8,15
391,8,8,15
392,8,8,15
393,8,8,15
394,8,8,15
395,8,8,15
396,8,8,15
397,8,8,15
398,8,8,15
399,8,8,15
400,8,8,15
401,8,8,15
402,8,8,15
403,8,8,15
404,8,8,14
405,8,8,15
406,8,8,15
407,8,8,15
408,8,8,15
409,8,8,15
410,8,8,14
411,8,8,15
412,8,8,15
413,8,8,15
414,8,8,14
415,8,8,15
416,8,8,14
417,8,8,14
418,8,8,14
419,8,8,15
420,8,8,15
421,8,8,15
422,8,8,13
423,8,8,14
424,8,8,15
425,8,8,15
426,8,8,12
427,8,8,13
428,8,8,14
429,9,8,14
430,8,8,15
431,8,8,15
432,8,8,15
433,8,8,15
434,8,8,15
435,8,8,15
436,8,8,15
437,8,8,15
438,8,8,15
439,8,8,15
440,8,8,13
441,8,8,15
442,8,8,15
443,8,8,15
444,8,8,15
445,8,8,15
446,8,8,14
447,8,8,15
448,8,8,15
449,8,8,15
450,8,8,15
451,8,8,15
452,8,8,15
453,8,8,14
454,8,8,15
455,8,8,15
456,8,8,15
457,8,8,14
458,8,8,15
459,8,8,15
460,8,8,15
461,8,8,15
462,8,8,15
463,8,8,15
464,8,8,15
465,8,8,15
466,9,8,15
467,8,8,14
468,8,8,15
469,8,8,15
470,8,8,15
471,8,8,15
472,8,8,15
473,8,8,15
474,8,8,15
475,8,8,14
476,8,8,15
477,8,8,13
478,8,8,15
479,8,8,14
480,8,8,14
481,8,8,15
482,8,8,14
483,8,8,14
484,8,8,14
485,8,8,15
486,8,8,14
487,8,8,14
488,8,8,13
489,8,8,14
490,8,8,14
491,8,8,14
492,8,8,15
493,8,8,15
494,8,8,15
495,8,8,15
496,8,8,15
497,8,8,15
498,8,8,15
499,8,8,15
500,8,8,15
501,8,8,15
502,8,8,14
503,8,8,15
504,8,8,15
505,8,8,14
506,8,8,15
507,8,8,15
508,8,8,15
509,8,8,13
510,8,8,14
511,8,8,15
512,8,8,14
513,8,8,14
514,8,8,15
515,8,8,14
516,8,8,15
517,8,8,14
518,8,8,15
519,8,8,14
520,8,8,15
521,8,8,15
522,8,8,15
523,8,8,15
524,8,8,15
525,8,8,15
526,8,8,15
527,8,8,15
528,8,8,15
529,8,8,14
530,8,8,15
531,8,8,15
532,8,8,15
533,8,8,15
534,8,8,15
535,8,8,15
536,8,8,15
537,8,8,14
538,8,8,15
539,8,8,14
540,8,8,14
541,8,8,15
542,8,8,15
543,8,8,15
544,8,8,15
545,8,8,15
546,8,8,15
547,8,8,15
548,8,8,15
549,8,8,15
550,8,8,14
551,8,8,15
552,8,8,14
553,8,8,15
554,8,8,15
555,8,8,14
556,8,8,15
557,8,8,15
558,8,8,15
559,8,8,15
560,8,8,15
561,8,8,15
562,8,8,15
563,8,8,15
564,8,8,14
565,8,8,14
566,8,8,15
567,8,8,15
568,8,8,15
569,8,8,15
570,8,8,15
571,8,8,15
572,8,8,15
573,8,8,15
574,8,8,15
575,8,8,14
576,9,8,15
577,9,8,15
578,8,8,14
579,9,9,15
580,9,9,16
581,9,9,17
582,9,9,16
583,9,9,15
584,9,9,17
585,9,9,17
586,9,9,17
587,9,9,17
588,9,9,17
589,9,9,17
590,9,9,17
591,9,9,17
592,9,9,17
593,9,9,17
594,9,9,17
595,9,9,17
596,9,9,17
597,9,9,15
598,9,9,15
599,9,9,16
600,9,9,16
601,9,8,14
602,8,8,15
603,8,8,15
604,8,8,15
605,9,8,14
606,9,8,15
607,8,8,13
608,8,7,11
609,8,7,12
610,9,8,13
611,9,8,15
612,9,8,15
613,10,8,15
614,9,9,17
615,9,9,17
616,9,9,17
617,9,9,17
618,9,9,17
619,9,9,17
620,9,9,16
621,9,9,17
622,9,9,16
623,9,8,15
624,9,9,17
625,8,8,15
626,9,8,15
627,9,9,16
628,9,9,17
629,9,9,17
630,9,9,17
631,9,9,17
632,9,9,17
633,9,9,17
634,9,9,17
635,9,9,17
636,9,9,16
637,9,9,17
638,9,9,17
639,9,9,17
640,9,9,17
641,9,9,17
642,9,9,17
643,9,9,17
644,10,9,17
645,9,9,17
646,10,9,17
647,10,9,17
648,10,9,16
649,9,9,17
650,8,8,15
651,9,9,17
652,9,9,17
653,9,9,17
654,9,9,17
655,9,9,17
656,9,9,17
657,9,9,17
658,9,9,17
659,9,9,17
660,9,9,17
661,9,9,17
662,9,9,17
663,9,9,17
664,9,9,17
665,9,9,17
666,9,9,17
667,8,8,13
668,9,9,17
669,9,9,16
670,8,8,14
671,9,9,16
672,10,10,18
673,9,9,16
674,10,9,16
675,9,9,16
676,10,9,15
677,9,9,17
678,9,9,16
679,9,9,17
680,9,9,17
681,9,9,17
682,9,9,17
683,9,9,17
684,9,9,17
685,9,9,17
686,9,9,17
687,9,9,17
688,9,9,17
689,9,9,17
690,9,9,16
691,9,9,17
692,9,9,17
693,9,9,16
694,9,9,17
695,9,9,17
696,9,9,16
697,9,9,17
698,9,9,17
699,9,9,17
700,9,9,17
701,9,9,17
702,9,9,16
703,9,9,17
704,9,9,15
705,9,9,16
706,9,9,17
707,9,9,16
708,9,9,17
709,9,9,15
710,9,9,16
711,9,9,15
712,9,9,16
713,8,8,15
714,9,9,17
715,9,9,17
716,9,9,17
717,9,9,17
718,9,9,17
719,9,9,17
720,9,9,17
721,9,9,16
722,9,9,16
723,9,9,17
724,9,9,17
725,9,9,17
726,9,9,17
727,9,9,17
728,9,9,17
729,9,9,17
730,9,9,17
731,9,9,17
732,9,9,16
733,9,9,17
734,9,9,17
735,9,9,17
736,9,9,17
737,9,9,17
738,9,9,17
739,9,9,17
740,9,9,17
741,9,9,17
742,9,9,17
743,9,9,16
744,9,9,17
745,9,9,16
746,8,8,15
747,8,8,15
748,9,9,16
749,9,9,16
750,9,9,17
751,9,9,17
752,9,9,17
753,9,9,17
754,9,9,15
755,9,9,17
756,9,9,17
757,9,9,17
758,9,9,17
759,8,8,13
760,8,8,14
761,9,9,16
762,9,9,17
763,9,9,15
764,9,9,17
765,9,9,16
766,9,9,17
767,9,9,17
768,9,9,17
769,9,9,17
770,9,9,17
771,9,9,17
772,9,8,15
773,9,9,17
774,9,9,17
775,9,9,16
776,9,9,17
777,9,9,17
778,9,9,17
779,9,9,16
780,9,9,17
781,9,9,17
782,9,9,17
783,8,8,15
784,8,8,15
785,8,8,15
786,8,8,15
787,9,9,16
788,9,9,16
789,9,9,17
790,9,9,17
791,9,9,17
792,9,9,17
793,9,9,16
794,9,9,16
795,9,9,17
796,9,9,17
797,9,9,17
798,9,9,17
799,9,9,17
800,9,9,17
801,9,9,17
802,8,8,15
803,9,9,17
804,9,9,17
805,9,9,17
806,9,9,17
807,9,9,17
808,9,9,16
809,9,9,16
810,9,9,16
811,9,9,16
812,9,9,17
813,9,9,17
814,9,9,17
815,9,9,17
816,8,8,15
817,8,8,14
818,9,8,15
819,9,8,15
820,9,8,15
821,9,8,15
822,9,8,15
823,9,8,15
824,9,8,15
825,9,8,15
826,9,8,15
827,9,8,15
828,9,8,15
829,9,8,15
830,9,8,15
831,9,8,15
832,9,8,15
833,9,8,15
834,9,8,15
835,9,9,18
836,9,9,18
837,9,9,18
838,9,9,18
839,9,9,18
840,9,9,18
841,9,9,18
842,9,9,16
843,9,9,18
844,9,9,18
845,9,9,16
846,9,9,18
847,9,9,16
848,9,9,18
849,9,9,18
850,9,9,18
851,9,9,18
852,10,9,18
853,10,9,18
854,9,9,18
855,9,9,18
856,9,9,18
857,9,9,18
858,9,9,18
859,9,9,18
860,9,9,18
861,9,9,18
862,9,9,18
863,9,9,17
864,9,9,18
865,9,9,16
866,9,9,17
867,10,9,18
868,10,9,18
869,10,9,18
870,10,9,17
871,9,9,17
872,9,9,18
873,10,9,18
874,10,9,18
875,10,9,18
876,10,9,18
877,10,9,18
878,10,9,18
879,10,9,18
880,10,9,18
881,10,9,18
882,10,9,18
883,10,9,18
884,10,9,18
885,10,9,18
886,10,9,18
887,10,9,18
888,10,9,18
889,10,9,18
890,10,9,18
891,10,10,21
892,10,10,21
893,10,10,21
894,10,10,20
895,10,10,21
896,10,10,21
897,10,10,21
898,10,10,21
899,10,10,20
900,10,10,21
901,10,10,21
902,10,10,21
903,10,10,21
904,10,10,21
905,10,10,21
906,10,10,21
907,10,10,21
908,10,10,21
909,10,10,21
910,10,10,21
911,10,10,21
912,10,10,21
913,10,10,21
914,10,10,21
915,10,10,21
916,10,10,20
917,10,10,21
918,10,10,21
919,10,10,20
920,10,10,21
921,10,10,21
922,10,10,21
923,10,10,21
924,10,10,21
925,10,10,21
926,10,10,21
927,10,10,21
928,10,10,21
929,10,10,21
930,10,10,21
931,10,10,21
932,10,10,21
933,10,10,21
934,10,10,21
935,10,10,21
936,10,10,20
937,10,10,21
938,10,10,21
939,10,10,21
940,10,10,21
941,10,10,21
942,10,10,21
943,10,10,21
944,10,10,21
945,10,10,21
946,10,10,21
947,10,10,21
948,10,10,21
949,10,10,21
950,10,10,21
951,10,10,20
952,10,10,21
953,10,10,21
954,10,10,21
955,10,10,20
956,10,10,21
957,10,10,21
958,10,10,21
959,10,10,21
960,10,10,21
961,10,10,21
962,10,10,21
963,10,10,21
964,10,10,20
965,10,10,21
966,10,10,21
967,10,10,21
968,10,10,21
969,10,10,20
970,10,10,21
971,10,10,21
972,10,10,21
973,10,10,21
974,10,10,21
975,10,10,21
976,10,10,21
977,10,10,21
978,10,10,21
979,10,10,21
980,10,10,21
981,10,10,21
982,10,10,21
983,10,10,21
984,10,10,21
985,10,10,21
986,10,10,21
987,10,10,21
988,10,10,21
989,10,10,21
990,10,10,21
991,10,10,21
992,10,10,21
993,10,10,21
994,10,10,21
995,10,10,21
996,10,10,21
997,10,10,21
998,10,10,21
999,10,10,21
1000,10,10,21
1001,10,10,20
1002,10,10,21
1003,10,10,20
1004,10,10,21
1005,10,10,21
1006,10,10,21
1007,10,10,21
1008,10,10,21
1009,10,10,21
1010,10,10,21
1011,10,10,21
1012,10,10,21
1013,10,10,21
1014,10,10,21
1015,10,10,20
1016,10,10,21
1017,10,10,21
1018,10,10,21
1019,10,10,21
1020,10,10,21
1021,10,10,20
1022,10,10,21
1023,10,10,20
1024,10,10,21
1025,10,10,21
1026,10,10,21
1027,10,10,21
1028,10,10,21
1029,10,10,21
1030,10,10,21
1031,10,10,21
1032,10,10,20
1033,10,10,21
1034,10,10,21
1035,10,10,21
1036,10,10,21
1037,10,10,21
1038,10,10,21
1039,10,10,21
1040,10,10,21
1041,10,10,21
1042,10,10,21
1043,10,10,21
1044,10,10,21
1045,10,10,21
1046,10,10,21
1047,10,10,20
1048,10,10,21
1049,10,10,21
1050,10,10,21
1051,10,10,21
1052,10,10,21
1053,10,10,21
1054,10,10,21
1055,10,10,21
1056,10,10,21
1057,10,10,21
1058,10,10,21
1059,10,10,21
1060,10,10,21
1061,10,10,21
1062,10,10,21
1063,10,10,21
1064,10,10,21
1065,10,10,21
1066,10,10,20
1067,10,10,21
1068,10,10,21
1069,10,10,21
1070,10,10,21
1071,10,10,20
1072,10,10,21
1073,10,10,21
1074,10,10,21
1075,10,10,21
1076,10,10,21
1077,10,10,21
1078,10,10,21
1079,10,10,21
1080,10,10,20
1081,10,10,20
1082,10,10,21
1083,10,10,21
1084,10,10,21
1085,10,10,21
1086,10,10,21
1087,10,10,21
1088,10,10,21
1089,10,10,19
1090,10,10,21
1091,10,10,21
1092,10,10,21
1093,10,10,21
1094,10,10,21
1095,10,10,21
1096,10,10,21
1097,10,10,21
1098,10,10,21
1099,10,10,21
1100,10,10,21
1101,10,10,21
1102,10,10,21
1103,10,10,21
1104,10,10,21
1105,10,10,20
1106,10,10,21
1107,10,10,20
1108,10,10,19
1109,10,10,18
1110,10,10,21
1111,10,10,21
1112,10,10,21
1113,10,10,21
1114,10,10,21
1115,10,10,21
1116,10,10,19
1117,10,10,20
1118,10,10,21
1119,10,10,21
1120,10,10,21
1121,10,10,21
1122,10,10,21
1123,10,10,21
1124,10,10,21
1125,10,10,21
1126,10,10,20
1127,10,10,21
1128,10,10,21
1129,10,10,21
1130,10,10,21
1131,10,10,21
1132,10,10,21
1133,10,10,21
1134,10,10,21
1135,10,10,21
1136,10,10,21
1137,10,10,21
1138,10,10,21
1139,10,10,21
1140,10,10,21
1141,10,10,21
1142,10,10,21
1143,10,10,21
1144,10,10,21
1145,10,10,21
1146,10,10,21
1147,10,10,21
1148,10,10,20
1149,10,10,19
1150,10,10,21
1151,10,10,21
1152,10,10,21
1153,10,10,21
1154,10,10,21
1155,11,11,22
1156,11,11,25
1157,11,11,25
1158,11,11,24
1159,11,11,25
1160,11,11,25
1161,11,11,25
1162,11,11,25
1163,11,11,25
1164,11,11,25
1165,11,11,25
1166,11,11,25
1167,11,11,25
1168,11,11,25
1169,11,11,25
1170,11,11,25
1171,11,11,25
1172,11,11,25
1173,11,11,25
1174,11,11,25
1175,11,11,25
1176,11,11,25
1177,11,11,25
1178,11,11,25
1179,11,11,25
1180,11,11,25
1181,11,11,25
1182,11,11,25
1183,11,11,25
1184,11,11,25
1185,11,11,25
1186,11,11,25
1187,11,11,25
1188,11,11,25
1189,11,11,25
1190,11,11,25
1191,11,11,25
1192,11,11,25
1193,11,11,25
1194,11,11,25
1195,11,11,25
1196,11,11,25
1197,11,11,25
1198,11,11,25
1199,11,11,25
1200,11,11,25
1201,11,11,25
1202,11,11,25
1203,11,11,25
1204,11,11,25
1205,11,11,25
1206,11,11,25
1207,11,11,25
1208,11,11,25
1209,11,11,25
1210,11,11,25
1211,11,11,25
1212,11,11,25
1213,11,11,25
1214,11,11,25
1215,11,11,25
1216,11,11,25
1217,11,11,25
1218,11,11,25
1219,11,11,25
1220,11,11,25
1221,11,11,25
1222,11,11,25
1223,11,11,25
1224,11,11,25
1225,11,11,25
1226,11,11,25
1227,11,11,25
1228,11,11,25
1229,11,11,25
1230,11,11,25
1231,11,11,25
1232,11,11,25
1233,11,11,25
1234,11,11,25
1235,11,11,25
1236,11,11,25
1237,11,11,25
1238,11,11,25
1239,11,11,25
1240,11,11,25
1241,11,11,25
1242,11,11,25
1243,11,11,25
1244,11,11,25
1245,12,12,29
1246,12,12,30
1247,12,12,30
1248,12,12,30
1249,12,12,30
1250,12,12,30
1251,12,12,30
1252,12,12,30
1253,12,12,30
1254,12,12,30
1255,12,12,30
1256,12,12,30
1257,12,12,30
1258,12,12,29
1259,12,12,30
1260,12,12,30
1261,12,12,30
1262,12,12,30
1263,12,12,30
1264,12,12,30
1265,12,12,30
1266,12,12,30
1267,12,12,30
1268,12,12,30
1269,12,12,30
1270,12,12,30
1271,12,12,30
1272,12,12,30
1273,12,12,30
1274,12,12,30
1275,12,12,30
1276,12,12,30
1277,12,12,30
1278,12,12,30
1279,12,12,30
1280,12,12,30
1281,12,12,30
1282,12,12,30
1283,12,12,30
1284,12,12,30
1285,12,12,30
1286,12,12,30
1287,12,12,30
1288,12,12,30
1289,12,12,30
1290,12,12,30
1291,12,12,30
1292,12,12,30
1293,12,12,30
1294,12,12,30
1295,12,12,30
1296,12,12,30
1297,12,12,30
1298,12,12,30
1299,12,12,30
1300,12,12,30
1301,12,12,30
1302,12,12,30
1303,12,12,30
1304,12,12,30
1305,12,12,30
1306,12,12,30
1307,12,12,30
1308,12,12,30
1309,12,12,30
1310,12,12,30
1311,12,12,30
1312,12,12,30
1313,12,12,30
1314,12,12,30
1315,12,12,30
1316,12,12,30
1317,12,12,30
1318,12,12,30
1319,12,12,30
1320,12,12,30
1321,12,12,30
1322,12,12,30
1323,12,12,30
1324,12,12,30
1325,12,12,30
1326,12,12,30
1327,12,12,30
1328,12,12,30
1329,12,12,30
1330,12,12,30
1331,12,12,30
1332,12,12,30
1333,12,12,30
1334,12,12,30
1335,12,12,30
1336,12,12,30
1337,12,12,30
1338,12,12,30
1339,12,12,30
1340,12,12,30
1341,12,12,30
1342,12,12,30
1343,12,12,30
1344,12,12,30
1345,12,12,30
1346,12,12,30
1347,12,12,30
1348,12,12,30
1349,12,12,30
1350,12,12,30
1351,12,12,30
1352,12,12,30
1353,12,12,30
1354,12,12,30
1355,12,12,30
1356,12,12,30
1357,12,12,30
1358,12,12,30
1359,12,12,30
1360,12,12,30
1361,12,12,30
1362,12,12,30
1363,12,12,30
1364,12,12,30
1365,12,12,30
1366,12,12,30
1367,12,12,30
1368,12,12,30
1369,12,12,30
1370,12,12,30
1371,12,12,30
1372,12,12,30
1373,12,12,30
1374,12,12,30
1375,12,12,30
1376,12,12,30
1377,12,12,30
1378,12,12,30
1379,12,12,30
1380,12,12,30
1381,12,12,30
1382,12,12,30
1383,12,12,30
1384,12,12,30
1385,12,12,30
1386,12,12,30
1387,12,12,30
1388,12,12,30
1389,12,12,30
1390,12,12,30
1391,12,12,30
1392,12,12,30
1393,12,12,30
1394,12,12,30
1395,12,12,30
1396,12,12,30
1397,12,12,30
1398,12,12,30
1399,12,12,30
1400,12,12,30
1401,12,12,30
1402,12,12,30
1403,12,12,30
1404,12,12,30
1405,12,12,30
1406,12,12,30
1407,12,12,30
1408,12,12,30
1409,12,12,30
1410,12,12,30
1411,12,12,30
1412,12,12,30
1413,12,12,30
1414,12,12,30
1415,12,12,30
1416,12,12,30
1417,12,12,30
1418,12,12,30
1419,12,12,30
1420,12,12,30
1421,12,12,30
1422,12,12,30
1423,12,12,30
1424,12,12,30
1425,12,12,30
1426,12,12,30
1427,12,12,30
1428,12,12,30
1429,12,12,30
1430,12,12,30
1431,12,12,30
1432,12,12,30
1433,12,12,30
1434,12,12,30
1435,12,12,30
1436,12,12,30
1437,12,12,30
1438,12,12,30
1439,12,12,30
1440,12,12,30
1441,12,12,30
1442,12,12,30
1443,12,12,30
1444,12,12,30
1445,12,12,30
1446,12,12,30
1447,12,12,30
1448,12,12,30
1449,12,12,30
1450,12,12,30
1451,12,12,30
1452,12,12,30
1453,12,12,30
1454,12,12,30
1455,12,12,30
1456,12,12,30
1457,12,12,30
1458,12,12,30
1459,12,12,30
1460,12,12,30
1461,12,12,30
1462,12,12,30
1463,12,12,30
1464,12,12,30
1465,12,12,30
1466,12,12,30
1467,12,12,30
1468,12,12,30
1469,12,12,30
1470,12,12,30
1471,12,12,30
1472,12,12,30
1473,12,12,30
1474,12,12,30
1475,12,12,30
1476,12,12,30
1477,12,12,30
1478,12,12,30
1479,12,12,30
1480,12,12,30
1481,12,12,30
1482,12,12,30
1483,12,12,30
1484,12,12,30
1485,12,12,30
1486,12,12,30
1487,12,12,30
1488,12,12,30
1489,12,12,30
1490,12,12,30
1491,12,12,30
1492,12,12,30
1493,12,12,30
1494,12,12,30
1495,12,12,30
1496,12,12,30
1497,12,12,30
1498,12,12,30
1499,12,12,30
1500,12,12,30
1501,12,12,30
1502,12,12,30
1503,12,12,30
1504,12,12,30
1505,12,12,30
1506,12,12,30
1507,12,12,30
1508,12,12,30
1509,12,12,30
1510,12,12,30
1511,12,12,30
1512,12,12,30
1513,12,12,30
1514,12,12,30
1515,12,12,30
1516,12,12,30
1517,12,12,30
1518,12,12,30
1519,12,12,30
1520,12,12,30
1521,12,12,30
1522,12,12,30
1523,12,12,30
1524,12,12,30
1525,12,12,30
1526,12,12,30
1527,12,12,30
1528,12,12,30
1529,12,12,30
1530,12,12,30
1531,12,12,30
1532,12,12,30
1533,12,12,30
1534,12,12,30
1535,12,12,30
1536,12,12,30
1537,12,12,30
1538,12,12,30
1539,12,12,30
1540,12,12,30
1541,12,12,30
1542,12,12,30
1543,12,12,30
1544,12,12,30
1545,12,12,30
1546,12,12,30
1547,12,12,30
1548,12,12,30
1549,12,12,30
1550,12,12,30
1551,12,12,30
1552,12,12,30
1553,12,12,30
1554,12,12,30
1555,12,12,30
1556,12,12,30
1557,12,12,30
1558,12,12,30
1559,12,12,30
1560,12,12,30
1561,12,12,30
1562,12,12,30
1563,12,12,30
1564,12,12,30
1565,12,12,30
1566,12,12,30
1567,12,12,30
1568,12,12,30
1569,12,12,30
1570,12,12,30
1571,12,12,30
1572,12,12,30
1573,12,12,30
1574,12,12,30
1575,12,12,30
1576,12,12,30
1577,12,12,30
1578,12,12,30
1579,12,12,30
1580,12,12,30
1581,12,12,30
1582,12,12,30
1583,12,12,30
1584,12,12,30
1585,12,12,30
1586,12,12,30
1587,12,12,30
1588,12,12,30
1589,12,12,30
1590,12,12,30
1591,12,12,30
1592,12,12,30
1593,12,12,30
1594,12,12,30
1595,12,12,30
1596,12,12,30
1597,12,12,30
1598,12,12,30
1599,12,12,30
1600,12,12,30
1601,12,12,30
1602,12,12,30
1603,12,12,30
1604,12,12,30
1605,12,12,30
1606,12,12,30
1607,12,12,30
1608,12,12,30
1609,12,12,30
1610,12,12,30
1611,12,12,30
1612,12,12,30
1613,12,12,30
1614,12,12,30
1615,12,12,30
1616,12,12,30
1617,12,12,30
1618,12,12,30
1619,12,12,30
1620,12,12,30
1621,12,12,30
1622,12,12,30
1623,12,12,30
1624,12,12,30
1625,12,12,30
1626,12,12,30
1627,12,12,30
1628,12,12,30
1629,12,12,30
1630,12,12,30
1631,12,12,30
1632,12,12,30
1633,12,12,30
1634,12,12,30
1635,12,12,30
1636,12,12,30
1637,12,12,30
1638,12,12,30
1639,12,12,30
1640,12,12,30
1641,12,12,30
1642,12,12,30
1643,12,12,30
1644,12,12,30
1645,12,12,30
1646,12,12,30
1647,12,12,30
1648,12,12,30
1649,12,12,30
1650,12,12,30
1651,12,12,30
1652,12,12,30
1653,12,12,30
1654,12,12,30
1655,12,12,30
1656,12,12,30
1657,12,12,30
1658,12,12,30
1659,12,12,30
1660,12,12,30
1661,12,12,30
1662,12,12,30
1663,12,12,30
1664,12,12,30
1665,12,12,30
1666,12,12,30
1667,12,12,30
1668,12,12,30
1669,12,12,30
1670,12,12,30
1671,12,12,30
1672,12,12,30
1673,12,12,30
1674,12,12,30
1675,12,12,30
1676,12,12,30
1677,12,12,30
1678,12,12,30
1679,12,12,30
1680,12,12,30
1681,12,12,30
1682,12,12,30
1683,12,12,30
1684,12,12,30
1685,12,12,30
1686,12,12,30
1687,12,12,30
1688,12,12,30
1689,12,12,30
1690,12,12,29
1691,12,12,30
1692,12,12,30
1693,12,12,30
1694,12,12,30
1695,12,12,30
1696,12,12,30
1697,12,12,30
1698,12,12,30
1699,12,12,30
1700,12,12,30
1701,12,12,30
1702,12,12,30
1703,12,12,30
1704,12,12,30
1705,12,12,30
1706,12,12,30
1707,12,12,30
1708,12,12,30
1709,12,12,30
1710,12,12,30
1711,12,12,30
1712,12,12,30
1713,12,12,30
1714,12,12,30
1715,12,12,30
1716,12,12,30
1717,12,12,30
1718,12,12,30
1719,12,12,30
1720,12,12,30
1721,12,12,30
1722,12,12,30
1723,12,12,30
1724,12,12,30
1725,12,12,30
1726,12,12,30
1727,12,12,30
1728,12,12,30
1729,12,12,30
1730,12,12,30
1731,12,12,30
1732,12,12,30
1733,12,12,30
1734,12,12,30
1735,12,12,30
1736,12,12,30
1737,12,12,30
1738,12,12,30
1739,12,12,30
1740,12,12,30
1741,12,12,30
1742,12,12,30
1743,12,12,30
1744,12,12,30
1745,12,12,30
1746,12,12,30
1747,12,12,30
1748,12,12,30
1749,12,12,30
1750,12,12,30
1751,12,12,30
1752,12,12,30
1753,12,12,30
1754,12,12,30
1755,12,12,30
1756,12,12,30
1757,12,12,30
1758,12,12,30
1759,12,12,30
1760,12,12,30
1761,12,12,30
1762,12,12,30
1763,12,12,30
1764,12,12,30
1765,12,12,30
1766,12,12,30
1767,12,12,30
1768,12,12,30
1769,12,12,30
1770,12,12,30
1771,12,12,30
1772,12,12,30
1773,12,12,30
1774,12,12,30
1775,12,12,30
1776,12,12,30
1777,12,12,30
1778,12,12,30
1779,12,12,30
1780,12,12,30
1781,12,12,30
1782,12,12,30
1783,12,12,30
1784,12,12,30
1785,12,12,30
1786,12,12,30
1787,12,12,30
1788,12,12,30
1789,12,12,30
1790,12,12,30
1791,12,12,30
1792,12,12,30
1793,12,12,30
1794,12,12,30
1795,12,12,30
1796,12,12,30
1797,12,12,30
1798,12,12,30
1799,12,12,30
1800,12,12,30
1801,12,12,30
1802,12,12,29
1803,12,12,30
1804,12,12,30
1805,12,12,30
1806,12,12,30
1807,12,12,30
1808,12,12,30
1809,12,12,30
1810,12,12,30
1811,12,12,30
1812,12,12,30
1813,12,12,30
1814,12,12,30
1815,12,12,30
1816,12,12,30
1817,12,12,30
1818,12,12,30
1819,12,12,30
1820,12,12,30
1821,12,12,30
1822,12,12,30
1823,12,12,30
1824,12,12,30
1825,12,12,30
1826,12,12,30
1827,12,12,30
1828,12,12,30
1829,12,12,30
1830,12,12,30
1831,12,12,30
1832,12,12,30
1833,12,12,30
1834,12,12,30
1835,12,12,30
1836,12,12,30
1837,12,12,29
1838,12,12,30
1839,12,12,29
1840,12,12,30
1841,12,12,30
1842,12,12,30
1843,12,12,30
1844,12,12,30
1845,12,12,30
1846,12,12,30
1847,12,12,30
1848,12,12,30
1849,12,12,30
1850,12,12,30
1851,12,12,30
1852,12,12,30
1853,12,12,30
1854,12,12,30
1855,12,12,30
1856,12,12,30
1857,12,12,30
1858,12,12,30
1859,12,12,30
1860,12,12,30
1861,12,12,30
1862,12,12,30
1863,12,12,30
1864,12,12,30
1865,12,12,30
1866,12,12,30
1867,12,12,30
1868,12,12,30
1869,12,12,30
1870,12,12,30
1871,12,12,30
1872,12,12,30
1873,12,12,30
1874,12,12,30
1875,12,12,30
1876,12,12,30
1877,12,12,30
1878,12,12,30
1879,12,12,30
1880,12,12,30
1881,12,12,30
1882,12,12,30
1883,12,12,30
1884,12,12,30
1885,12,12,30
1886,12,12,30
1887,12,12,30
1888,12,12,30
1889,12,12,30
1890,12,12,30
1891,12,12,30
1892,12,12,30
1893,12,12,30
1894,12,12,30
1895,12,12,30
1896,12,12,30
1897,12,12,30
1898,12,12,30
1899,12,12,30
1900,12,12,30
1901,12,12,30
1902,12,12,30
1903,12,12,30
1904,12,12,30
1905,12,12,30
1906,12,12,30
1907,12,12,30
1908,12,12,30
1909,12,12,30
1910,12,12,30
1911,12,12,30
1912,12,12,30
1913,12,12,30
1914,12,12,30
1915,12,12,30
1916,12,12,30
1917,12,12,30
1918,12,12,30
1919,12,12,30
1920,12,12,30
1921,12,12,30
1922,12,12,30
1923,12,12,30
1924,12,12,30
1925,12,12,30
1926,12,12,30
1927,12,12,30
1928,12,12,30
1929,12,12,30
1930,12,12,30
1931,12,12,29
1932,12,12,30
1933,12,12,30
1934,12,12,30
1935,12,12,30
1936,12,12,30
1937,12,12,30
1938,12,12,30
1939,12,12,30
1940,12,12,30
1941,12,12,30
1942,12,12,30
1943,12,12,30
1944,12,12,30
1945,12,12,30
1946,12,12,30
1947,12,12,30
1948,12,12,30
1949,12,12,30
1950,12,12,30
1951,12,12,30
1952,12,12,30
1953,12,12,30
1954,12,12,30
1955,12,12,30
1956,12,12,30
1957,12,12,30
1958,12,12,30
1959,12,12,30
1960,12,12,30
1961,12,12,30
1962,12,12,30
1963,12,12,29
1964,12,12,30
1965,12,12,30
1966,12,12,30
1967,12,12,30
1968,12,12,30
1969,12,12,30
1970,12,12,30
1971,12,12,30
1972,12,12,30
1973,12,12,30
1974,12,12,30
1975,12,12,30
1976,12,12,30
1977,12,12,30
1978,12,12,30
1979,12,12,30
1980,12,12,30
1981,12,12,30
1982,12,12,30
1983,12,12,30
1984,12,12,30
1985,12,12,30
1986,12,12,30
1987,12,12,30
1988,12,12,30
1989,12,12,29
1990,12,12,30
1991,12,12,30
1992,12,12,30
1993,12,12,30
1994,12,12,30
1995,12,12,30
1996,12,12,30
1997,12,12,30
1998,12,12,30
1999,12,12,30
