0,0,0,0
1,0,0,0
2,1,0,0
3,0,0,0
4,1,0,0
5,0,0,0
6,0,0,0
7,0,0,0
8,1,0,0
9,1,0,0
10,0,0,0
11,0,0,0
12,0,0,0
13,1,0,0
14,1,0,0
15,0,0,0
16,0,0,0
17,1,0,0
18,1,0,0
19,1,0,0
20,1,0,0
21,1,0,0
22,1,0,0
23,0,0,0
24,0,0,0
25,0,0,0
26,1,0,0
27,1,0,0
28,0,0,0
29,0,0,0
30,1,0,0
31,2,0,0
32,2,0,0
33,1,0,0
34,1,0,0
35,1,0,0
36,1,0,0
37,2,0,0
38,2,0,0
39,2,0,0
40,1,0,0
41,2,0,0
42,2,0,0
43,2,0,0
44,2,0,0
45,2,0,0
46,2,0,0
47,2,0,0
48,2,0,0
49,2,0,0
50,2,0,0
51,3,0,0
52,2,0,0
53,2,0,0
54,2,0,0
55,2,0,0
56,3,0,0
57,2,2,1
58,3,0,0
59,2,0,0
60,2,0,0
61,2,0,0
62,2,0,0
63,3,0,0
64,2,0,0
65,2,0,0
66,3,0,0
67,3,0,0
68,3,0,0
69,3,0,0
70,2,0,0
71,2,0,0
72,2,0,0
73,2,0,0
74,4,0,0
75,4,0,0
76,5,0,0
77,3,0,0
78,2,0,0
79,2,0,0
80,2,0,0
81,2,0,0
82,3,0,0
83,3,0,0
84,3,0,0
85,2,0,0
86,3,0,0
87,3,0,0
88,3,0,0
89,3,0,0
90,3,0,0
91,3,0,0
92,3,0,0
93,3,0,0
94,3,0,0
95,3,0,0
96,3,0,0
97,3,0,0
98,3,0,0
99,3,2,1
100,3,0,0
101,3,0,0
102,3,0,0
103,4,0,0
104,4,2,1
105,4,0,0
106,3,0,0
107,4,0,0
108,3,0,0
109,3,0,0
110,3,0,0
111,4,0,0
112,4,0,0
113,4,0,0
114,4,2,1
115,4,3,2
116,4,2,1
117,4,0,0
118,4,0,0
119,4,0,0
120,4,3,2
121,4,3,2
122,5,4,4
123,5,5,6
124,5,5,7
125,5,5,6
126,5,5,7
127,4,4,5
128,5,4,5
129,5,5,6
130,5,5,6
131,5,5,7
132,5,5,6
133,5,5,6
134,5,5,6
135,6,5,7
136,6,5,7
137,6,5,7
138,6,5,7
139,6,5,6
140,6,5,7
141,6,5,7
142,6,5,6
143,6,5,7
144,6,5,7
145,6,5,7
146,6,5,6
147,6,5,7
148,6,5,7
149,6,5,7
150,5,5,7
151,5,5,7
152,5,5,7
153,5,5,7
154,5,5,7
155,5,5,6
156,5,5,6
157,5,5,7
158,5,5,6
159,5,5,7
160,5,5,7
161,5,5,7
162,5,5,6
163,5,5,7
164,5,5,6
165,5,5,6
166,5,5,7
167,5,5,6
168,5,5,6
169,5,5,6
170,5,5,7
171,5,5,7
172,5,5,7
173,5,5,7
174,5,5,7
175,5,5,7
176,5,5,7
177,6,5,7
178,6,5,7
179,5,5,7
180,5,5,6
181,5,5,7
182,4,4,4
183,5,5,6
184,5,5,5
185,5,5,6
186,5,5,7
187,5,5,6
188,5,5,7
189,5,5,7
190,5,5,6
191,5,5,7
192,5,5,6
193,5,5,6
194,5,5,7
195,5,5,6
196,5,5,7
197,5,5,6
198,5,5,7
199,5,5,7
200,6,5,7
201,6,5,6
202,6,5,7
203,6,5,6
204,6,5,7
205,6,5,5
206,6,5,7
207,6,5,7
208,6,5,7
209,6,5,7
210,6,5,7
211,6,5,7
212,6,6,9
213,6,6,9
214,6,6,9
215,5,5,7
216,6,6,8
217,6,5,7
218,6,5,7
219,6,6,9
220,6,6,9
221,6,6,9
222,6,6,9
223,6,6,9
224,6,6,9
225,6,6,9
226,6,6,9
227,6,6,9
228,6,6,9
229,6,6,9
230,6,6,9
231,5,5,7
232,5,5,7
233,6,6,7
234,6,6,9
235,6,6,8
236,6,5,5
237,6,6,9
238,6,6,9
239,5,5,7
240,6,6,9
241,6,6,8
242,5,5,5
243,5,5,7
244,6,6,7
245,5,5,7
246,6,6,9
247,6,6,9
248,6,6,9
249,6,6,9
250,6,6,9
251,6,6,9
252,6,6,9
253,6,6,8
254,6,6,9
255,6,6,9
256,6,6,9
257,6,6,9
258,6,6,9
259,6,6,9
260,7,6,9
261,6,6,9
262,6,6,8
263,6,6,8
264,6,6,9
265,6,6,9
266,6,6,9
267,6,5,7
268,6,6,9
269,6,6,8
270,5,5,5
271,6,6,8
272,6,5,7
273,7,7,10
274,6,4,4
275,7,6,8
276,6,5,6
277,7,5,6
278,6,6,9
279,7,7,9
280,7,7,11
281,7,7,10
282,7,7,11
283,7,7,9
284,7,7,9
285,6,6,9
286,7,7,11
287,7,7,11
288,7,7,11
289,7,7,9
290,7,7,11
291,7,7,12
292,7,7,10
293,8,8,14
294,7,7,12
295,8,8,14
296,8,8,14
297,8,8,15
298,8,8,15
299,8,8,15
300,9,8,14
301,9,8,11
302,9,8,14
303,8,8,13
304,8,8,15
305,8,8,14
306,8,8,15
307,8,8,15
308,8,8,15
309,8,8,15
310,8,8,15
311,8,8,14
312,8,8,15
313,8,8,15
314,8,8,15
315,8,8,15
316,8,8,15
317,8,8,15
318,8,8,15
319,8,8,15
320,8,8,15
321,8,8,15
322,8,8,15
323,8,8,15
324,8,8,15
325,8,8,15
326,8,8,15
327,8,8,15
328,8,8,15
329,8,8,15
330,9,8,15
331,9,8,15
332,8,8,13
333,8,8,13
334,8,8,13
335,8,8,13
336,8,8,15
337,8,8,15
338,8,8,15
339,8,8,15
340,8,8,15
341,8,8,14
342,8,8,15
343,8,8,15
344,8,8,14
345,8,8,15
346,8,8,15
347,8,8,14
348,8,8,14
349,8,8,15
350,8,8,15
351,8,8,15
352,8,8,15
353,8,8,15
354,8,8,15
355,8,8,15
356,8,8,15
357,8,8,15
358,8,8,15
359,8,8,15
360,8,8,15
361,8,8,15
362,8,8,15
363,8,8,15
364,8,8,15
365,8,8,15
366,8,8,15
367,8,8,15
368,8,8,15
369,8,8,15
370,8,8,15
371,8,8,15
372,8,8,15
373,8,8,15
374,8,8,15
375,8,8,15
376,8,8,15
377,8,8,15
378,8,8,15
379,8,8,14
380,8,8,15
381,8,8,15
382,8,8,15
383,8,8,15
384,8,8,15
385,9,8,15
386,9,9,18
387,9,9,17
388,9,9,18
389,9,9,18
390,9,9,18
391,9,9,18
392,9,9,18
393,9,9,18
394,9,9,18
395,9,9,18
396,9,9,17
397,9,9,18
398,9,9,18
399,9,9,18
400,9,9,18
401,10,9,18
402,10,9,18
403,10,9,18
404,10,9,18
405,10,9,18
406,10,9,18
407,10,10,19
408,10,10,21
409,10,10,21
410,10,10,21
411,10,10,21
412,10,10,21
413,10,10,21
414,10,10,21
415,10,10,20
416,10,10,21
417,10,10,21
418,10,10,21
419,10,10,21
420,10,10,21
421,10,10,21
422,10,10,21
423,10,10,21
424,10,10,21
425,10,10,21
426,10,10,21
427,10,10,21
428,10,10,21
429,10,10,21
430,10,10,21
431,10,10,21
432,10,10,21
433,10,10,19
434,10,10,21
435,10,10,21
436,10,10,21
437,10,10,21
438,10,10,21
439,10,10,21
440,10,10,21
441,10,10,21
442,10,10,21
443,10,10,21
444,10,10,21
445,10,10,21
446,10,10,21
447,10,10,20
448,10,10,21
449,10,10,21
450,10,10,21
451,10,10,20
452,10,10,21
453,10,10,21
454,10,10,21
455,10,10,21
456,10,10,20
457,10,10,21
458,10,10,21
459,10,10,21
460,10,10,21
461,10,10,20
462,10,10,21
463,10,10,21
464,10,10,21
465,10,10,21
466,10,10,21
467,10,10,21
468,10,10,21
469,10,10,21
470,10,10,21
471,10,10,21
472,10,10,21
473,10,10,20
474,10,10,21
475,10,10,21
476,10,10,21
477,10,10,21
478,10,10,21
479,10,10,21
480,10,10,20
481,10,10,21
482,10,10,20
483,10,10,21
484,10,10,21
485,10,10,19
486,10,10,20
487,10,10,21
488,10,10,21
489,10,10,21
490,10,10,21
491,10,10,21
492,10,10,21
493,10,10,21
494,10,10,21
495,10,10,21
496,10,10,21
497,10,10,21
498,10,10,21
499,10,10,21
500,10,10,21
501,10,10,21
502,10,10,21
503,10,10,21
504,10,10,21
505,10,10,21
506,10,10,21
507,10,10,21
508,10,10,21
509,10,10,20
510,10,10,21
511,10,10,21
512,10,10,21
513,10,10,21
514,10,10,21
515,10,10,21
516,10,10,21
517,10,10,21
518,10,10,21
519,10,10,21
520,10,10,21
521,10,10,21
522,10,10,21
523,10,10,21
524,10,10,21
525,10,10,21
526,10,10,21
527,10,10,21
528,10,10,21
529,10,10,21
530,10,10,21
531,10,10,21
532,11,11,25
533,11,11,25
534,11,11,25
535,11,11,25
536,11,11,25
537,11,11,25
538,11,11,25
539,11,11,25
540,11,11,25
541,11,11,25
542,11,11,24
543,11,11,25
544,11,11,25
545,11,11,25
546,11,11,25
547,11,11,25
548,11,11,25
549,11,11,25
550,11,11,25
551,11,11,25
552,11,11,25
553,11,11,25
554,11,11,25
555,11,11,25
556,11,11,25
557,11,11,25
558,11,11,25
559,11,11,25
560,11,11,25
561,11,11,25
562,11,11,25
563,11,11,25
564,11,11,25
565,11,11,25
566,11,11,25
567,11,11,25
568,11,11,25
569,11,11,25
570,11,11,25
571,11,11,24
572,11,11,25
573,11,11,25
574,11,11,25
575,11,11,25
576,11,11,25
577,11,11,25
578,11,11,25
579,11,11,25
580,11,11,25
581,11,11,25
582,11,11,25
583,11,11,25
584,11,11,25
585,11,11,25
586,11,11,25
587,11,11,24
588,11,11,24
589,11,11,25
590,11,11,25
591,11,11,25
592,11,11,25
593,11,11,25
594,11,11,25
595,11,11,25
596,11,11,25
597,11,11,25
598,11,11,25
599,11,11,25
600,11,11,25
601,11,11,25
602,11,11,25
603,11,11,25
604,11,11,25
605,11,11,25
606,11,11,25
607,11,11,25
608,11,11,25
609,11,11,25
610,11,11,25
611,11,11,25
612,11,11,25
613,11,11,25
614,11,11,25
615,11,11,25
616,11,11,25
617,11,11,25
618,11,11,25
619,11,11,25
620,11,11,25
621,11,11,25
622,11,11,25
623,11,11,25
624,11,11,25
625,11,11,25
626,11,11,25
627,11,11,25
628,11,11,25
629,11,11,25
630,11,11,25
631,11,11,25
632,11,11,25
633,11,11,25
634,11,11,25
635,11,11,25
636,11,11,25
637,11,11,25
638,11,11,25
639,11,11,25
640,11,11,25
641,11,11,25
642,11,11,25
643,11,11,25
644,11,11,25
645,11,11,25
646,11,11,25
647,11,11,25
648,11,11,25
649,11,11,25
650,11,11,25
651,11,11,25
652,11,11,25
653,11,11,25
654,11,11,25
655,11,11,25
656,11,11,25
657,11,11,25
658,11,11,25
659,11,11,25
660,11,11,25
661,11,11,25
662,11,11,25
663,11,11,25
664,11,11,25
665,11,11,25
666,11,11,25
667,11,11,25
668,11,11,25
669,11,11,25
670,11,11,25
671,11,11,25
672,11,11,25
673,11,11,25
674,11,11,25
675,11,11,25
676,11,11,25
677,11,11,25
678,11,11,25
679,11,11,25
680,11,11,25
681,11,11,25
682,11,11,25
683,11,11,25
684,11,11,25
685,11,11,25
686,11,11,25
687,11,11,25
688,11,11,25
689,11,11,25
690,11,11,25
691,11,11,25
692,11,11,25
693,11,11,25
694,11,11,25
695,11,11,25
696,11,11,25
697,11,11,25
698,11,11,25
699,11,11,25
700,11,11,25
701,11,11,25
702,11,11,25
703,11,11,25
704,11,11,25
705,11,11,25
706,11,11,25
707,11,11,25
708,11,11,25
709,11,11,25
710,11,11,25
711,11,11,25
712,11,11,25
713,11,11,25
714,11,11,25
715,11,11,25
716,11,11,25
717,11,11,25
718,11,11,25
719,11,11,25
720,11,11,25
721,11,11,25
722,11,11,25
723,11,11,25
724,11,11,24
725,11,11,25
726,11,11,25
727,11,11,25
728,11,11,25
729,11,11,25
730,11,11,25
731,11,11,25
732,11,11,25
733,11,11,25
734,11,11,25
735,11,11,25
736,11,11,25
737,11,11,25
738,11,11,25
739,11,11,25
740,11,11,25
741,11,11,25
742,11,11,25
743,11,11,25
744,11,11,25
745,11,11,25
746,11,11,25
747,11,11,25
748,11,11,25
749,11,11,25
750,11,11,25
751,11,11,25
752,11,11,25
753,11,11,25
754,11,11,25
755,11,11,25
756,11,11,25
757,11,11,25
758,11,11,25
759,11,11,25
760,11,11,25
761,11,11,25
762,11,11,25
763,11,11,25
764,11,11,25
765,11,11,24
766,11,11,25
767,11,11,25
768,11,11,25
769,11,11,25
770,11,11,25
771,11,11,25
772,11,11,25
773,11,11,25
774,11,11,25
775,11,11,25
776,11,11,25
777,11,11,25
778,11,11,24
779,11,11,25
780,12,12,30
781,12,12,30
782,12,12,30
783,12,12,30
784,12,12,30
785,12,12,30
786,12,12,30
787,12,12,30
788,12,12,30
789,12,12,30
790,12,12,30
791,12,12,30
792,12,12,30
793,12,12,30
794,12,12,30
795,12,12,30
796,12,12,30
797,12,12,30
798,12,12,30
799,12,12,30
800,12,12,30
801,12,12,30
802,12,12,30
803,12,12,30
804,12,12,30
805,12,12,30
806,12,12,30
807,12,12,30
808,12,12,30
809,12,12,30
810,12,12,30
811,12,12,30
812,12,12,30
813,12,12,30
814,12,12,30
815,12,12,30
816,12,12,30
817,12,12,30
818,12,12,30
819,12,12,30
820,12,12,30
821,12,12,30
822,12,12,30
823,12,12,30
824,12,12,30
825,12,12,30
826,12,12,30
827,12,12,30
828,12,12,30
829,12,12,30
830,12,12,30
831,12,12,30
832,12,12,30
833,12,12,30
834,12,12,30
835,12,12,30
836,12,12,30
837,12,12,30
838,12,12,30
839,12,12,30
840,12,12,30
841,12,12,30
842,12,12,30
843,12,12,30
844,12,12,30
845,12,12,30
846,12,12,30
847,12,12,30
848,12,12,30
849,12,12,30
850,12,12,30
851,12,12,30
852,12,12,30
853,12,12,30
854,12,12,30
855,12,12,30
856,12,12,30
857,12,12,30
858,12,12,30
859,12,12,30
860,12,12,30
861,12,12,30
862,12,12,30
863,12,12,30
864,12,12,30
865,12,12,30
866,12,12,30
867,12,12,30
868,12,12,30
869,12,12,30
870,12,12,30
871,12,12,30
872,12,12,30
873,12,12,30
874,12,12,30
875,12,12,30
876,12,12,30
877,12,12,30
878,12,12,30
879,12,12,30
880,12,12,30
881,12,12,30
882,12,12,30
883,12,12,30
884,12,12,30
885,12,12,30
886,12,12,30
887,12,12,30
888,12,12,30
889,12,12,30
890,12,12,30
891,12,12,30
892,12,12,30
893,12,12,30
894,12,12,30
895,12,12,30
896,12,12,30
897,12,12,30
898,12,12,30
899,12,12,30
900,12,12,30
901,12,12,30
902,12,12,30
903,12,12,30
904,12,12,30
905,12,12,30
906,12,12,30
907,12,12,30
908,12,12,30
909,12,12,30
910,12,12,30
911,12,12,30
912,12,12,30
913,12,12,30
914,12,12,30
915,12,12,30
916,12,12,30
917,12,12,30
918,12,12,30
919,12,12,30
920,12,12,30
921,12,12,30
922,12,12,30
923,12,12,30
924,12,12,30
925,12,12,30
926,12,12,30
927,12,12,30
928,12,12,30
929,12,12,30
930,12,12,30
931,12,12,30
932,12,12,30
933,12,12,30
934,12,12,30
935,12,12,30
936,12,12,30
937,12,12,30
938,12,12,30
939,12,12,30
940,12,12,30
941,12,12,30
942,12,12,30
943,12,12,30
944,12,12,30
945,12,12,30
946,12,12,30
947,12,12,29
948,12,12,30
949,12,12,30
950,12,12,30
951,12,12,30
952,12,12,30
953,12,12,30
954,12,12,30
955,12,12,30
956,12,12,30
957,12,12,30
958,12,12,30
959,12,12,30
960,12,12,30
961,12,12,30
962,12,12,30
963,12,12,30
964,12,12,30
965,12,12,30
966,12,12,30
967,12,12,30
968,12,12,30
969,12,12,30
970,12,12,30
971,12,12,30
972,12,12,30
973,12,12,30
974,12,12,30
975,12,12,30
976,12,12,30
977,12,12,30
978,12,12,30
979,12,12,30
980,12,12,30
981,12,12,30
982,12,12,30
983,12,12,30
984,12,12,30
985,12,12,30
986,12,12,30
987,12,12,30
988,12,12,30
989,12,12,30
990,12,12,30
991,12,12,30
992,12,12,30
993,12,12,30
994,12,12,30
995,12,12,30
996,12,12,30
997,12,12,30
998,12,12,30
999,12,12,30
1000,12,12,30
1001,12,12,30
1002,12,12,30
1003,12,12,30
1004,12,12,30
1005,12,12,30
1006,12,12,30
1007,12,12,30
1008,12,12,30
1009,12,12,29
1010,12,12,30
1011,12,12,30
1012,12,12,30
1013,12,12,30
1014,12,12,30
1015,12,12,30
1016,12,12,30
1017,12,12,30
1018,12,12,30
1019,12,12,30
1020,12,12,30
1021,12,12,30
1022,12,12,30
1023,12,12,30
1024,12,12,30
1025,12,12,30
1026,12,12,30
1027,12,12,30
1028,12,12,30
1029,12,12,30
1030,12,12,30
1031,12,12,30
1032,12,12,30
1033,12,12,30
1034,12,12,30
1035,12,12,30
1036,12,12,30
1037,12,12,30
1038,12,12,30
1039,12,12,30
1040,12,12,30
1041,12,12,30
1042,12,12,30
1043,12,12,30
1044,12,12,30
1045,12,12,30
1046,12,12,30
1047,12,12,30
1048,12,12,30
1049,12,12,30
1050,12,12,30
1051,12,12,30
1052,12,12,30
1053,12,12,30
1054,12,12,30
1055,12,12,30
1056,12,12,30
1057,12,12,30
1058,12,12,30
1059,12,12,30
1060,12,12,30
1061,12,12,30
1062,12,12,30
1063,12,12,30
1064,12,12,30
1065,12,12,30
1066,12,12,30
1067,12,12,30
1068,12,12,30
1069,12,12,30
1070,12,12,30
1071,12,12,30
1072,12,12,29
1073,12,12,30
1074,12,12,30
1075,12,12,30
1076,12,12,30
1077,12,12,30
1078,12,12,30
1079,12,12,30
1080,12,12,30
1081,12,12,30
1082,12,12,30
1083,12,12,30
1084,12,12,30
1085,12,12,30
1086,12,12,30
1087,12,12,30
1088,12,12,30
1089,12,12,30
1090,12,12,30
1091,12,12,30
1092,12,12,30
1093,12,12,30
1094,12,12,30
1095,12,12,30
1096,12,12,30
1097,12,12,30
1098,12,12,30
1099,12,12,30
1100,12,12,30
1101,12,12,30
1102,12,12,30
1103,12,12,30
1104,12,12,30
1105,12,12,29
1106,12,12,30
1107,12,12,30
1108,12,12,30
1109,12,12,30
1110,12,12,30
1111,12,12,30
1112,12,12,30
1113,12,12,30
1114,12,12,30
1115,12,12,30
1116,12,12,30
1117,12,12,30
1118,12,12,30
1119,12,12,30
1120,12,12,30
1121,12,12,30
1122,12,12,30
1123,12,12,30
1124,12,12,30
1125,12,12,30
1126,12,12,30
1127,12,12,30
1128,12,12,30
1129,12,12,30
1130,12,12,30
1131,12,12,30
1132,12,12,30
1133,12,12,30
1134,12,12,30
1135,12,12,30
1136,12,12,30
1137,12,12,30
1138,12,12,30
1139,12,12,30
1140,12,12,30
1141,12,12,30
1142,12,12,30
1143,12,12,30
1144,12,12,30
1145,12,12,30
1146,12,12,30
1147,12,12,30
1148,12,12,30
1149,12,12,30
1150,12,12,30
1151,12,12,30
1152,12,12,30
1153,12,12,30
1154,12,12,30
1155,12,12,30
1156,12,12,30
1157,12,12,30
1158,12,12,30
1159,12,12,30
1160,12,12,30
1161,12,12,30
1162,12,12,30
1163,12,12,30
1164,12,12,30
1165,12,12,30
1166,12,12,30
1167,12,12,30
1168,12,12,30
1169,12,12,30
1170,12,12,30
1171,12,12,30
1172,12,12,30
1173,12,12,28
1174,12,12,30
1175,12,12,30
1176,12,12,30
1177,12,12,30
1178,12,12,30
1179,12,12,30
1180,12,12,30
1181,12,12,30
1182,12,12,30
1183,12,12,30
1184,12,12,30
1185,12,12,30
1186,12,12,30
1187,12,12,30
1188,12,12,30
1189,12,12,30
1190,12,12,30
1191,12,12,30
1192,12,12,30
1193,12,12,30
1194,12,12,30
1195,12,12,30
1196,12,12,30
1197,12,12,30
1198,12,12,30
1199,12,12,30
1200,12,12,30
1201,12,12,30
1202,12,12,30
1203,12,12,30
1204,12,12,30
1205,12,12,30
1206,12,12,30
1207,12,12,30
1208,12,12,30
1209,12,12,30
1210,12,12,30
1211,12,12,30
1212,12,12,30
1213,12,12,30
1214,12,12,30
1215,12,12,30
1216,12,12,30
1217,12,12,30
1218,12,12,30
1219,12,12,30
1220,12,12,30
1221,12,12,30
1222,12,12,30
1223,12,12,30
1224,12,12,30
1225,12,12,30
1226,12,12,30
1227,12,12,30
1228,12,12,30
1229,12,12,30
1230,12,12,30
1231,12,12,30
1232,12,12,30
1233,12,12,30
1234,12,12,30
1235,12,12,30
1236,12,12,30
1237,12,12,30
1238,12,12,30
1239,12,12,30
1240,12,12,30
1241,12,12,30
1242,12,12,30
1243,12,12,30
1244,12,12,30
1245,12,12,30
1246,12,12,30
1247,12,12,30
1248,12,12,30
1249,12,12,30
1250,12,12,30
1251,12,12,30
1252,12,12,30
1253,12,12,30
1254,12,12,30
1255,12,12,30
1256,12,12,30
1257,12,12,30
1258,12,12,30
1259,12,12,30
1260,12,12,30
1261,12,12,30
1262,12,12,30
1263,12,12,30
1264,12,12,30
1265,12,12,30
1266,12,12,30
1267,12,12,30
1268,12,12,30
1269,12,12,30
1270,12,12,30
1271,12,12,29
1272,12,12,30
1273,12,12,30
1274,12,12,30
1275,12,12,30
1276,12,12,30
1277,12,12,30
1278,12,12,30
1279,12,12,30
1280,12,12,30
1281,12,12,30
1282,12,12,30
1283,12,12,30
1284,12,12,30
1285,12,12,30
1286,12,12,30
1287,12,12,30
1288,12,12,30
1289,12,12,30
1290,12,12,30
1291,12,12,30
1292,12,12,30
1293,12,12,30
1294,12,12,30
1295,12,12,30
1296,12,12,30
1297,12,12,30
1298,12,12,30
1299,12,12,30
1300,12,12,30
1301,12,12,30
1302,12,12,30
1303,12,12,30
1304,12,12,30
1305,12,12,30
1306,12,12,30
1307,12,12,30
1308,12,12,30
1309,12,12,30
1310,12,12,30
1311,12,12,30
1312,12,12,30
1313,12,12,30
1314,12,12,30
1315,12,12,30
1316,12,12,30
1317,12,12,30
1318,12,12,29
1319,12,12,29
1320,12,12,30
1321,12,12,30
1322,12,12,30
1323,12,12,30
1324,12,12,30
1325,12,12,30
1326,12,12,30
1327,12,12,30
1328,12,12,30
1329,12,12,30
1330,12,12,30
1331,12,12,30
1332,12,12,30
1333,12,12,30
1334,12,12,30
1335,12,12,30
1336,12,12,30
1337,12,12,30
1338,12,12,30
1339,12,12,30
1340,12,12,30
1341,12,12,30
1342,12,12,30
1343,12,12,30
1344,12,12,30
1345,12,12,30
1346,12,12,30
1347,12,12,30
1348,12,12,30
1349,12,12,30
1350,12,12,30
1351,12,12,30
1352,12,12,30
1353,12,12,30
1354,12,12,30
1355,12,12,30
1356,12,12,30
1357,12,12,30
1358,12,12,30
1359,12,12,30
1360,12,12,30
1361,12,12,30
1362,12,12,30
1363,12,12,30
1364,12,12,30
1365,12,12,29
1366,12,12,30
1367,12,12,30
1368,12,12,30
1369,12,12,30
1370,12,12,30
1371,12,12,30
1372,12,12,30
1373,12,12,30
1374,12,12,30
1375,12,12,30
1376,12,12,30
1377,12,12,30
1378,12,12,30
1379,12,12,30
1380,12,12,30
1381,12,12,30
1382,12,12,30
1383,12,12,30
1384,12,12,30
1385,12,12,30
1386,12,12,30
1387,12,12,30
1388,12,12,30
1389,12,12,30
1390,12,12,30
1391,12,12,30
1392,12,12,30
1393,12,12,30
1394,12,12,30
1395,12,12,30
1396,12,12,30
1397,12,12,30
1398,12,12,30
1399,12,12,30
1400,12,12,30
1401,12,12,30
1402,12,12,30
1403,12,12,30
1404,12,12,30
1405,12,12,30
1406,12,12,30
1407,12,12,30
1408,12,12,30
1409,12,12,30
1410,12,12,30
1411,12,12,30
1412,12,12,30
1413,12,12,30
1414,12,12,30
1415,12,12,30
1416,12,12,30
1417,12,12,30
1418,12,12,30
1419,12,12,30
1420,12,12,30
1421,12,12,30
1422,12,12,30
1423,12,12,30
1424,12,12,30
1425,12,12,30
1426,12,12,30
1427,12,12,30
1428,12,12,30
1429,12,12,30
1430,12,12,30
1431,12,12,30
1432,12,12,30
1433,12,12,30
1434,12,12,30
1435,12,12,30
1436,12,12,30
1437,12,12,30
1438,12,12,30
1439,12,12,30
1440,12,12,30
1441,12,12,30
1442,12,12,30
1443,12,12,30
1444,12,12,30
1445,12,12,30
1446,12,12,30
1447,12,12,30
1448,12,12,30
1449,12,12,30
1450,12,12,30
1451,12,12,30
1452,12,12,30
1453,12,12,30
1454,12,12,30
1455,12,12,30
1456,12,12,30
1457,12,12,30
1458,12,12,30
1459,12,12,30
1460,12,12,30
1461,12,12,30
1462,12,12,30
1463,12,12,30
1464,12,12,30
1465,12,12,30
1466,12,12,30
1467,12,12,30
1468,12,12,30
1469,12,12,30
1470,12,12,30
1471,12,12,30
1472,12,12,30
1473,12,12,30
1474,12,12,30
1475,12,12,30
1476,12,12,30
1477,12,12,30
1478,12,12,30
1479,12,12,30
1480,12,12,30
1481,12,12,30
1482,12,12,30
1483,12,12,30
1484,12,12,30
1485,12,12,30
1486,12,12,30
1487,12,12,30
1488,12,12,30
1489,12,12,30
1490,12,12,30
1491,12,12,30
1492,12,12,30
1493,12,12,30
1494,12,12,30
1495,12,12,30
1496,12,12,30
1497,12,12,30
1498,12,12,30
1499,12,12,30
1500,12,12,30
1501,12,12,30
1502,12,12,30
1503,12,12,30
1504,12,12,30
1505,12,12,30
1506,12,12,30
1507,12,12,30
1508,12,12,30
1509,12,12,30
1510,12,12,30
1511,12,12,30
1512,12,12,29
1513,12,12,30
1514,12,12,30
1515,12,12,30
1516,12,12,30
1517,12,12,30
1518,12,12,30
1519,12,12,30
1520,12,12,30
1521,12,12,30
1522,12,12,30
1523,12,12,30
1524,12,12,30
1525,12,12,30
1526,12,12,30
1527,12,12,30
1528,12,12,30
1529,12,12,30
1530,12,12,30
1531,12,12,30
1532,12,12,30
1533,12,12,30
1534,12,12,30
1535,12,12,30
1536,12,12,30
1537,12,12,30
1538,12,12,30
1539,12,12,30
1540,12,12,30
1541,12,12,30
1542,12,12,30
1543,12,12,30
1544,12,12,30
1545,12,12,30
1546,12,12,30
1547,12,12,30
1548,12,12,30
1549,12,12,30
1550,12,12,30
1551,12,12,30
1552,12,12,30
1553,12,12,30
1554,12,12,30
1555,12,12,30
1556,12,12,30
1557,12,12,30
1558,12,12,30
1559,12,12,30
1560,12,12,30
1561,12,12,30
1562,12,12,30
1563,12,12,30
1564,12,12,30
1565,12,12,30
1566,12,12,30
1567,12,12,30
1568,12,12,30
1569,12,12,30
1570,12,12,30
1571,12,12,30
1572,12,12,30
1573,12,12,30
1574,12,12,30
1575,12,12,30
1576,12,12,30
1577,12,12,30
1578,12,12,30
1579,12,12,30
1580,12,12,30
1581,12,12,30
1582,12,12,30
1583,12,12,30
1584,12,12,30
1585,12,12,30
1586,12,12,30
1587,12,12,30
1588,12,12,30
1589,12,12,30
1590,12,12,30
1591,12,12,30
1592,12,12,30
1593,12,12,30
1594,12,12,30
1595,12,12,30
1596,12,12,30
1597,12,12,30
1598,12,12,30
1599,12,12,30
1600,12,12,30
1601,12,12,30
1602,12,12,30
1603,12,12,30
1604,12,12,30
1605,12,12,30
1606,12,12,30
1607,12,12,30
1608,12,12,30
1609,12,12,30
1610,12,12,30
1611,12,12,30
1612,12,12,30
1613,12,12,30
1614,12,12,30
1615,12,12,30
1616,12,12,30
1617,12,12,30
1618,12,12,30
1619,12,12,30
1620,12,12,30
1621,12,12,30
1622,12,12,30
1623,12,12,30
1624,12,12,30
1625,12,12,30
1626,12,12,30
1627,12,12,30
1628,12,12,30
1629,12,12,30
1630,12,12,30
1631,12,12,30
1632,12,12,30
1633,12,12,30
1634,12,12,30
1635,12,12,30
1636,12,12,30
1637,12,12,30
1638,12,12,30
1639,12,12,30
1640,12,12,30
1641,12,12,30
1642,12,12,30
1643,12,12,30
1644,12,12,30
1645,12,12,30
1646,12,12,30
1647,12,12,30
1648,12,12,30
1649,12,12,30
1650,12,12,30
1651,12,12,30
1652,12,12,30
1653,12,12,30
1654,12,12,30
1655,12,12,30
1656,12,12,30
1657,12,12,30
1658,12,12,30
1659,12,12,30
1660,12,12,30
1661,12,12,30
1662,12,12,30
1663,12,12,30
1664,12,12,30
1665,12,12,30
1666,12,12,30
1667,12,12,30
1668,12,12,30
1669,12,12,30
1670,12,12,30
1671,12,12,30
1672,12,12,30
1673,12,12,30
1674,12,12,29
1675,12,12,30
1676,12,12,30
1677,12,12,30
1678,12,12,30
1679,12,12,30
1680,12,12,30
1681,12,12,30
1682,12,12,30
1683,12,12,30
1684,12,12,30
1685,12,12,30
1686,12,12,30
1687,12,12,30
1688,12,12,30
1689,12,12,30
1690,12,12,30
1691,12,12,30
1692,12,12,30
1693,12,12,30
1694,12,12,30
1695,12,12,30
1696,12,12,30
1697,12,12,30
1698,12,12,30
1699,12,12,30
1700,12,12,30
1701,12,12,30
1702,12,12,30
1703,12,12,30
1704,12,12,30
1705,12,12,30
1706,12,12,30
1707,12,12,30
1708,12,12,30
1709,12,12,30
1710,12,12,30
1711,12,12,30
1712,12,12,30
1713,12,12,30
1714,12,12,30
1715,12,12,30
1716,12,12,30
1717,12,12,30
1718,12,12,30
1719,12,12,30
1720,12,12,30
1721,12,12,30
1722,12,12,30
1723,12,12,30
1724,12,12,30
1725,12,12,30
1726,12,12,30
1727,12,12,30
1728,12,12,30
1729,12,12,30
1730,12,12,30
1731,12,12,30
1732,12,12,29
1733,12,12,30
1734,12,12,30
1735,12,12,30
1736,12,12,30
1737,12,12,30
1738,12,12,30
1739,12,12,30
1740,12,12,30
1741,12,12,30
1742,12,12,30
1743,12,12,30
1744,12,12,30
1745,12,12,30
1746,12,12,30
1747,12,12,30
1748,12,12,30
1749,12,12,30
1750,12,12,30
1751,12,12,30
1752,12,12,30
1753,12,12,30
1754,12,12,30
1755,12,12,30
1756,12,12,30
1757,12,12,30
1758,12,12,30
1759,12,12,30
1760,12,12,30
1761,12,12,30
1762,12,12,30
1763,12,12,30
1764,12,12,30
1765,12,12,30
1766,12,12,30
1767,12,12,30
1768,12,12,30
1769,12,12,30
1770,12,12,30
1771,12,12,30
1772,12,12,30
1773,12,12,30
1774,12,12,30
1775,12,12,30
1776,12,12,30
1777,12,12,30
1778,12,12,30
1779,12,12,30
1780,12,12,30
1781,12,12,30
1782,12,12,30
1783,12,12,30
1784,12,12,30
1785,12,12,30
1786,12,12,30
1787,12,12,30
1788,12,12,30
1789,12,12,30
1790,12,12,30
1791,12,12,30
1792,12,12,30
1793,12,12,30
1794,12,12,30
1795,12,12,30
1796,12,12,30
1797,12,12,30
1798,12,12,30
1799,12,12,30
1800,12,12,30
1801,12,12,30
1802,12,12,30
1803,12,12,30
1804,12,12,30
1805,12,12,30
1806,12,12,30
1807,12,12,30
1808,12,12,30
1809,12,12,30
1810,12,12,30
1811,12,12,30
1812,12,12,30
1813,12,12,30
1814,12,12,30
1815,12,12,30
1816,12,12,30
1817,12,12,29
1818,12,12,30
1819,12,12,30
1820,12,12,30
1821,12,12,30
1822,12,12,30
1823,12,12,30
1824,12,12,30
1825,12,12,30
1826,12,12,30
1827,12,12,30
1828,12,12,30
1829,12,12,30
1830,12,12,30
1831,12,12,30
1832,12,12,30
1833,12,12,30
1834,12,12,30
1835,12,12,30
1836,12,12,30
1837,12,12,30
1838,12,12,30
1839,12,12,30
1840,12,12,30
1841,12,12,30
1842,12,12,30
1843,12,12,30
1844,12,12,30
1845,12,12,30
1846,12,12,30
1847,12,12,30
1848,12,12,30
1849,12,12,30
1850,12,12,30
1851,12,12,30
1852,12,12,30
1853,12,12,30
1854,12,12,30
1855,12,12,30
1856,12,12,30
1857,12,12,30
1858,12,12,30
1859,12,12,30
1860,12,12,30
1861,12,12,30
1862,12,12,30
1863,12,12,30
1864,12,12,30
1865,12,12,30
1866,12,12,30
1867,12,12,29
1868,12,12,30
1869,12,12,30
1870,12,12,30
1871,12,12,30
1872,12,12,30
1873,12,12,30
1874,12,12,30
1875,12,12,30
1876,12,12,30
1877,12,12,30
1878,12,12,30
1879,12,12,30
1880,12,12,30
1881,12,12,30
1882,12,12,30
1883,12,12,30
1884,12,12,30
1885,12,12,30
1886,12,12,30
1887,12,12,30
1888,12,12,30
1889,12,12,30
1890,12,12,30
1891,12,12,30
1892,12,12,30
1893,12,12,29
1894,12,12,30
1895,12,12,30
1896,12,12,30
1897,12,12,30
1898,12,12,30
1899,12,12,30
1900,12,12,30
1901,12,12,30
1902,12,12,30
1903,12,12,30
1904,12,12,30
1905,12,12,30
1906,12,12,30
1907,12,12,30
1908,12,12,30
1909,12,12,30
1910,12,12,30
1911,12,12,30
1912,12,12,30
1913,12,12,30
1914,12,12,30
1915,12,12,30
1916,12,12,30
1917,12,12,30
1918,12,12,30
1919,12,12,30
1920,12,12,30
1921,12,12,30
1922,12,12,30
1923,12,12,30
1924,12,12,30
1925,12,12,30
1926,12,12,30
1927,12,12,30
1928,12,12,30
1929,12,12,30
1930,12,12,30
1931,12,12,30
1932,12,12,30
1933,12,12,30
1934,12,12,30
1935,12,12,30
1936,12,12,30
1937,12,12,30
1938,12,12,30
1939,12,12,30
1940,12,12,30
1941,12,12,30
1942,12,12,30
1943,12,12,30
1944,12,12,30
1945,12,12,30
1946,12,12,30
1947,12,12,30
1948,12,12,30
1949,12,12,30
1950,12,12,30
1951,12,12,30
1952,12,12,30
1953,12,12,30
1954,12,12,30
1955,12,12,30
1956,12,12,30
1957,12,12,30
1958,12,12,30
1959,12,12,30
1960,12,12,30
1961,12,12,30
1962,12,12,30
1963,12,12,30
1964,12,12,30
1965,12,12,30
1966,12,12,30
1967,12,12,30
1968,12,12,30
1969,12,12,30
1970,12,12,30
1971,12,12,30
1972,12,12,30
1973,12,12,30
1974,12,12,30
1975,12,12,30
1976,12,12,30
1977,12,12,30
1978,12,12,30
1979,12,12,30
1980,12,12,30
1981,12,12,30
1982,12,12,30
1983,12,12,30
1984,12,12,30
1985,12,12,30
1986,12,12,30
1987,12,12,30
1988,12,12,30
1989,12,12,30
1990,12,12,30
1991,12,12,30
1992,12,12,30
1993,12,12,30
1994,12,12,30
1995,12,12,30
1996,12,12,30
1997,12,12,30
1998,12,12,30
1999,12,12,30
