0,0,0,0
1,1,0,0
2,1,0,0
3,1,0,0
4,1,0,0
5,1,0,0
6,1,0,0
7,2,0,0
8,2,0,0
9,2,0,0
10,2,0,0
11,2,0,0
12,2,0,0
13,2,0,0
14,2,0,0
15,2,0,0
16,2,0,0
17,2,0,0
18,3,0,0
19,1,0,0
20,1,0,0
21,2,0,0
22,2,0,0
23,1,0,0
24,1,0,0
25,0,0,0
26,0,0,0
27,0,0,0
28,0,0,0
29,0,0,0
30,1,0,0
31,1,0,0
32,1,0,0
33,1,0,0
34,0,0,0
35,0,0,0
36,1,0,0
37,0,0,0
38,0,0,0
39,0,0,0
40,1,0,0
41,1,0,0
42,1,0,0
43,1,0,0
44,1,0,0
45,1,0,0
46,1,0,0
47,1,0,0
48,1,0,0
49,2,0,0
50,1,0,0
51,1,0,0
52,1,0,0
53,1,0,0
54,1,0,0
55,1,0,0
56,1,0,0
57,2,0,0
58,1,0,0
59,1,0,0
60,2,0,0
61,2,0,0
62,3,0,0
63,3,2,1
64,3,0,0
65,3,0,0
66,3,2,1
67,3,2,1
68,3,0,0
69,3,2,1
70,3,0,0
71,3,0,0
72,3,0,0
73,3,0,0
74,3,2,1
75,3,0,0
76,3,3,2
77,3,3,3
78,3,3,3
79,3,3,2
80,3,3,2
81,3,2,1
82,3,3,2
83,3,3,3
84,3,3,3
85,3,3,2
86,3,3,3
87,3,3,3
88,3,3,3
89,3,3,3
90,3,3,2
91,3,3,3
92,4,3,2
93,3,3,2
94,3,3,3
95,3,3,3
96,3,3,2
97,3,3,3
98,3,3,2
99,3,3,2
100,3,2,1
101,3,2,1
102,3,0,0
103,3,0,0
104,3,0,0
105,2,0,0
106,2,0,0
107,2,0,0
108,2,0,0
109,2,0,0
110,2,0,0
111,2,0,0
112,2,0,0
113,2,0,0
114,2,0,0
115,2,0,0
116,2,0,0
117,2,0,0
118,2,0,0
119,2,0,0
120,2,0,0
121,3,0,0
122,3,0,0
123,3,0,0
124,2,0,0
125,2,0,0
126,3,0,0
127,3,0,0
128,3,0,0
129,3,0,0
130,2,0,0
131,2,0,0
132,2,0,0
133,3,2,1
134,4,0,0
135,4,0,0
136,4,0,0
137,4,0,0
138,4,0,0
139,4,0,0
140,4,0,0
141,4,0,0
142,5,2,1
143,5,0,0
144,5,0,0
145,5,2,1
146,6,2,1
147,6,2,1
148,6,3,2
149,6,2,1
150,6,2,1
151,6,2,1
152,6,3,2
153,6,4,5
154,6,4,5
155,6,4,3
156,6,4,3
157,6,3,2
158,5,4,3
159,5,4,5
160,5,4,4
161,5,4,5
162,4,4,3
163,4,4,5
164,4,4,4
165,4,4,4
166,4,4,4
167,4,4,4
168,4,4,4
169,4,4,3
170,4,4,3
171,4,4,3
172,4,4,5
173,4,4,4
174,4,4,3
175,4,4,5
176,4,4,4
177,4,4,3
178,4,4,5
179,5,4,4
180,4,3,2
181,3,3,2
182,3,3,2
183,3,3,3
184,3,3,2
185,3,3,3
186,3,3,2
187,4,3,2
188,3,3,3
189,3,3,2
190,3,3,3
191,3,3,2
192,3,3,2
193,3,3,2
194,3,3,2
195,4,2,1
196,3,0,0
197,3,0,0
198,3,0,0
199,3,0,0
200,3,0,0
201,3,0,0
202,2,0,0
203,2,0,0
204,2,0,0
205,2,0,0
206,2,0,0
207,3,0,0
208,4,0,0
209,3,0,0
210,3,0,0
211,3,2,1
212,3,0,0
213,2,0,0
214,2,0,0
215,2,0,0
216,4,0,0
217,4,0,0
218,4,0,0
219,4,2,1
220,4,0,0
221,4,0,0
222,4,0,0
223,4,0,0
224,4,3,2
225,4,3,2
226,3,3,2
227,4,4,3
228,4,4,4
229,4,3,3
230,4,4,5
231,4,4,4
232,4,4,4
233,3,2,1
234,5,4,3
235,5,4,4
236,5,4,3
237,5,4,4
238,5,4,4
239,5,4,4
240,5,4,5
241,5,4,4
242,4,3,3
243,4,4,3
244,5,4,4
245,4,4,4
246,4,4,4
247,4,4,4
248,4,4,5
249,4,4,5
250,4,4,4
251,3,3,2
252,3,0,0
253,3,0,0
254,3,0,0
255,3,2,1
256,3,0,0
257,3,0,0
258,2,0,0
259,2,0,0
260,2,0,0
261,2,0,0
262,1,0,0
263,1,0,0
264,1,0,0
265,1,0,0
266,1,0,0
267,2,0,0
268,1,0,0
269,1,0,0
270,1,0,0
271,2,0,0
272,2,0,0
273,2,2,1
274,2,0,0
275,2,0,0
276,2,0,0
277,2,0,0
278,2,0,0
279,2,0,0
280,2,0,0
281,2,0,0
282,2,0,0
283,2,0,0
284,2,0,0
285,2,0,0
286,2,0,0
287,2,0,0
288,2,0,0
289,2,0,0
290,2,0,0
291,2,0,0
292,2,0,0
293,2,0,0
294,2,0,0
295,1,0,0
296,1,0,0
297,1,0,0
298,1,0,0
299,1,0,0
300,2,0,0
301,3,0,0
302,3,0,0
303,2,0,0
304,2,0,0
305,2,0,0
306,3,0,0
307,3,0,0
308,3,0,0
309,3,0,0
310,3,0,0
311,3,0,0
312,3,2,1
313,3,2,1
314,2,2,1
315,3,2,1
316,3,0,0
317,3,0,0
318,3,0,0
319,3,0,0
320,3,0,0
321,3,0,0
322,3,0,0
323,3,0,0
324,3,0,0
325,2,0,0
326,2,0,0
327,2,0,0
328,2,0,0
329,2,0,0
330,2,0,0
331,2,0,0
332,1,0,0
333,1,0,0
334,2,0,0
335,1,0,0
336,3,0,0
337,3,0,0
338,3,0,0
339,3,0,0
340,3,0,0
341,3,0,0
342,3,0,0
343,2,0,0
344,2,0,0
345,2,0,0
346,2,0,0
347,2,0,0
348,3,0,0
349,2,2,1
350,2,2,1
351,2,2,1
352,2,0,0
353,2,0,0
354,2,0,0
355,2,0,0
356,2,0,0
357,2,0,0
358,2,0,0
359,2,0,0
360,2,0,0
361,2,0,0
362,2,0,0
363,2,0,0
364,2,0,0
365,2,0,0
366,2,0,0
367,3,0,0
368,2,0,0
369,2,0,0
370,2,0,0
371,2,0,0
372,1,0,0
373,1,0,0
374,1,0,0
375,1,0,0
376,1,0,0
377,1,0,0
378,1,0,0
379,2,0,0
380,1,0,0
381,1,0,0
382,1,0,0
383,2,0,0
384,1,0,0
385,1,0,0
386,1,0,0
387,1,0,0
388,2,0,0
389,2,0,0
390,2,2,1
391,2,2,1
392,2,0,0
393,2,0,0
394,2,0,0
395,2,2,1
396,3,0,0
397,2,0,0
398,3,0,0
399,3,0,0
400,4,0,0
401,4,0,0
402,3,0,0
403,4,2,1
404,3,0,0
405,3,0,0
406,3,0,0
407,4,0,0
408,2,0,0
409,3,2,1
410,3,0,0
411,3,2,1
412,3,2,1
413,3,0,0
414,3,0,0
415,3,0,0
416,3,0,0
417,3,0,0
418,3,0,0
419,3,0,0
420,4,0,0
421,4,0,0
422,5,0,0
423,4,0,0
424,3,2,1
425,3,3,2
426,3,3,2
427,3,2,1
428,3,2,1
429,3,2,1
430,3,2,1
431,3,3,2
432,3,3,2
433,3,2,1
434,3,2,1
435,3,0,0
436,3,0,0
437,3,0,0
438,3,0,0
439,3,0,0
440,3,0,0
441,3,0,0
442,3,2,1
443,3,0,0
444,3,0,0
445,3,0,0
446,3,2,1
447,3,2,1
448,3,2,1
449,3,2,1
450,3,0,0
451,3,2,1
452,3,2,1
453,3,0,0
454,4,0,0
455,4,0,0
456,4,0,0
457,4,3,2
458,4,3,2
459,5,3,2
460,4,2,1
461,4,2,1
462,3,0,0
463,3,0,0
464,2,0,0
465,2,0,0
466,2,0,0
467,2,0,0
468,2,0,0
469,1,0,0
470,2,0,0
471,2,0,0
472,2,0,0
473,2,0,0
474,2,0,0
475,1,0,0
476,1,0,0
477,2,2,1
478,2,0,0
479,2,0,0
480,2,0,0
481,2,0,0
482,4,0,0
483,4,0,0
484,4,2,1
485,3,0,0
486,3,0,0
487,3,0,0
488,4,0,0
489,4,0,0
490,4,0,0
491,4,0,0
492,4,0,0
493,4,0,0
494,4,2,1
495,4,0,0
496,4,0,0
497,4,3,2
498,3,0,0
499,3,0,0
500,3,0,0
501,3,0,0
502,4,0,0
503,3,0,0
504,3,0,0
505,2,0,0
506,3,0,0
507,3,0,0
508,4,0,0
509,3,0,0
510,3,2,1
511,3,0,0
512,3,0,0
513,3,0,0
514,3,0,0
515,3,0,0
516,3,0,0
517,4,0,0
518,4,0,0
519,3,0,0
520,4,0,0
521,3,2,1
522,3,0,0
523,3,0,0
524,3,0,0
525,3,0,0
526,3,0,0
527,3,0,0
528,3,0,0
529,3,0,0
530,3,0,0
531,3,0,0
532,3,0,0
533,3,0,0
534,2,0,0
535,3,0,0
536,3,0,0
537,2,0,0
538,2,0,0
539,2,0,0
540,2,2,1
541,2,2,1
542,2,0,0
543,3,0,0
544,3,0,0
545,2,0,0
546,2,0,0
547,3,0,0
548,3,0,0
549,2,0,0
550,2,0,0
551,2,0,0
552,2,0,0
553,2,0,0
554,2,0,0
555,2,0,0
556,2,0,0
557,2,0,0
558,2,0,0
559,2,0,0
560,1,0,0
561,1,0,0
562,3,0,0
563,3,0,0
564,2,0,0
565,2,0,0
566,2,0,0
567,3,0,0
568,2,0,0
569,3,0,0
570,3,0,0
571,3,0,0
572,3,0,0
573,3,0,0
574,3,0,0
575,3,0,0
576,4,0,0
577,4,0,0
578,4,0,0
579,3,0,0
580,2,0,0
581,3,0,0
582,2,0,0
583,2,0,0
584,1,0,0
585,1,0,0
586,2,0,0
587,2,0,0
588,2,0,0
589,2,0,0
590,2,0,0
591,2,0,0
592,2,0,0
593,2,0,0
594,2,0,0
595,3,0,0
596,3,0,0
597,3,0,0
598,2,0,0
599,2,0,0
600,1,0,0
601,1,0,0
602,1,0,0
603,1,0,0
604,1,0,0
605,1,0,0
606,3,0,0
607,2,0,0
608,2,0,0
609,1,0,0
610,3,0,0
611,3,0,0
612,3,0,0
613,3,0,0
614,2,0,0
615,2,0,0
616,2,2,1
617,2,0,0
618,2,0,0
619,2,0,0
620,2,0,0
621,2,0,0
622,2,0,0
623,2,0,0
624,2,0,0
625,2,0,0
626,2,0,0
627,4,0,0
628,2,0,0
629,2,0,0
630,2,0,0
631,2,0,0
632,2,0,0
633,2,0,0
634,3,0,0
635,2,0,0
636,2,0,0
637,3,0,0
638,2,0,0
639,3,0,0
640,3,2,1
641,2,0,0
642,2,0,0
643,3,0,0
644,1,0,0
645,3,0,0
646,1,0,0
647,1,0,0
648,1,0,0
649,1,0,0
650,2,0,0
651,2,0,0
652,2,0,0
653,2,0,0
654,2,0,0
655,2,0,0
656,2,0,0
657,2,0,0
658,2,0,0
659,2,0,0
660,2,0,0
661,2,0,0
662,2,0,0
663,2,0,0
664,2,0,0
665,2,0,0
666,2,0,0
667,2,0,0
668,3,0,0
669,3,0,0
670,2,0,0
671,2,0,0
672,2,0,0
673,2,0,0
674,3,0,0
675,3,0,0
676,2,0,0
677,2,2,1
678,2,2,1
679,3,2,1
680,3,0,0
681,2,0,0
682,3,0,0
683,3,0,0
684,3,0,0
685,5,0,0
686,3,0,0
687,3,0,0
688,3,0,0
689,4,2,1
690,4,2,1
691,3,2,1
692,4,2,1
693,4,4,3
694,4,0,0
695,4,0,0
696,4,2,1
697,4,2,1
698,3,0,0
699,3,0,0
700,2,0,0
701,2,0,0
702,2,0,0
703,2,0,0
704,2,0,0
705,2,0,0
706,2,0,0
707,2,0,0
708,2,0,0
709,2,0,0
710,3,0,0
711,2,0,0
712,2,0,0
713,3,0,0
714,3,0,0
715,2,0,0
716,3,0,0
717,3,0,0
718,3,0,0
719,2,0,0
720,2,0,0
721,2,0,0
722,2,2,1
723,2,0,0
724,1,0,0
725,1,0,0
726,1,0,0
727,1,0,0
728,2,0,0
729,2,0,0
730,2,0,0
731,2,0,0
732,2,0,0
733,2,0,0
734,2,0,0
735,2,0,0
736,2,0,0
737,2,0,0
738,2,0,0
739,2,0,0
740,1,0,0
741,1,0,0
742,1,0,0
743,1,0,0
744,1,0,0
745,1,0,0
746,1,0,0
747,1,0,0
748,2,0,0
749,1,0,0
750,1,0,0
751,1,0,0
752,1,0,0
753,2,0,0
754,3,0,0
755,3,0,0
756,3,0,0
757,3,0,0
758,3,0,0
759,3,0,0
760,3,0,0
761,3,2,1
762,4,2,1
763,4,0,0
764,3,0,0
765,3,0,0
766,3,0,0
767,3,0,0
768,3,0,0
769,3,0,0
770,2,0,0
771,2,0,0
772,2,0,0
773,2,0,0
774,2,0,0
775,2,0,0
776,2,0,0
777,2,0,0
778,2,0,0
779,2,0,0
780,2,0,0
781,2,0,0
782,2,0,0
783,2,0,0
784,2,0,0
785,2,0,0
786,2,0,0
787,2,2,1
788,2,0,0
789,2,0,0
790,2,0,0
791,3,0,0
792,2,0,0
793,1,0,0
794,1,0,0
795,2,0,0
796,2,0,0
797,2,0,0
798,2,0,0
799,2,0,0
800,3,0,0
801,3,0,0
802,2,0,0
803,3,0,0
804,2,0,0
805,2,0,0
806,2,0,0
807,2,0,0
808,1,0,0
809,1,0,0
810,1,0,0
811,1,0,0
812,2,0,0
813,2,0,0
814,2,0,0
815,1,0,0
816,2,0,0
817,2,0,0
818,2,0,0
819,2,0,0
820,2,0,0
821,3,0,0
822,2,0,0
823,2,0,0
824,2,0,0
825,1,0,0
826,2,0,0
827,3,0,0
828,2,0,0
829,2,0,0
830,2,0,0
831,2,0,0
832,2,2,1
833,2,2,1
834,2,2,1
835,2,0,0
836,2,0,0
837,2,0,0
838,2,0,0
839,3,0,0
840,1,0,0
841,1,0,0
842,1,0,0
843,1,0,0
844,1,0,0
845,1,0,0
846,2,0,0
847,1,0,0
848,2,0,0
849,2,0,0
850,2,0,0
851,2,0,0
852,2,0,0
853,2,0,0
854,2,0,0
855,2,0,0
856,2,0,0
857,2,0,0
858,1,0,0
859,1,0,0
860,1,0,0
861,1,0,0
862,1,0,0
863,1,0,0
864,2,0,0
865,2,0,0
866,2,0,0
867,2,0,0
868,2,0,0
869,2,0,0
870,2,0,0
871,2,0,0
872,2,0,0
873,2,0,0
874,2,0,0
875,2,0,0
876,2,0,0
877,2,0,0
878,2,0,0
879,2,0,0
880,2,0,0
881,3,0,0
882,3,0,0
883,3,0,0
884,3,0,0
885,3,0,0
886,2,0,0
887,2,0,0
888,2,0,0
889,2,0,0
890,2,0,0
891,1,0,0
892,2,0,0
893,2,0,0
894,2,0,0
895,2,0,0
896,2,0,0
897,2,0,0
898,2,0,0
899,2,0,0
900,2,0,0
901,2,0,0
902,2,0,0
903,2,0,0
904,1,0,0
905,2,0,0
906,1,0,0
907,2,0,0
908,1,0,0
909,1,0,0
910,2,0,0
911,2,0,0
912,2,0,0
913,2,0,0
914,3,0,0
915,2,0,0
916,2,0,0
917,2,0,0
918,3,0,0
919,3,0,0
920,2,0,0
921,2,0,0
922,2,0,0
923,3,0,0
924,3,0,0
925,3,0,0
926,3,0,0
927,3,2,1
928,3,0,0
929,3,0,0
930,3,0,0
931,3,0,0
932,3,2,1
933,3,0,0
934,3,0,0
935,3,2,1
936,3,2,1
937,3,2,1
938,2,2,1
939,2,0,0
940,2,0,0
941,2,0,0
942,2,0,0
943,3,0,0
944,3,0,0
945,4,0,0
946,4,0,0
947,4,0,0
948,4,0,0
949,4,0,0
950,4,0,0
951,4,0,0
952,4,2,1
953,5,2,1
954,5,2,1
955,4,0,0
956,5,0,0
957,4,0,0
958,4,0,0
959,4,0,0
960,3,0,0
961,3,0,0
962,3,0,0
963,3,0,0
964,3,0,0
965,3,0,0
966,3,0,0
967,3,0,0
968,3,0,0
969,3,2,1
970,3,0,0
971,3,0,0
972,3,2,1
973,3,0,0
974,3,0,0
975,3,0,0
976,3,0,0
977,3,0,0
978,2,0,0
979,2,0,0
980,2,0,0
981,2,0,0
982,2,0,0
983,3,0,0
984,3,0,0
985,3,0,0
986,3,0,0
987,3,0,0
988,3,0,0
989,3,0,0
990,3,0,0
991,3,0,0
992,2,0,0
993,1,0,0
994,2,0,0
995,2,0,0
996,2,0,0
997,2,0,0
998,2,0,0
999,2,0,0
1000,3,0,0
1001,3,0,0
1002,3,0,0
1003,2,0,0
1004,2,0,0
1005,2,0,0
1006,2,0,0
1007,1,0,0
1008,1,0,0
1009,1,0,0
1010,1,0,0
1011,1,0,0
1012,1,0,0
1013,2,0,0
1014,1,0,0
1015,1,0,0
1016,1,0,0
1017,1,0,0
1018,1,0,0
1019,1,0,0
1020,1,0,0
1021,1,0,0
1022,1,0,0
1023,2,0,0
1024,2,0,0
1025,2,0,0
1026,1,0,0
1027,1,0,0
1028,1,0,0
1029,1,0,0
1030,1,0,0
1031,1,0,0
1032,1,0,0
1033,1,0,0
1034,2,0,0
1035,2,0,0
1036,2,0,0
1037,2,0,0
1038,1,0,0
1039,1,0,0
1040,1,0,0
1041,1,0,0
1042,2,0,0
1043,2,2,1
1044,2,0,0
1045,2,0,0
1046,1,0,0
1047,0,0,0
1048,1,0,0
1049,1,0,0
1050,1,0,0
1051,1,0,0
1052,1,0,0
1053,1,0,0
1054,1,0,0
1055,1,0,0
1056,1,0,0
1057,0,0,0
1058,0,0,0
1059,0,0,0
1060,2,0,0
1061,1,0,0
1062,2,0,0
1063,2,2,1
1064,3,0,0
1065,3,0,0
1066,4,0,0
1067,2,0,0
1068,2,0,0
1069,2,0,0
1070,4,0,0
1071,3,0,0
1072,3,0,0
1073,3,0,0
1074,2,0,0
1075,1,0,0
1076,1,0,0
1077,1,0,0
1078,1,0,0
1079,1,0,0
1080,2,0,0
1081,2,0,0
1082,2,0,0
1083,2,0,0
1084,2,0,0
1085,2,0,0
1086,2,0,0
1087,2,0,0
1088,2,0,0
1089,2,0,0
1090,1,0,0
1091,2,0,0
1092,2,0,0
1093,4,0,0
1094,2,0,0
1095,2,0,0
1096,3,0,0
1097,4,0,0
1098,4,0,0
1099,3,0,0
1100,3,0,0
1101,3,0,0
1102,3,0,0
1103,3,3,2
1104,3,2,1
1105,3,2,1
1106,3,0,0
1107,3,0,0
1108,3,0,0
1109,3,0,0
1110,2,0,0
1111,2,0,0
1112,2,0,0
1113,3,2,1
1114,3,0,0
1115,3,0,0
1116,3,0,0
1117,3,0,0
1118,2,0,0
1119,2,2,1
1120,2,0,0
1121,2,0,0
1122,2,0,0
1123,2,0,0
1124,3,0,0
1125,3,0,0
1126,3,0,0
1127,3,0,0
1128,3,0,0
1129,3,0,0
1130,3,0,0
1131,3,0,0
1132,3,0,0
1133,3,0,0
1134,3,0,0
1135,3,0,0
1136,4,0,0
1137,3,2,1
1138,3,0,0
1139,3,2,1
1140,3,0,0
1141,3,0,0
1142,2,0,0
1143,3,0,0
1144,2,0,0
1145,2,0,0
1146,2,0,0
1147,1,0,0
1148,1,0,0
1149,1,0,0
1150,1,0,0
1151,1,0,0
1152,2,0,0
1153,1,0,0
1154,2,0,0
1155,2,0,0
1156,3,0,0
1157,2,0,0
1158,2,0,0
1159,2,0,0
1160,2,0,0
1161,1,0,0
1162,1,0,0
1163,1,0,0
1164,2,0,0
1165,1,0,0
1166,1,0,0
1167,2,0,0
1168,2,0,0
1169,2,0,0
1170,2,0,0
1171,2,0,0
1172,2,0,0
1173,2,0,0
1174,2,0,0
1175,2,0,0
1176,2,0,0
1177,2,0,0
1178,2,0,0
1179,1,0,0
1180,1,0,0
1181,1,0,0
1182,1,0,0
1183,2,0,0
1184,2,0,0
1185,2,0,0
1186,2,0,0
1187,1,0,0
1188,2,0,0
1189,2,0,0
1190,2,0,0
1191,2,0,0
1192,2,0,0
1193,2,0,0
1194,2,0,0
1195,2,0,0
1196,2,0,0
1197,3,0,0
1198,2,0,0
1199,2,0,0
1200,3,0,0
1201,3,0,0
1202,3,0,0
1203,3,0,0
1204,3,0,0
1205,3,0,0
1206,3,2,1
1207,3,2,1
1208,3,2,1
1209,3,2,1
1210,3,2,1
1211,3,2,1
1212,3,2,1
1213,3,2,1
1214,3,2,1
1215,3,2,1
1216,3,2,1
1217,3,2,1
1218,3,0,0
1219,4,0,0
1220,4,0,0
1221,4,0,0
1222,4,0,0
1223,4,0,0
1224,3,0,0
1225,3,0,0
1226,3,0,0
1227,4,0,0
1228,3,0,0
1229,3,0,0
1230,3,0,0
1231,4,0,0
1232,4,0,0
1233,4,0,0
1234,4,0,0
1235,4,2,1
1236,4,0,0
1237,4,0,0
1238,4,0,0
1239,4,0,0
1240,4,0,0
1241,4,2,1
1242,4,0,0
1243,3,0,0
1244,4,2,1
1245,4,2,1
1246,3,3,2
1247,3,2,1
1248,3,2,1
1249,3,3,2
1250,3,3,2
1251,3,2,1
1252,3,3,2
1253,3,3,3
1254,4,3,3
1255,4,3,3
1256,4,3,2
1257,4,3,2
1258,3,0,0
1259,3,2,1
1260,4,2,1
1261,5,2,1
1262,4,0,0
1263,4,0,0
1264,4,0,0
1265,4,0,0
1266,5,0,0
1267,4,0,0
1268,4,0,0
1269,4,2,1
1270,3,2,1
1271,4,0,0
1272,4,0,0
1273,4,0,0
1274,4,2,1
1275,2,0,0
1276,2,0,0
1277,2,0,0
1278,2,0,0
1279,2,2,1
1280,3,0,0
1281,3,0,0
1282,3,0,0
1283,2,0,0
1284,3,0,0
1285,4,2,1
1286,3,2,1
1287,3,2,1
1288,3,0,0
1289,3,0,0
1290,4,0,0
1291,2,0,0
1292,2,0,0
1293,1,0,0
1294,2,0,0
1295,3,0,0
1296,3,2,1
1297,3,2,1
1298,2,2,1
1299,2,2,1
1300,2,0,0
1301,2,0,0
1302,5,2,1
1303,4,0,0
1304,3,0,0
1305,3,0,0
1306,3,0,0
1307,2,0,0
1308,2,0,0
1309,2,0,0
1310,2,0,0
1311,2,0,0
1312,2,0,0
1313,2,0,0
1314,2,0,0
1315,2,0,0
1316,2,0,0
1317,2,2,1
1318,2,2,1
1319,2,2,1
1320,2,0,0
1321,2,0,0
1322,2,0,0
1323,1,0,0
1324,2,0,0
1325,2,0,0
1326,1,0,0
1327,1,0,0
1328,1,0,0
1329,1,0,0
1330,1,0,0
1331,2,0,0
1332,2,0,0
1333,2,0,0
1334,2,0,0
1335,2,0,0
1336,2,0,0
1337,2,0,0
1338,2,0,0
1339,2,2,1
1340,2,2,1
1341,2,2,1
1342,2,2,1
1343,2,0,0
1344,2,0,0
1345,2,0,0
1346,2,0,0
1347,2,0,0
1348,2,2,1
1349,1,0,0
1350,1,0,0
1351,1,0,0
1352,2,0,0
1353,1,0,0
1354,1,0,0
1355,2,0,0
1356,1,0,0
1357,1,0,0
1358,1,0,0
1359,2,0,0
1360,2,0,0
1361,2,0,0
1362,2,0,0
1363,2,0,0
1364,2,0,0
1365,2,0,0
1366,2,0,0
1367,2,0,0
1368,3,0,0
1369,3,0,0
1370,2,0,0
1371,3,0,0
1372,3,2,1
1373,2,0,0
1374,2,0,0
1375,2,0,0
1376,2,0,0
1377,3,0,0
1378,3,0,0
1379,3,2,1
1380,2,0,0
1381,4,0,0
1382,2,0,0
1383,3,0,0
1384,3,0,0
1385,3,0,0
1386,3,0,0
1387,3,0,0
1388,4,0,0
1389,4,0,0
1390,4,2,1
1391,5,0,0
1392,4,0,0
1393,4,2,1
1394,4,0,0
1395,4,0,0
1396,4,0,0
1397,3,0,0
1398,4,0,0
1399,3,0,0
1400,3,0,0
1401,3,0,0
1402,3,0,0
1403,3,0,0
1404,2,0,0
1405,2,0,0
1406,2,0,0
1407,2,0,0
1408,2,0,0
1409,2,0,0
1410,3,0,0
1411,3,0,0
1412,3,0,0
1413,3,0,0
1414,3,0,0
1415,3,0,0
1416,3,0,0
1417,3,2,1
1418,3,0,0
1419,3,0,0
1420,3,0,0
1421,3,0,0
1422,3,0,0
1423,3,0,0
1424,3,0,0
1425,3,0,0
1426,3,0,0
1427,3,0,0
1428,3,0,0
1429,3,0,0
1430,2,0,0
1431,2,0,0
1432,2,0,0
1433,2,0,0
1434,2,0,0
1435,2,0,0
1436,2,0,0
1437,2,0,0
1438,2,0,0
1439,2,0,0
1440,2,0,0
1441,2,0,0
1442,2,0,0
1443,2,2,1
1444,1,0,0
1445,2,2,1
1446,2,2,1
1447,2,2,1
1448,2,2,1
1449,2,0,0
1450,2,0,0
1451,2,0,0
1452,2,0,0
1453,2,0,0
1454,1,0,0
1455,1,0,0
1456,1,0,0
1457,2,0,0
1458,2,0,0
1459,2,0,0
1460,2,0,0
1461,3,0,0
1462,1,0,0
1463,2,0,0
1464,1,0,0
1465,3,0,0
1466,3,0,0
1467,3,0,0
1468,3,0,0
1469,3,0,0
1470,3,0,0
1471,3,0,0
1472,2,0,0
1473,2,2,1
1474,3,0,0
1475,2,0,0
1476,2,0,0
1477,3,0,0
1478,3,2,1
1479,3,0,0
1480,4,0,0
1481,4,0,0
1482,4,0,0
1483,4,0,0
1484,5,2,1
1485,3,0,0
1486,3,0,0
1487,3,0,0
1488,3,0,0
1489,3,0,0
1490,3,0,0
1491,3,0,0
1492,3,2,1
1493,3,0,0
1494,3,0,0
1495,3,0,0
1496,2,0,0
1497,2,0,0
1498,2,0,0
1499,2,0,0
1500,1,0,0
1501,1,0,0
1502,2,0,0
1503,2,0,0
1504,3,0,0
1505,3,0,0
1506,3,0,0
1507,3,0,0
1508,3,2,1
1509,3,0,0
1510,3,0,0
1511,3,0,0
1512,3,0,0
1513,3,0,0
1514,3,0,0
1515,3,0,0
1516,3,0,0
1517,3,2,1
1518,3,2,1
1519,3,0,0
1520,3,2,1
1521,3,0,0
1522,3,0,0
1523,3,0,0
1524,3,0,0
1525,4,0,0
1526,4,0,0
1527,4,0,0
1528,4,0,0
1529,4,0,0
1530,4,0,0
1531,4,0,0
1532,4,2,1
1533,4,2,1
1534,4,0,0
1535,4,2,1
1536,4,3,3
1537,4,3,3
1538,4,3,3
1539,4,3,2
1540,3,3,2
1541,3,3,2
1542,3,3,3
1543,3,3,2
1544,3,3,3
1545,3,3,2
1546,3,3,2
1547,3,3,3
1548,3,3,2
1549,3,3,3
1550,3,3,3
1551,3,3,2
1552,3,3,3
1553,3,3,3
1554,4,3,2
1555,4,3,2
1556,5,2,1
1557,5,0,0
1558,5,0,0
1559,5,0,0
1560,5,0,0
1561,5,2,1
1562,5,0,0
1563,4,0,0
1564,5,0,0
1565,4,0,0
1566,4,0,0
1567,3,0,0
1568,3,0,0
1569,3,0,0
1570,2,0,0
1571,3,0,0
1572,2,0,0
1573,2,0,0
1574,2,0,0
1575,2,0,0
1576,2,0,0
1577,2,0,0
1578,2,0,0
1579,2,0,0
1580,1,0,0
1581,2,0,0
1582,2,0,0
1583,3,0,0
1584,3,0,0
1585,3,0,0
1586,2,0,0
1587,2,0,0
1588,2,0,0
1589,3,0,0
1590,3,0,0
1591,3,0,0
1592,3,0,0
1593,3,0,0
1594,3,0,0
1595,3,0,0
1596,3,0,0
1597,2,0,0
1598,2,0,0
1599,1,0,0
1600,1,0,0
1601,1,0,0
1602,1,0,0
1603,1,0,0
1604,2,0,0
1605,1,0,0
1606,1,0,0
1607,1,0,0
1608,2,0,0
1609,2,0,0
1610,2,0,0
1611,2,0,0
1612,2,0,0
1613,1,0,0
1614,1,0,0
1615,1,0,0
1616,1,0,0
1617,2,0,0
1618,2,0,0
1619,1,0,0
1620,1,0,0
1621,1,0,0
1622,2,0,0
1623,1,0,0
1624,2,0,0
1625,2,0,0
1626,2,0,0
1627,2,0,0
1628,2,0,0
1629,2,0,0
1630,2,0,0
1631,2,0,0
1632,2,0,0
1633,2,0,0
1634,2,0,0
1635,1,0,0
1636,1,0,0
1637,2,0,0
1638,1,0,0
1639,1,0,0
1640,1,0,0
1641,1,0,0
1642,1,0,0
1643,2,0,0
1644,2,0,0
1645,2,0,0
1646,2,0,0
1647,2,0,0
1648,2,0,0
1649,2,0,0
1650,3,0,0
1651,2,0,0
1652,2,0,0
1653,2,0,0
1654,2,0,0
1655,2,0,0
1656,2,0,0
1657,2,0,0
1658,2,0,0
1659,3,0,0
1660,3,0,0
1661,3,0,0
1662,2,0,0
1663,2,0,0
1664,2,0,0
1665,3,0,0
1666,2,0,0
1667,2,0,0
1668,2,0,0
1669,2,0,0
1670,2,0,0
1671,2,2,1
1672,2,0,0
1673,2,0,0
1674,2,0,0
1675,2,0,0
1676,2,2,1
1677,2,0,0
1678,2,0,0
1679,2,0,0
1680,2,0,0
1681,1,0,0
1682,2,0,0
1683,2,0,0
1684,2,2,1
1685,2,0,0
1686,2,0,0
1687,2,0,0
1688,2,0,0
1689,2,0,0
1690,2,0,0
1691,2,0,0
1692,2,0,0
1693,2,0,0
1694,2,0,0
1695,2,0,0
1696,3,0,0
1697,2,2,1
1698,1,0,0
1699,1,0,0
1700,1,0,0
1701,1,0,0
1702,1,0,0
1703,2,2,1
1704,2,2,1
1705,1,0,0
1706,2,0,0
1707,2,0,0
1708,2,0,0
1709,2,0,0
1710,2,0,0
1711,2,0,0
1712,2,0,0
1713,2,0,0
1714,2,0,0
1715,2,0,0
1716,2,0,0
1717,2,0,0
1718,2,0,0
1719,2,0,0
1720,3,0,0
1721,3,0,0
1722,2,0,0
1723,2,0,0
1724,2,0,0
1725,2,0,0
1726,2,0,0
1727,2,0,0
1728,2,0,0
1729,2,0,0
1730,2,0,0
1731,2,0,0
1732,2,0,0
1733,3,0,0
1734,3,0,0
1735,3,0,0
1736,2,0,0
1737,2,0,0
1738,2,0,0
1739,2,0,0
1740,2,0,0
1741,2,0,0
1742,2,0,0
1743,2,0,0
1744,2,0,0
1745,2,0,0
1746,2,0,0
1747,2,0,0
1748,2,0,0
1749,3,0,0
1750,2,0,0
1751,3,0,0
1752,3,0,0
1753,3,2,1
1754,3,0,0
1755,3,0,0
1756,3,0,0
1757,3,3,2
1758,3,0,0
1759,3,0,0
1760,4,0,0
1761,4,0,0
1762,4,0,0
1763,5,0,0
1764,4,0,0
1765,3,0,0
1766,3,2,1
1767,3,2,1
1768,3,2,1
1769,3,0,0
1770,3,0,0
1771,4,2,1
1772,5,0,0
1773,4,2,1
1774,4,2,1
1775,4,3,2
1776,4,3,2
1777,4,2,1
1778,4,0,0
1779,4,0,0
1780,4,0,0
1781,4,2,1
1782,4,2,1
1783,2,0,0
1784,4,0,0
1785,3,0,0
1786,2,0,0
1787,2,0,0
1788,2,0,0
1789,3,0,0
1790,3,0,0
1791,3,0,0
1792,2,0,0
1793,2,0,0
1794,2,0,0
1795,2,0,0
1796,2,0,0
1797,2,0,0
1798,3,0,0
1799,3,0,0
1800,2,0,0
1801,2,0,0
1802,3,0,0
1803,2,0,0
1804,2,0,0
1805,2,2,1
1806,2,0,0
1807,2,0,0
1808,2,0,0
1809,2,0,0
1810,3,0,0
1811,3,0,0
1812,3,0,0
1813,4,0,0
1814,3,0,0
1815,2,0,0
1816,4,0,0
1817,4,0,0
1818,3,0,0
1819,3,2,1
1820,3,0,0
1821,3,0,0
1822,3,0,0
1823,3,0,0
1824,3,0,0
1825,3,0,0
1826,3,3,2
1827,3,2,1
1828,3,3,2
1829,3,3,3
1830,3,3,2
1831,3,3,2
1832,3,3,3
1833,2,2,1
1834,3,3,3
1835,3,3,3
1836,3,3,2
1837,3,3,3
1838,3,3,3
1839,3,3,2
1840,3,3,3
1841,3,3,2
1842,3,3,3
1843,3,3,3
1844,3,2,1
1845,3,3,2
1846,3,3,2
1847,3,3,2
1848,3,3,3
1849,3,3,2
1850,3,3,3
1851,3,3,3
1852,3,3,3
1853,3,3,3
1854,3,3,2
1855,3,3,3
1856,3,2,1
1857,3,3,2
1858,3,3,3
1859,4,3,3
1860,4,3,2
1861,4,3,2
1862,4,3,2
1863,4,3,2
1864,4,3,2
1865,4,3,3
1866,4,3,2
1867,4,3,3
1868,4,2,1
1869,4,3,2
1870,5,4,3
1871,5,2,1
1872,5,2,1
1873,5,2,1
1874,4,2,1
1875,4,2,1
1876,4,0,0
1877,4,0,0
1878,3,0,0
1879,3,0,0
1880,3,0,0
1881,3,0,0
1882,2,0,0
1883,2,0,0
1884,2,0,0
1885,2,0,0
1886,2,0,0
1887,2,0,0
1888,2,0,0
1889,2,0,0
1890,2,0,0
1891,2,0,0
1892,2,2,1
1893,2,2,1
1894,3,2,1
1895,3,3,2
1896,3,3,3
1897,3,3,3
1898,3,3,2
1899,3,3,2
1900,3,3,3
1901,3,3,3
1902,3,2,1
1903,3,3,3
1904,3,3,2
1905,3,3,3
1906,3,3,2
1907,3,3,2
1908,3,3,3
1909,3,3,3
1910,3,3,3
1911,3,3,3
1912,3,3,3
1913,3,3,2
1914,3,3,2
1915,3,3,3
1916,3,3,2
1917,3,3,3
1918,3,3,3
1919,3,3,3
1920,3,3,3
1921,4,3,3
1922,3,0,0
1923,3,2,1
1924,4,0,0
1925,4,0,0
1926,4,0,0
1927,3,2,1
1928,4,0,0
1929,4,0,0
1930,4,0,0
1931,4,0,0
1932,5,0,0
1933,5,2,1
1934,5,0,0
1935,4,0,0
1936,4,0,0
1937,4,0,0
1938,4,2,1
1939,4,0,0
1940,4,0,0
1941,5,3,3
1942,4,2,1
1943,5,3,2
1944,5,2,1
1945,5,3,2
1946,5,2,1
1947,4,2,1
1948,4,3,2
1949,4,3,3
1950,3,3,2
1951,4,3,3
1952,4,3,3
1953,4,3,2
1954,4,3,3
1955,4,3,2
1956,4,3,2
1957,4,3,2
1958,5,3,2
1959,5,3,2
1960,5,3,3
1961,3,2,1
1962,5,3,2
1963,5,3,2
1964,5,2,1
1965,4,2,1
1966,5,3,2
1967,4,2,1
1968,5,4,3
1969,5,4,4
1970,5,4,5
1971,5,4,4
1972,5,4,4
1973,5,3,3
1974,5,4,4
1975,5,4,5
1976,5,4,5
1977,5,4,5
1978,4,4,5
1979,4,4,4
1980,4,4,5
1981,4,4,5
1982,5,4,5
1983,5,5,6
1984,5,5,5
1985,5,5,6
1986,5,5,6
1987,5,5,7
1988,5,5,7
1989,5,5,7
1990,5,5,7
1991,5,4,5
1992,5,4,4
1993,5,4,4
1994,5,4,5
1995,5,5,6
1996,5,5,7
1997,5,5,5
1998,5,5,6
1999,5,5,7
