0,0,0,0
1,1,0,0
2,1,0,0
3,1,0,0
4,0,0,0
5,1,0,0
6,3,0,0
7,1,0,0
8,2,0,0
9,2,0,0
10,2,0,0
11,1,0,0
12,2,0,0
13,2,0,0
14,2,0,0
15,2,0,0
16,3,0,0
17,3,0,0
18,2,0,0
19,2,0,0
20,2,0,0
21,3,0,0
22,2,0,0
23,2,0,0
24,2,0,0
25,2,0,0
26,2,0,0
27,2,0,0
28,3,0,0
29,3,0,0
30,3,0,0
31,3,0,0
32,3,0,0
33,4,0,0
34,3,0,0
35,3,0,0
36,3,0,0
37,3,0,0
38,3,0,0
39,3,0,0
40,3,3,2
41,3,3,2
42,3,3,2
43,3,2,1
44,3,0,0
45,4,0,0
46,4,0,0
47,3,0,0
48,3,0,0
49,3,0,0
50,3,0,0
51,3,0,0
52,4,0,0
53,3,0,0
54,3,0,0
55,2,0,0
56,3,0,0
57,3,0,0
58,3,0,0
59,3,0,0
60,3,0,0
61,3,0,0
62,2,0,0
63,2,0,0
64,3,0,0
65,2,0,0
66,2,0,0
67,2,0,0
68,2,0,0
69,2,0,0
70,2,0,0
71,2,0,0
72,3,0,0
73,3,0,0
74,3,0,0
75,3,0,0
76,3,0,0
77,3,0,0
78,2,0,0
79,2,0,0
80,2,0,0
81,2,0,0
82,2,0,0
83,2,0,0
84,2,0,0
85,1,0,0
86,1,0,0
87,1,0,0
88,1,0,0
89,1,0,0
90,2,0,0
91,1,0,0
92,1,0,0
93,1,0,0
94,2,0,0
95,2,0,0
96,2,0,0
97,2,0,0
98,2,0,0
99,2,2,1
100,2,0,0
101,2,0,0
102,2,0,0
103,2,0,0
104,2,0,0
105,2,0,0
106,2,0,0
107,2,0,0
108,3,0,0
109,3,0,0
110,2,0,0
111,3,0,0
112,3,0,0
113,2,0,0
114,2,0,0
115,2,0,0
116,2,0,0
117,2,0,0
118,2,0,0
119,2,0,0
120,3,0,0
121,3,0,0
122,3,0,0
123,3,0,0
124,3,0,0
125,3,0,0
126,3,0,0
127,3,0,0
128,3,0,0
129,3,0,0
130,3,0,0
131,2,0,0
132,2,0,0
133,1,0,0
134,1,0,0
135,1,0,0
136,1,0,0
137,1,0,0
138,1,0,0
139,1,0,0
140,1,0,0
141,1,0,0
142,1,0,0
143,2,0,0
144,1,0,0
145,1,0,0
146,1,0,0
147,1,0,0
148,0,0,0
149,0,0,0
150,0,0,0
151,0,0,0
152,0,0,0
153,2,0,0
154,1,0,0
155,2,0,0
156,2,0,0
157,3,0,0
158,3,2,1
159,3,0,0
160,3,0,0
161,3,0,0
162,3,0,0
163,3,0,0
164,3,0,0
165,2,0,0
166,3,0,0
167,3,0,0
168,3,0,0
169,3,0,0
170,3,0,0
171,1,0,0
172,1,0,0
173,1,0,0
174,1,0,0
175,1,0,0
176,1,0,0
177,1,0,0
178,1,0,0
179,1,0,0
180,1,0,0
181,2,0,0
182,1,0,0
183,1,0,0
184,1,0,0
185,1,0,0
186,1,0,0
187,1,0,0
188,1,0,0
189,2,0,0
190,2,0,0
191,3,0,0
192,3,0,0
193,2,0,0
194,1,0,0
195,2,0,0
196,1,0,0
197,1,0,0
198,1,0,0
199,1,0,0
200,2,0,0
201,1,0,0
202,2,0,0
203,2,0,0
204,1,0,0
205,1,0,0
206,2,0,0
207,2,0,0
208,1,0,0
209,2,0,0
210,1,0,0
211,2,0,0
212,3,0,0
213,2,0,0
214,3,0,0
215,2,0,0
216,2,0,0
217,2,0,0
218,2,0,0
219,2,2,1
220,2,0,0
221,2,0,0
222,3,0,0
223,3,0,0
224,2,0,0
225,1,0,0
226,2,0,0
227,2,0,0
228,2,0,0
229,2,0,0
230,1,0,0
231,1,0,0
232,1,0,0
233,2,0,0
234,1,0,0
235,1,0,0
236,1,0,0
237,1,0,0
238,1,0,0
239,1,0,0
240,1,0,0
241,2,0,0
242,2,0,0
243,1,0,0
244,1,0,0
245,1,0,0
246,1,0,0
247,1,0,0
248,2,0,0
249,2,0,0
250,2,0,0
251,2,0,0
252,2,0,0
253,1,0,0
254,2,0,0
255,2,0,0
256,2,0,0
257,3,0,0
258,3,0,0
259,3,0,0
260,2,0,0
261,2,0,0
262,2,0,0
263,2,2,1
264,2,0,0
265,2,0,0
266,2,2,1
267,2,2,1
268,2,2,1
269,2,2,1
270,2,0,0
271,2,0,0
272,3,2,1
273,2,0,0
274,2,0,0
275,3,0,0
276,2,0,0
277,2,0,0
278,2,0,0
279,2,0,0
280,2,0,0
281,3,0,0
282,3,0,0
283,3,0,0
284,2,0,0
285,2,0,0
286,2,0,0
287,2,0,0
288,2,0,0
289,2,0,0
290,2,0,0
291,3,0,0
292,3,2,1
293,2,0,0
294,3,0,0
295,3,0,0
296,3,0,0
297,2,0,0
298,2,0,0
299,2,0,0
300,2,0,0
301,2,0,0
302,2,0,0
303,2,0,0
304,2,0,0
305,3,0,0
306,3,2,1
307,3,0,0
308,3,2,1
309,4,4,3
310,4,4,3
311,4,4,4
312,4,4,3
313,4,3,2
314,4,3,2
315,4,3,2
316,3,0,0
317,3,0,0
318,3,0,0
319,3,2,1
320,3,0,0
321,3,3,2
322,4,3,3
323,4,3,3
324,4,3,3
325,4,3,2
326,4,3,3
327,4,3,2
328,4,3,2
329,4,3,3
330,4,3,3
331,4,3,3
332,4,3,3
333,4,3,3
334,5,3,2
335,5,3,3
336,5,2,1
337,4,2,1
338,4,0,0
339,4,0,0
340,4,0,0
341,4,0,0
342,4,0,0
343,4,0,0
344,4,0,0
345,4,0,0
346,3,0,0
347,3,0,0
348,3,0,0
349,3,0,0
350,3,0,0
351,3,0,0
352,3,0,0
353,3,0,0
354,4,0,0
355,4,0,0
356,4,2,1
357,4,3,2
358,3,2,1
359,3,2,1
360,4,3,3
361,4,3,2
362,3,3,2
363,3,3,3
364,3,3,2
365,3,3,2
366,4,4,4
367,4,4,4
368,4,4,5
369,4,4,5
370,3,3,2
371,4,4,4
372,3,3,3
373,3,3,3
374,4,4,3
375,4,4,4
376,4,4,3
377,4,4,5
378,4,4,5
379,4,4,5
380,5,4,5
381,5,5,6
382,6,5,7
383,5,5,7
384,5,5,7
385,5,5,7
386,5,5,7
387,5,5,7
388,5,5,7
389,6,6,9
390,5,5,5
391,6,6,9
392,6,6,9
393,6,6,9
394,6,6,9
395,6,6,8
396,6,6,9
397,6,6,9
398,6,6,8
399,6,6,9
400,6,6,9
401,5,5,7
402,6,6,7
403,6,6,8
404,6,6,8
405,6,6,9
406,6,6,9
407,6,6,9
408,6,6,9
409,6,6,9
410,6,6,9
411,6,6,8
412,6,6,6
413,6,6,9
414,6,6,8
415,6,6,8
416,6,6,8
417,6,6,9
418,6,6,9
419,6,5,7
420,6,5,6
421,6,5,7
422,6,5,7
423,6,6,7
424,6,6,8
425,5,5,5
426,5,5,6
427,6,6,8
428,6,6,8
429,6,6,9
430,6,6,9
431,6,6,9
432,6,6,9
433,6,6,8
434,6,6,8
435,6,6,9
436,6,6,9
437,6,6,8
438,6,6,8
439,6,6,9
440,6,6,9
441,6,6,8
442,6,6,9
443,6,6,9
444,7,6,9
445,7,6,9
446,7,6,9
447,7,6,9
448,8,6,8
449,9,6,8
450,7,6,9
451,7,6,9
452,7,6,8
453,7,6,8
454,7,6,9
455,5,5,7
456,6,6,8
457,6,6,7
458,6,6,8
459,6,6,8
460,6,6,9
461,6,6,9
462,6,6,8
463,6,6,9
464,6,6,9
465,6,6,9
466,6,5,6
467,7,6,8
468,7,6,7
469,7,6,9
470,7,6,8
471,6,5,7
472,6,5,7
473,6,6,9
474,6,6,8
475,6,6,9
476,6,6,9
477,6,5,7
478,6,6,9
479,6,6,9
480,6,6,8
481,6,6,9
482,6,6,9
483,6,6,9
484,6,6,8
485,6,6,9
486,6,6,8
487,6,6,8
488,6,6,8
489,6,6,9
490,6,6,9
491,6,6,9
492,6,6,9
493,7,6,9
494,6,6,8
495,6,6,8
496,5,5,7
497,5,5,7
498,6,5,7
499,6,5,6
500,6,5,7
501,6,5,7
502,6,5,7
503,5,5,7
504,5,5,7
505,5,5,7
506,5,5,6
507,4,4,4
508,5,5,7
509,5,5,7
510,5,5,7
511,5,5,7
512,5,5,7
513,5,5,7
514,5,5,6
515,5,5,7
516,5,5,7
517,5,5,7
518,5,5,7
519,5,5,7
520,5,5,7
521,5,5,7
522,6,5,6
523,6,5,6
524,5,4,5
525,5,5,4
526,5,5,6
527,5,5,7
528,4,4,4
529,4,4,5
530,5,4,5
531,5,4,5
532,5,4,4
533,5,4,5
534,5,4,4
535,5,4,5
536,5,4,5
537,5,4,5
538,4,4,4
539,4,4,3
540,4,4,3
541,4,4,4
542,5,4,5
543,4,4,4
544,4,4,4
545,5,4,4
546,5,3,3
547,5,3,2
548,5,3,2
549,5,2,1
550,4,2,1
551,4,2,1
552,4,0,0
553,4,2,1
554,4,0,0
555,4,2,1
556,3,2,1
557,4,2,1
558,4,0,0
559,4,0,0
560,4,0,0
561,5,0,0
562,5,0,0
563,4,0,0
564,5,0,0
565,4,2,1
566,4,2,1
567,4,2,1
568,4,2,1
569,4,4,5
570,4,4,5
571,4,4,5
572,4,4,3
573,4,4,4
574,4,4,5
575,4,4,4
576,4,4,5
577,4,4,4
578,4,4,4
579,4,4,4
580,4,4,5
581,5,4,5
582,4,4,5
583,4,4,5
584,3,3,3
585,4,4,3
586,4,4,4
587,3,3,2
588,4,4,4
589,4,4,4
590,3,3,2
591,4,4,5
592,4,4,5
593,4,4,4
594,4,4,4
595,4,4,5
596,4,4,4
597,4,4,4
598,4,4,4
599,4,4,5
600,4,4,5
601,4,4,3
602,4,4,4
603,4,4,4
604,4,4,5
605,4,4,4
606,4,4,4
607,4,4,4
608,4,4,5
609,4,4,4
610,4,4,3
611,4,4,4
612,4,4,4
613,4,4,4
614,5,4,5
615,5,4,5
616,5,4,3
617,4,3,2
618,4,2,1
619,5,4,4
620,5,4,5
621,4,4,4
622,4,4,4
623,3,3,3
624,3,3,2
625,4,4,4
626,4,4,5
627,4,4,3
628,4,4,5
629,4,4,4
630,4,4,4
631,4,4,5
632,4,4,4
633,4,4,3
634,4,4,3
635,4,3,3
636,4,4,4
637,4,4,4
638,4,4,5
639,4,4,4
640,4,4,4
641,4,4,3
642,4,4,4
643,4,4,4
644,4,4,4
645,4,4,4
646,5,4,4
647,5,4,5
648,5,4,3
649,5,4,4
650,5,4,5
651,5,4,4
652,5,4,5
653,5,4,5
654,5,4,4
655,4,3,3
656,4,3,3
657,4,3,2
658,4,4,5
659,3,3,2
660,4,4,5
661,4,4,4
662,4,3,3
663,4,3,3
664,4,4,3
665,4,3,3
666,4,4,3
667,3,3,3
668,4,3,2
669,4,0,0
670,4,0,0
671,3,2,1
672,3,0,0
673,3,0,0
674,3,0,0
675,2,0,0
676,2,0,0
677,2,0,0
678,2,0,0
679,2,0,0
680,2,0,0
681,3,0,0
682,2,0,0
683,3,0,0
684,3,0,0
685,3,0,0
686,3,0,0
687,3,0,0
688,2,0,0
689,2,0,0
690,2,0,0
691,2,0,0
692,2,0,0
693,1,0,0
694,1,0,0
695,1,0,0
696,1,0,0
697,1,0,0
698,1,0,0
699,1,0,0
700,2,0,0
701,2,0,0
702,2,0,0
703,2,0,0
704,2,0,0
705,2,0,0
706,2,0,0
707,1,0,0
708,2,0,0
709,1,0,0
710,1,0,0
711,1,0,0
712,1,0,0
713,1,0,0
714,1,0,0
715,1,0,0
716,1,0,0
717,1,0,0
718,1,0,0
719,1,0,0
720,1,0,0
721,1,0,0
722,1,0,0
723,1,0,0
724,1,0,0
725,1,0,0
726,2,0,0
727,1,0,0
728,1,0,0
729,0,0,0
730,0,0,0
731,1,0,0
732,1,0,0
733,1,0,0
734,1,0,0
735,1,0,0
736,1,0,0
737,1,0,0
738,1,0,0
739,1,0,0
740,1,0,0
741,1,0,0
742,1,0,0
743,1,0,0
744,1,0,0
745,1,0,0
746,1,0,0
747,2,0,0
748,1,0,0
749,1,0,0
750,1,0,0
751,2,0,0
752,2,0,0
753,2,0,0
754,2,0,0
755,2,0,0
756,2,0,0
757,2,0,0
758,2,0,0
759,2,0,0
760,3,0,0
761,2,0,0
762,3,0,0
763,3,0,0
764,3,0,0
765,3,0,0
766,3,0,0
767,3,0,0
768,2,0,0
769,3,0,0
770,3,0,0
771,3,0,0
772,3,0,0
773,2,0,0
774,2,0,0
775,2,0,0
776,2,0,0
777,3,0,0
778,3,0,0
779,2,0,0
780,2,0,0
781,2,0,0
782,2,0,0
783,2,0,0
784,2,0,0
785,2,0,0
786,2,0,0
787,2,0,0
788,2,0,0
789,2,0,0
790,2,0,0
791,2,0,0
792,2,0,0
793,2,0,0
794,2,0,0
795,3,0,0
796,3,0,0
797,3,0,0
798,3,0,0
799,3,0,0
800,3,0,0
801,3,0,0
802,3,0,0
803,2,0,0
804,3,0,0
805,2,0,0
806,2,0,0
807,2,0,0
808,3,0,0
809,2,0,0
810,2,0,0
811,2,0,0
812,3,0,0
813,3,0,0
814,3,0,0
815,3,0,0
816,3,0,0
817,3,0,0
818,3,0,0
819,3,0,0
820,3,0,0
821,3,0,0
822,2,0,0
823,2,0,0
824,2,0,0
825,1,0,0
826,1,0,0
827,2,0,0
828,1,0,0
829,1,0,0
830,2,0,0
831,2,0,0
832,1,0,0
833,1,0,0
834,2,0,0
835,1,0,0
836,1,0,0
837,1,0,0
838,1,0,0
839,2,0,0
840,1,0,0
841,1,0,0
842,2,0,0
843,2,0,0
844,2,0,0
845,2,0,0
846,2,0,0
847,3,2,1
848,2,0,0
849,2,0,0
850,2,0,0
851,2,0,0
852,2,0,0
853,2,0,0
854,2,0,0
855,2,0,0
856,2,0,0
857,2,0,0
858,1,0,0
859,2,0,0
860,2,0,0
861,2,0,0
862,1,0,0
863,1,0,0
864,1,0,0
865,2,0,0
866,2,0,0
867,2,0,0
868,2,0,0
869,2,0,0
870,2,0,0
871,3,0,0
872,3,0,0
873,3,0,0
874,3,2,1
875,3,2,1
876,3,2,1
877,3,0,0
878,3,0,0
879,3,2,1
880,2,2,1
881,2,2,1
882,2,2,1
883,2,0,0
884,2,0,0
885,2,0,0
886,2,0,0
887,2,0,0
888,2,0,0
889,2,0,0
890,2,0,0
891,2,0,0
892,2,0,0
893,3,0,0
894,2,0,0
895,3,0,0
896,3,0,0
897,2,0,0
898,2,0,0
899,2,0,0
900,3,2,1
901,3,0,0
902,2,0,0
903,2,0,0
904,2,0,0
905,3,0,0
906,3,0,0
907,3,0,0
908,3,0,0
909,3,0,0
910,3,0,0
911,3,0,0
912,2,0,0
913,2,0,0
914,3,0,0
915,2,0,0
916,2,0,0
917,2,0,0
918,2,0,0
919,2,2,1
920,3,0,0
921,3,0,0
922,3,0,0
923,2,0,0
924,2,0,0
925,2,0,0
926,2,0,0
927,2,0,0
928,3,0,0
929,3,0,0
930,2,0,0
931,2,0,0
932,3,0,0
933,3,0,0
934,3,0,0
935,3,0,0
936,3,0,0
937,3,0,0
938,3,0,0
939,2,0,0
940,3,0,0
941,2,0,0
942,2,0,0
943,2,0,0
944,2,0,0
945,2,0,0
946,3,2,1
947,2,0,0
948,2,0,0
949,2,0,0
950,2,0,0
951,2,0,0
952,2,2,1
953,2,2,1
954,2,2,1
955,2,2,1
956,2,2,1
957,2,0,0
958,2,2,1
959,2,0,0
960,2,0,0
961,2,0,0
962,3,0,0
963,4,0,0
964,3,0,0
965,3,0,0
966,3,0,0
967,3,2,1
968,3,0,0
969,2,0,0
970,2,0,0
971,3,0,0
972,3,0,0
973,3,0,0
974,2,0,0
975,3,0,0
976,3,0,0
977,3,0,0
978,3,0,0
979,3,0,0
980,3,0,0
981,3,0,0
982,3,2,1
983,3,2,1
984,3,2,1
985,3,2,1
986,3,3,3
987,3,3,3
988,3,3,2
989,3,2,1
990,3,3,2
991,3,3,3
992,3,3,3
993,3,2,1
994,3,2,1
995,3,3,2
996,3,3,3
997,3,3,3
998,3,3,3
999,4,3,2
1000,3,3,3
1001,3,3,3
1002,4,3,3
1003,4,3,3
1004,5,3,3
1005,5,3,3
1006,5,3,2
1007,5,3,3
1008,4,3,2
1009,4,3,2
1010,4,3,3
1011,4,3,3
1012,6,3,2
1013,5,3,2
1014,5,3,2
1015,5,3,3
1016,5,3,3
1017,5,3,3
1018,5,3,3
1019,5,3,3
1020,4,3,3
1021,4,3,3
1022,4,3,3
1023,5,3,2
1024,4,3,3
1025,5,4,3
1026,6,3,2
1027,5,3,2
1028,5,3,2
1029,5,3,2
1030,5,4,3
1031,5,3,3
1032,4,3,3
1033,3,3,3
1034,3,3,2
1035,3,3,2
1036,3,3,3
1037,3,3,3
1038,4,3,3
1039,4,3,2
1040,4,3,3
1041,4,3,3
1042,4,2,1
1043,5,2,1
1044,4,0,0
1045,4,0,0
1046,3,0,0
1047,3,0,0
1048,4,0,0
1049,4,0,0
1050,4,0,0
1051,4,0,0
1052,4,0,0
1053,4,0,0
1054,4,2,1
1055,4,2,1
1056,4,2,1
1057,5,2,1
1058,5,2,1
1059,5,2,1
1060,4,0,0
1061,4,0,0
1062,4,2,1
1063,4,0,0
1064,4,0,0
1065,4,0,0
1066,4,0,0
1067,3,0,0
1068,4,0,0
1069,2,0,0
1070,2,0,0
1071,2,0,0
1072,2,0,0
1073,2,0,0
1074,2,0,0
1075,2,0,0
1076,1,0,0
1077,1,0,0
1078,2,0,0
1079,2,0,0
1080,2,0,0
1081,2,0,0
1082,2,0,0
1083,2,0,0
1084,2,0,0
1085,1,0,0
1086,1,0,0
1087,2,0,0
1088,2,0,0
1089,2,0,0
1090,2,0,0
1091,2,0,0
1092,2,0,0
1093,2,0,0
1094,2,0,0
1095,2,0,0
1096,2,0,0
1097,2,0,0
1098,2,0,0
1099,2,0,0
1100,2,0,0
1101,2,0,0
1102,2,0,0
1103,2,0,0
1104,1,0,0
1105,1,0,0
1106,1,0,0
1107,1,0,0
1108,1,0,0
1109,1,0,0
1110,1,0,0
1111,1,0,0
1112,2,0,0
1113,2,0,0
1114,1,0,0
1115,1,0,0
1116,2,0,0
1117,1,0,0
1118,1,0,0
1119,2,0,0
1120,2,0,0
1121,2,0,0
1122,1,0,0
1123,1,0,0
1124,1,0,0
1125,1,0,0
1126,1,0,0
1127,1,0,0
1128,1,0,0
1129,1,0,0
1130,1,0,0
1131,2,0,0
1132,1,0,0
1133,2,0,0
1134,1,0,0
1135,2,0,0
1136,1,0,0
1137,1,0,0
1138,1,0,0
1139,1,0,0
1140,1,0,0
1141,1,0,0
1142,1,0,0
1143,1,0,0
1144,1,0,0
1145,2,0,0
1146,2,0,0
1147,3,0,0
1148,2,0,0
1149,2,0,0
1150,2,0,0
1151,2,0,0
1152,2,0,0
1153,2,0,0
1154,2,0,0
1155,1,0,0
1156,1,0,0
1157,1,0,0
1158,1,0,0
1159,1,0,0
1160,1,0,0
1161,1,0,0
1162,1,0,0
1163,1,0,0
1164,1,0,0
1165,1,0,0
1166,1,0,0
1167,1,0,0
1168,1,0,0
1169,1,0,0
1170,1,0,0
1171,0,0,0
1172,0,0,0
1173,0,0,0
1174,0,0,0
1175,1,0,0
1176,1,0,0
1177,1,0,0
1178,1,0,0
1179,1,0,0
1180,1,0,0
1181,1,0,0
1182,2,0,0
1183,3,0,0
1184,3,0,0
1185,4,2,1
1186,4,0,0
1187,4,2,1
1188,4,0,0
1189,3,0,0
1190,3,0,0
1191,3,0,0
1192,4,0,0
1193,4,0,0
1194,5,0,0
1195,4,2,1
1196,4,0,0
1197,3,2,1
1198,3,0,0
1199,3,0,0
1200,4,0,0
1201,4,0,0
1202,4,0,0
1203,4,0,0
1204,4,0,0
1205,4,0,0
1206,3,0,0
1207,3,0,0
1208,3,0,0
1209,3,0,0
1210,4,3,2
1211,3,2,1
1212,3,2,1
1213,3,0,0
1214,3,2,1
1215,4,2,1
1216,4,2,1
1217,4,3,2
1218,3,3,3
1219,4,3,3
1220,4,3,3
1221,4,3,3
1222,4,3,3
1223,4,4,5
1224,4,4,5
1225,4,4,4
1226,4,4,4
1227,4,4,5
1228,4,4,5
1229,4,4,5
1230,4,4,5
1231,4,4,5
1232,5,5,6
1233,5,5,7
1234,4,4,4
1235,5,4,5
1236,5,5,5
1237,5,5,6
1238,5,5,7
1239,6,6,9
1240,6,6,8
1241,6,6,9
1242,6,6,8
1243,6,6,9
1244,6,6,9
1245,6,6,9
1246,6,6,9
1247,6,6,9
1248,6,6,9
1249,6,6,9
1250,7,6,9
1251,6,6,9
1252,6,6,9
1253,6,6,9
1254,8,7,10
1255,8,7,10
1256,8,7,10
1257,8,7,11
1258,7,7,10
1259,7,7,11
1260,7,7,11
1261,7,7,10
1262,7,7,11
1263,6,6,9
1264,7,6,9
1265,8,7,11
1266,8,7,11
1267,8,7,11
1268,8,7,11
1269,8,7,11
1270,8,7,11
1271,8,7,11
1272,8,7,11
1273,8,7,11
1274,8,7,11
1275,8,7,11
1276,8,7,11
1277,8,6,9
1278,7,6,9
1279,8,7,10
1280,8,6,9
1281,7,6,9
1282,6,6,9
1283,6,6,9
1284,6,6,9
1285,6,6,9
1286,6,6,9
1287,6,6,8
1288,6,6,9
1289,6,6,9
1290,6,6,8
1291,6,6,9
1292,6,6,9
1293,7,6,9
1294,7,6,8
1295,7,6,9
1296,7,7,10
1297,7,7,12
1298,7,7,11
1299,7,7,12
1300,7,7,11
1301,7,7,12
1302,7,7,12
1303,7,7,12
1304,7,7,12
1305,7,7,11
1306,7,7,12
1307,7,7,12
1308,7,7,12
1309,7,7,12
1310,7,7,12
1311,7,7,12
1312,7,7,11
1313,7,7,12
1314,7,7,12
1315,7,7,12
1316,7,7,12
1317,7,7,12
1318,7,7,12
1319,7,7,12
1320,7,7,11
1321,7,7,12
1322,7,7,12
1323,7,7,11
1324,7,7,12
1325,7,7,11
1326,7,7,12
1327,7,7,12
1328,7,7,11
1329,7,7,11
1330,7,7,12
1331,7,7,12
1332,8,7,12
1333,8,7,12
1334,8,7,12
1335,7,6,10
1336,8,7,12
1337,8,7,11
1338,8,7,11
1339,8,7,12
1340,8,8,15
1341,8,8,15
1342,8,8,15
1343,8,8,14
1344,8,8,15
1345,8,8,14
1346,9,9,14
1347,9,9,17
1348,8,8,15
1349,8,8,15
1350,8,8,14
1351,9,8,14
1352,8,8,15
1353,8,8,15
1354,8,8,15
1355,8,8,15
1356,8,8,15
1357,8,8,15
1358,8,8,14
1359,8,8,15
1360,8,8,15
1361,8,8,15
1362,8,8,15
1363,8,8,15
1364,8,8,15
1365,8,8,15
1366,8,8,15
1367,9,9,15
1368,9,9,17
1369,8,8,15
1370,9,9,17
1371,9,9,17
1372,9,9,17
1373,9,9,17
1374,9,9,17
1375,9,9,17
1376,9,9,17
1377,9,9,17
1378,9,9,17
1379,9,9,15
1380,9,9,17
1381,9,9,17
1382,9,9,16
1383,9,9,17
1384,9,9,15
1385,9,9,17
1386,9,9,17
1387,9,9,17
1388,9,9,17
1389,9,9,17
1390,9,9,17
1391,9,9,17
1392,9,9,17
1393,9,9,17
1394,9,9,16
1395,9,9,17
1396,9,9,17
1397,9,9,17
1398,9,9,17
1399,9,9,17
1400,9,9,17
1401,9,9,17
1402,9,9,17
1403,9,9,17
1404,9,9,17
1405,9,9,17
1406,9,9,17
1407,9,9,17
1408,9,9,16
1409,8,8,15
1410,9,9,17
1411,9,9,17
1412,9,9,17
1413,9,9,17
1414,9,9,17
1415,9,9,17
1416,9,9,17
1417,9,9,17
1418,9,9,17
1419,9,9,17
1420,9,9,17
1421,9,9,16
1422,9,9,17
1423,9,9,17
1424,9,9,17
1425,9,9,17
1426,9,9,17
1427,9,9,17
1428,9,9,17
1429,9,9,17
1430,9,9,16
1431,9,9,17
1432,9,9,15
1433,9,9,16
1434,10,10,18
1435,10,10,21
1436,10,10,21
1437,10,10,21
1438,10,10,21
1439,10,10,20
1440,10,10,21
1441,10,10,21
1442,10,10,20
1443,10,10,21
1444,10,10,21
1445,10,10,21
1446,10,10,21
1447,10,10,21
1448,10,10,21
1449,10,10,21
1450,10,10,21
1451,10,10,21
1452,10,10,21
1453,10,10,20
1454,10,10,21
1455,10,10,20
1456,10,10,21
1457,10,10,21
1458,10,10,20
1459,10,10,21
1460,10,10,21
1461,10,10,21
1462,10,10,21
1463,10,10,21
1464,10,10,21
1465,10,10,21
1466,10,10,21
1467,10,10,21
1468,10,10,21
1469,10,10,21
1470,10,10,21
1471,10,10,21
1472,10,10,21
1473,10,10,21
1474,10,10,21
1475,10,10,21
1476,10,10,21
1477,10,10,21
1478,10,10,21
1479,10,10,21
1480,10,10,21
1481,10,10,21
1482,10,10,21
1483,10,10,19
1484,10,10,20
1485,10,10,21
1486,10,10,21
1487,10,10,21
1488,10,10,21
1489,10,10,21
1490,10,10,21
1491,10,10,21
1492,10,10,21
1493,10,10,21
1494,10,10,21
1495,10,10,21
1496,10,10,21
1497,10,10,21
1498,10,10,21
1499,10,10,21
1500,10,10,21
1501,10,10,21
1502,10,10,21
1503,10,10,21
1504,10,10,21
1505,10,10,21
1506,10,10,21
1507,10,10,21
1508,10,10,21
1509,10,10,21
1510,10,10,21
1511,10,10,21
1512,10,10,21
1513,10,10,21
1514,10,10,20
1515,10,10,20
1516,10,10,20
1517,10,10,21
1518,10,10,21
1519,10,10,21
1520,10,10,21
1521,10,10,20
1522,10,10,21
1523,10,10,21
1524,11,10,21
1525,11,10,21
1526,11,10,21
1527,11,10,21
1528,10,10,21
1529,10,10,21
1530,10,10,21
1531,10,10,21
1532,10,10,21
1533,10,10,21
1534,10,10,21
1535,10,10,21
1536,10,10,21
1537,10,10,21
1538,10,10,21
1539,10,10,21
1540,10,10,21
1541,10,10,21
1542,10,10,21
1543,10,10,21
1544,10,10,21
1545,10,10,21
1546,10,10,21
1547,10,10,21
1548,10,10,21
1549,10,10,21
1550,10,10,21
1551,10,10,21
1552,10,10,21
1553,10,10,21
1554,10,10,21
1555,10,10,21
1556,10,10,21
1557,10,10,21
1558,10,10,21
1559,10,10,21
1560,10,10,21
1561,10,10,21
1562,10,10,21
1563,10,10,21
1564,10,10,21
1565,10,10,21
1566,10,10,21
1567,11,11,25
1568,11,11,25
1569,11,11,25
1570,11,11,24
1571,11,11,25
1572,11,11,24
1573,11,11,25
1574,11,11,25
1575,11,11,25
1576,11,11,25
1577,11,11,25
1578,11,11,25
1579,11,11,25
1580,11,11,25
1581,11,11,25
1582,11,11,25
1583,11,11,25
1584,11,11,25
1585,11,11,25
1586,11,11,25
1587,11,11,25
1588,11,11,25
1589,11,11,25
1590,11,11,25
1591,11,11,25
1592,11,11,25
1593,11,11,25
1594,11,11,25
1595,11,11,25
1596,11,11,25
1597,11,11,25
1598,11,11,25
1599,11,11,25
1600,11,11,25
1601,11,11,25
1602,11,11,24
1603,11,11,25
1604,11,11,25
1605,11,11,25
1606,11,11,25
1607,11,11,25
1608,11,11,25
1609,11,11,25
1610,11,11,25
1611,11,11,25
1612,11,11,25
1613,11,11,25
1614,11,11,24
1615,11,11,25
1616,11,11,25
1617,11,11,25
1618,11,11,25
1619,12,12,27
1620,12,12,30
1621,12,12,30
1622,12,12,30
1623,12,12,30
1624,12,12,30
1625,12,12,30
1626,12,12,30
1627,12,12,30
1628,12,12,30
1629,12,12,30
1630,12,12,30
1631,12,12,30
1632,12,12,30
1633,12,12,30
1634,12,12,30
1635,12,12,30
1636,12,12,30
1637,12,12,30
1638,12,12,30
1639,12,12,30
1640,12,12,30
1641,12,12,30
1642,12,12,30
1643,12,12,30
1644,12,12,30
1645,12,12,30
1646,12,12,29
1647,12,12,30
1648,12,12,30
1649,12,12,30
1650,12,12,29
1651,12,12,30
1652,12,12,30
1653,12,12,30
1654,12,12,30
1655,12,12,30
1656,12,12,30
1657,12,12,30
1658,12,12,30
1659,12,12,30
1660,12,12,30
1661,12,12,30
1662,12,12,30
1663,12,12,30
1664,12,12,30
1665,12,12,30
1666,12,12,30
1667,12,12,30
1668,12,12,30
1669,12,12,30
1670,12,12,30
1671,12,12,30
1672,12,12,30
1673,12,12,30
1674,12,12,30
1675,12,12,30
1676,12,12,30
1677,12,12,30
1678,12,12,30
1679,12,12,30
1680,12,12,30
1681,12,12,30
1682,12,12,30
1683,12,12,30
1684,12,12,30
1685,12,12,30
1686,12,12,30
1687,12,12,30
1688,12,12,30
1689,12,12,30
1690,12,12,30
1691,12,12,30
1692,12,12,30
1693,12,12,30
1694,12,12,30
1695,12,12,30
1696,12,12,30
1697,12,12,30
1698,12,12,30
1699,12,12,30
1700,12,12,30
1701,12,12,30
1702,12,12,30
1703,12,12,29
1704,12,12,30
1705,12,12,30
1706,12,12,30
1707,12,12,30
1708,12,12,30
1709,12,12,30
1710,12,12,30
1711,12,12,30
1712,12,12,30
1713,12,12,30
1714,12,12,30
1715,12,12,30
1716,12,12,30
1717,12,12,30
1718,12,12,30
1719,12,12,30
1720,12,12,30
1721,12,12,30
1722,12,12,30
1723,12,12,30
1724,12,12,30
1725,12,12,29
1726,12,12,30
1727,12,12,30
1728,12,12,30
1729,12,12,30
1730,12,12,30
1731,12,12,30
1732,12,12,30
1733,12,12,30
1734,12,12,30
1735,12,12,30
1736,12,12,30
1737,12,12,30
1738,12,12,30
1739,12,12,30
1740,12,12,30
1741,12,12,30
1742,12,12,30
1743,12,12,30
1744,12,12,30
1745,12,12,30
1746,12,12,30
1747,12,12,30
1748,12,12,30
1749,12,12,30
1750,12,12,30
1751,12,12,30
1752,12,12,30
1753,12,12,30
1754,12,12,30
1755,12,12,30
1756,12,12,30
1757,12,12,30
1758,12,12,30
1759,12,12,30
1760,12,12,30
1761,12,12,30
1762,12,12,30
1763,12,12,30
1764,12,12,30
1765,12,12,30
1766,12,12,30
1767,12,12,30
1768,12,12,30
1769,12,12,30
1770,12,12,30
1771,12,12,30
1772,12,12,30
1773,12,12,30
1774,12,12,30
1775,12,12,30
1776,12,12,30
1777,12,12,30
1778,12,12,30
1779,12,12,30
1780,12,12,30
1781,12,12,30
1782,12,12,30
1783,12,12,30
1784,12,12,30
1785,12,12,30
1786,12,12,30
1787,12,12,30
1788,12,12,30
1789,12,12,30
1790,12,12,30
1791,12,12,30
1792,12,12,30
1793,12,12,30
1794,12,12,30
1795,12,12,30
1796,12,12,30
1797,12,12,30
1798,12,12,30
1799,12,12,30
1800,12,12,30
1801,12,12,30
1802,12,12,30
1803,12,12,30
1804,12,12,30
1805,12,12,30
1806,12,12,30
1807,12,12,30
1808,12,12,30
1809,12,12,30
1810,12,12,30
1811,12,12,30
1812,12,12,30
1813,12,12,30
1814,12,12,30
1815,12,12,30
1816,12,12,30
1817,12,12,30
1818,12,12,30
1819,12,12,30
1820,12,12,30
1821,12,12,30
1822,12,12,30
1823,12,12,30
1824,12,12,30
1825,12,12,30
1826,12,12,30
1827,12,12,30
1828,12,12,30
1829,12,12,30
1830,12,12,30
1831,12,12,30
1832,12,12,30
1833,12,12,30
1834,12,12,30
1835,12,12,30
1836,12,12,30
1837,12,12,30
1838,12,12,30
1839,12,12,30
1840,12,12,30
1841,12,12,30
1842,12,12,30
1843,12,12,30
1844,12,12,30
1845,12,12,30
1846,12,12,30
1847,12,12,29
1848,12,12,30
1849,12,12,30
1850,12,12,30
1851,12,12,30
1852,12,12,30
1853,12,12,30
1854,12,12,30
1855,12,12,30
1856,12,12,30
1857,12,12,30
1858,12,12,30
1859,12,12,30
1860,12,12,30
1861,12,12,30
1862,12,12,30
1863,12,12,30
1864,12,12,30
1865,12,12,30
1866,12,12,30
1867,12,12,30
1868,12,12,30
1869,12,12,30
1870,12,12,30
1871,12,12,30
1872,12,12,30
1873,12,12,30
1874,12,12,30
1875,12,12,29
1876,12,12,30
1877,12,12,30
1878,12,12,30
1879,12,12,30
1880,12,12,30
1881,12,12,30
1882,12,12,30
1883,12,12,30
1884,12,12,30
1885,12,12,30
1886,12,12,30
1887,12,12,30
1888,12,12,30
1889,12,12,30
1890,12,12,30
1891,12,12,30
1892,12,12,30
1893,12,12,30
1894,12,12,30
1895,12,12,30
1896,12,12,30
1897,12,12,30
1898,12,12,30
1899,12,12,30
1900,12,12,30
1901,12,12,30
1902,12,12,30
1903,12,12,30
1904,12,12,30
1905,12,12,30
1906,12,12,30
1907,12,12,30
1908,12,12,30
1909,12,12,30
1910,12,12,30
1911,12,12,30
1912,12,12,30
1913,12,12,30
1914,12,12,30
1915,12,12,30
1916,12,12,30
1917,12,12,30
1918,12,12,30
1919,12,12,30
1920,12,12,30
1921,12,12,30
1922,12,12,30
1923,12,12,30
1924,12,12,30
1925,12,12,30
1926,12,12,30
1927,12,12,30
1928,12,12,30
1929,12,12,30
1930,12,12,30
1931,12,12,30
1932,12,12,30
1933,12,12,30
1934,12,12,30
1935,12,12,30
1936,12,12,30
1937,12,12,30
1938,12,12,30
1939,12,12,30
1940,12,12,30
1941,12,12,30
1942,12,12,30
1943,12,12,30
1944,12,12,30
1945,12,12,30
1946,12,12,30
1947,12,12,30
1948,12,12,30
1949,12,12,30
1950,12,12,30
1951,12,12,30
1952,12,12,30
1953,12,12,30
1954,12,12,30
1955,12,12,30
1956,12,12,30
1957,12,12,30
1958,12,12,30
1959,12,12,30
1960,12,12,30
1961,12,12,30
1962,12,12,30
1963,12,12,30
1964,12,12,30
1965,12,12,30
1966,12,12,30
1967,12,12,30
1968,12,12,30
1969,12,12,30
1970,12,12,30
1971,12,12,30
1972,12,12,30
1973,12,12,30
1974,12,12,30
1975,12,12,30
1976,12,12,30
1977,12,12,30
1978,12,12,30
1979,12,12,30
1980,12,12,30
1981,12,12,30
1982,12,12,30
1983,12,12,30
1984,12,12,30
1985,12,12,30
1986,12,12,30
1987,12,12,30
1988,12,12,30
1989,12,12,30
1990,12,12,30
1991,12,12,30
1992,12,12,30
1993,12,12,30
1994,12,12,30
1995,12,12,30
1996,12,12,30
1997,12,12,30
1998,12,12,30
1999,12,12,30
