0,0,0,0
1,1,0,0
2,1,0,0
3,2,0,0
4,1,0,0
5,1,0,0
6,1,0,0
7,1,0,0
8,1,0,0
9,1,0,0
10,2,0,0
11,1,0,0
12,1,0,0
13,1,0,0
14,1,0,0
15,1,0,0
16,2,0,0
17,2,0,0
18,3,0,0
19,2,0,0
20,2,0,0
21,2,0,0
22,3,0,0
23,5,0,0
24,4,2,1
25,4,3,2
26,5,4,4
27,5,4,5
28,5,4,4
29,5,4,5
30,5,4,4
31,5,4,4
32,5,4,5
33,5,4,4
34,5,4,4
35,6,4,5
36,5,4,5
37,6,4,4
38,5,4,5
39,5,4,4
40,5,4,5
41,5,4,4
42,5,4,4
43,5,4,5
44,5,4,5
45,5,4,5
46,5,4,5
47,5,4,5
48,5,4,4
49,5,4,5
50,5,4,5
51,5,4,5
52,5,4,5
53,5,4,5
54,5,4,5
55,5,4,5
56,4,4,4
57,4,4,5
58,4,4,4
59,4,4,4
60,4,3,2
61,4,4,5
62,5,4,5
63,5,4,4
64,4,4,5
65,4,4,5
66,4,4,4
67,4,4,4
68,4,4,5
69,5,4,5
70,5,4,5
71,5,4,5
72,5,4,5
73,5,4,4
74,5,4,5
75,4,4,4
76,5,4,4
77,5,4,4
78,4,4,4
79,4,4,4
80,4,4,5
81,4,4,5
82,4,4,5
83,4,4,5
84,4,4,5
85,4,4,5
86,4,4,4
87,4,4,4
88,4,4,4
89,4,2,1
90,4,2,1
91,4,2,1
92,4,2,1
93,4,2,1
94,4,2,1
95,4,2,1
96,4,2,1
97,3,0,0
98,3,0,0
99,2,0,0
100,3,0,0
101,3,0,0
102,2,0,0
103,2,0,0
104,2,0,0
105,2,0,0
106,2,0,0
107,2,0,0
108,2,0,0
109,3,0,0
110,2,0,0
111,2,0,0
112,2,0,0
113,2,0,0
114,2,0,0
115,2,0,0
116,2,0,0
117,2,0,0
118,3,0,0
119,3,0,0
120,3,2,1
121,1,0,0
122,1,0,0
123,1,0,0
124,1,0,0
125,1,0,0
126,2,0,0
127,2,0,0
128,2,0,0
129,1,0,0
130,1,0,0
131,2,0,0
132,2,0,0
133,2,0,0
134,3,0,0
135,2,0,0
136,2,0,0
137,2,0,0
138,2,0,0
139,2,0,0
140,2,0,0
141,3,0,0
142,2,0,0
143,2,0,0
144,3,0,0
145,2,0,0
146,2,0,0
147,2,0,0
148,2,0,0
149,2,0,0
150,2,0,0
151,2,0,0
152,2,0,0
153,2,0,0
154,2,0,0
155,2,0,0
156,2,0,0
157,2,0,0
158,2,0,0
159,2,0,0
160,3,0,0
161,3,0,0
162,3,0,0
163,2,0,0
164,2,0,0
165,2,0,0
166,2,0,0
167,2,0,0
168,2,0,0
169,3,0,0
170,3,0,0
171,2,0,0
172,3,0,0
173,2,0,0
174,3,2,1
175,4,0,0
176,3,0,0
177,2,0,0
178,2,0,0
179,3,0,0
180,2,0,0
181,3,0,0
182,3,0,0
183,2,0,0
184,2,0,0
185,2,0,0
186,2,0,0
187,1,0,0
188,2,0,0
189,2,0,0
190,2,0,0
191,2,0,0
192,2,0,0
193,2,0,0
194,2,0,0
195,2,0,0
196,2,0,0
197,3,0,0
198,2,0,0
199,2,2,1
200,4,0,0
201,4,0,0
202,2,2,1
203,2,0,0
204,2,0,0
205,2,0,0
206,3,0,0
207,3,0,0
208,3,0,0
209,4,0,0
210,3,0,0
211,3,0,0
212,3,0,0
213,3,0,0
214,3,0,0
215,3,2,1
216,3,2,1
217,3,2,1
218,3,0,0
219,3,0,0
220,3,2,1
221,3,0,0
222,3,0,0
223,3,2,1
224,3,2,1
225,3,2,1
226,3,2,1
227,3,0,0
228,3,0,0
229,3,2,1
230,3,0,0
231,3,0,0
232,3,0,0
233,2,0,0
234,2,0,0
235,2,0,0
236,2,0,0
237,2,0,0
238,2,0,0
239,2,0,0
240,2,0,0
241,2,2,1
242,2,2,1
243,2,2,1
244,3,0,0
245,2,0,0
246,2,2,1
247,2,2,1
248,2,0,0
249,2,0,0
250,2,0,0
251,2,0,0
252,2,0,0
253,2,0,0
254,2,0,0
255,3,0,0
256,2,0,0
257,2,0,0
258,2,0,0
259,4,0,0
260,2,0,0
261,2,0,0
262,2,0,0
263,2,0,0
264,2,0,0
265,2,0,0
266,2,0,0
267,1,0,0
268,2,0,0
269,3,0,0
270,3,0,0
271,3,0,0
272,3,0,0
273,3,0,0
274,2,0,0
275,2,0,0
276,2,0,0
277,2,0,0
278,2,0,0
279,1,0,0
280,2,0,0
281,1,0,0
282,2,0,0
283,2,0,0
284,1,0,0
285,1,0,0
286,2,0,0
287,2,0,0
288,2,0,0
289,1,0,0
290,2,0,0
291,1,0,0
292,1,0,0
293,1,0,0
294,1,0,0
295,1,0,0
296,1,0,0
297,1,0,0
298,1,0,0
299,1,0,0
300,1,0,0
301,1,0,0
302,1,0,0
303,1,0,0
304,1,0,0
305,1,0,0
306,1,0,0
307,1,0,0
308,1,0,0
309,1,0,0
310,1,0,0
311,1,0,0
312,1,0,0
313,1,0,0
314,1,0,0
315,1,0,0
316,0,0,0
317,1,0,0
318,1,0,0
319,1,0,0
320,1,0,0
321,2,0,0
322,2,0,0
323,2,0,0
324,2,0,0
325,2,0,0
326,3,0,0
327,2,0,0
328,1,0,0
329,3,0,0
330,3,0,0
331,1,0,0
332,1,0,0
333,1,0,0
334,2,0,0
335,2,0,0
336,2,0,0
337,2,0,0
338,3,0,0
339,3,2,1
340,2,0,0
341,2,0,0
342,3,0,0
343,1,0,0
344,1,0,0
345,2,0,0
346,2,0,0
347,1,0,0
348,1,0,0
349,1,0,0
350,2,0,0
351,2,0,0
352,2,0,0
353,1,0,0
354,1,0,0
355,2,0,0
356,2,0,0
357,2,0,0
358,2,0,0
359,3,0,0
360,3,0,0
361,3,0,0
362,2,0,0
363,3,0,0
364,3,0,0
365,3,0,0
366,3,0,0
367,3,0,0
368,3,2,1
369,3,0,0
370,3,0,0
371,2,0,0
372,2,0,0
373,3,0,0
374,3,0,0
375,3,0,0
376,3,0,0
377,3,0,0
378,3,0,0
379,3,0,0
380,3,0,0
381,3,0,0
382,3,0,0
383,3,0,0
384,3,0,0
385,3,0,0
386,3,0,0
387,4,3,3
388,4,0,0
389,3,0,0
390,3,0,0
391,4,0,0
392,3,0,0
393,3,0,0
394,3,0,0
395,4,0,0
396,4,2,1
397,3,0,0
398,5,0,0
399,4,0,0
400,4,0,0
401,5,0,0
402,4,0,0
403,4,0,0
404,4,0,0
405,4,0,0
406,4,2,1
407,4,3,2
408,4,2,1
409,4,3,2
410,4,3,2
411,4,3,3
412,4,3,3
413,4,4,4
414,4,4,3
415,4,4,5
416,4,4,4
417,3,3,3
418,4,4,4
419,4,4,4
420,4,4,5
421,4,4,4
422,4,4,5
423,4,4,5
424,5,4,5
425,5,4,5
426,5,4,4
427,4,4,4
428,4,4,3
429,6,4,4
430,5,4,5
431,5,4,4
432,5,4,4
433,6,4,5
434,5,4,4
435,5,4,4
436,4,4,4
437,4,4,4
438,4,4,5
439,4,4,4
440,4,4,5
441,4,4,5
442,4,4,5
443,4,4,4
444,4,3,3
445,4,4,5
446,4,4,4
447,4,4,5
448,4,4,5
449,4,4,5
450,4,4,5
451,4,4,5
452,4,4,4
453,5,5,5
454,5,5,7
455,5,5,6
456,5,5,7
457,5,5,6
458,5,5,7
459,5,5,7
460,5,5,7
461,5,4,4
462,5,4,5
463,5,4,5
464,5,4,4
465,5,4,5
466,5,4,5
467,5,4,5
468,5,4,5
469,5,5,6
470,4,4,3
471,4,4,4
472,4,4,5
473,3,3,3
474,4,4,5
475,5,4,5
476,5,5,6
477,5,5,5
478,5,5,7
479,5,5,5
480,5,5,7
481,5,5,6
482,5,5,7
483,5,5,7
484,5,5,7
485,5,5,7
486,5,5,7
487,5,5,7
488,6,5,6
489,6,5,6
490,6,5,7
491,6,5,7
492,6,5,7
493,6,5,7
494,6,5,7
495,6,5,7
496,6,5,7
497,6,5,6
498,6,5,7
499,6,5,6
500,6,5,6
501,6,5,7
502,6,4,5
503,6,4,5
504,6,4,5
505,6,4,5
506,5,4,4
507,6,5,6
508,6,5,7
509,6,5,7
510,6,5,7
511,6,6,8
512,6,5,6
513,6,5,7
514,6,5,7
515,6,6,9
516,6,6,9
517,6,6,8
518,6,6,9
519,6,6,10
520,6,6,9
521,6,6,10
522,6,6,10
523,6,6,10
524,6,6,10
525,6,6,10
526,6,6,9
527,6,6,10
528,6,6,10
529,6,6,9
530,6,6,10
531,6,6,10
532,6,6,9
533,6,6,10
534,6,6,10
535,6,6,10
536,6,6,10
537,6,6,10
538,6,6,10
539,6,6,10
540,7,6,10
541,6,6,10
542,6,6,10
543,6,6,10
544,6,6,10
545,6,6,10
546,6,6,9
547,6,6,10
548,6,6,9
549,6,6,9
550,6,6,10
551,6,6,10
552,6,6,9
553,6,6,9
554,6,6,9
555,6,6,10
556,6,6,9
557,6,6,10
558,6,6,10
559,6,6,10
560,6,6,10
561,6,6,10
562,6,6,10
563,6,6,10
564,6,6,10
565,6,6,10
566,6,6,10
567,6,6,9
568,6,6,10
569,6,6,10
570,6,6,10
571,6,6,10
572,7,6,10
573,7,6,7
574,6,6,7
575,6,6,9
576,6,6,9
577,6,6,9
578,6,6,10
579,6,6,10
580,6,6,10
581,6,6,10
582,6,6,10
583,6,6,10
584,7,6,10
585,7,6,9
586,7,6,9
587,7,6,10
588,7,6,10
589,7,6,10
590,7,6,10
591,7,6,10
592,7,6,10
593,7,6,10
594,7,6,9
595,7,6,9
596,7,6,9
597,7,6,10
598,7,6,9
599,7,6,10
600,7,6,10
601,7,6,9
602,7,6,10
603,7,6,10
604,7,6,10
605,7,6,10
606,7,6,10
607,7,6,10
608,7,6,10
609,7,6,9
610,7,6,10
611,6,6,9
612,6,6,10
613,6,6,10
614,7,7,11
615,7,7,11
616,7,7,12
617,7,7,12
618,7,7,12
619,7,7,12
620,7,7,12
621,7,7,12
622,6,6,9
623,6,6,10
624,7,6,10
625,6,6,10
626,6,6,10
627,6,6,10
628,6,6,10
629,6,6,10
630,6,6,10
631,6,6,10
632,6,6,8
633,6,6,10
634,6,6,10
635,6,6,10
636,6,6,10
637,6,6,10
638,6,6,10
639,6,6,10
640,6,6,9
641,6,6,10
642,6,6,7
643,6,6,8
644,6,6,9
645,6,6,10
646,6,6,10
647,6,6,10
648,6,6,10
649,6,6,10
650,6,6,10
651,6,6,10
652,6,6,10
653,6,6,10
654,6,6,10
655,6,6,8
656,6,6,8
657,6,6,10
658,6,6,10
659,6,6,10
660,6,6,9
661,6,6,10
662,6,6,10
663,6,6,10
664,6,6,10
665,6,6,10
666,6,6,9
667,6,6,10
668,6,6,8
669,6,6,9
670,6,6,10
671,6,6,10
672,6,6,9
673,6,6,10
674,6,6,10
675,6,6,10
676,6,6,10
677,6,6,10
678,6,6,10
679,6,6,10
680,6,6,9
681,6,6,10
682,6,6,10
683,7,6,9
684,7,6,9
685,6,6,10
686,6,6,10
687,6,6,10
688,6,6,8
689,6,6,9
690,6,6,8
691,6,6,8
692,7,6,9
693,7,6,10
694,7,6,9
695,7,6,7
696,7,6,9
697,7,6,9
698,7,6,9
699,7,6,9
700,6,6,10
701,7,6,8
702,7,6,10
703,7,6,10
704,7,6,9
705,7,6,10
706,7,6,10
707,7,6,9
708,7,7,11
709,7,7,12
710,7,7,10
711,7,7,12
712,7,7,11
713,7,7,11
714,7,7,11
715,7,7,11
716,7,7,11
717,7,7,11
718,7,6,10
719,7,6,9
720,7,7,11
721,7,6,10
722,6,6,10
723,6,6,9
724,6,6,10
725,7,6,9
726,7,6,9
727,7,6,10
728,7,6,9
729,7,6,10
730,6,6,10
731,6,6,9
732,6,6,10
733,6,6,9
734,6,6,10
735,6,6,10
736,6,6,10
737,6,6,7
738,6,6,8
739,6,6,9
740,6,6,10
741,6,6,10
742,6,6,10
743,6,6,9
744,6,6,10
745,6,6,10
746,7,6,10
747,7,6,10
748,6,6,10
749,6,6,10
750,6,6,10
751,7,6,10
752,7,6,10
753,6,6,10
754,6,6,10
755,6,6,10
756,6,6,10
757,7,6,10
758,6,6,10
759,7,6,9
760,7,7,11
761,7,7,9
762,7,7,12
763,7,7,10
764,6,6,8
765,6,6,10
766,7,7,12
767,7,7,12
768,7,7,11
769,7,7,10
770,7,7,12
771,7,7,11
772,7,7,12
773,7,7,12
774,7,7,12
775,7,7,12
776,7,7,12
777,7,7,11
778,7,7,11
779,8,7,11
780,8,7,12
781,7,7,12
782,7,7,12
783,7,7,12
784,7,7,12
785,7,7,12
786,7,7,12
787,7,7,12
788,7,7,11
789,7,7,12
790,6,6,9
791,7,7,12
792,7,7,12
793,7,7,12
794,8,7,12
795,8,7,12
796,8,7,12
797,8,7,11
798,8,7,12
799,8,7,12
800,7,7,12
801,8,7,12
802,8,7,12
803,8,7,12
804,8,7,12
805,8,7,11
806,8,7,11
807,7,7,12
808,8,8,13
809,8,8,13
810,8,8,13
811,8,7,12
812,8,7,12
813,8,7,12
814,8,7,10
815,8,6,9
816,7,7,11
817,7,7,11
818,7,7,11
819,7,7,11
820,7,6,10
821,7,6,10
822,7,6,10
823,6,6,10
824,7,7,12
825,7,7,11
826,7,7,12
827,7,7,11
828,7,7,12
829,7,7,12
830,7,7,11
831,7,7,11
832,7,7,12
833,7,7,11
834,7,7,12
835,7,7,12
836,7,7,12
837,7,7,12
838,7,7,12
839,7,7,12
840,7,7,12
841,7,7,11
842,7,7,12
843,7,7,10
844,7,7,12
845,7,7,12
846,7,7,12
847,7,7,11
848,6,6,10
849,7,6,10
850,7,6,10
851,7,6,10
852,6,6,10
853,6,6,10
854,6,6,10
855,6,6,10
856,6,6,10
857,7,7,12
858,7,7,12
859,7,7,12
860,7,7,12
861,7,7,10
862,7,7,10
863,7,7,12
864,7,7,11
865,8,8,11
866,8,7,12
867,7,7,12
868,7,7,12
869,8,7,12
870,8,7,12
871,8,7,12
872,8,7,12
873,8,7,12
874,8,8,12
875,8,7,12
876,8,7,12
877,8,7,12
878,8,8,12
879,8,7,11
880,8,6,10
881,7,6,9
882,7,6,10
883,7,6,10
884,8,6,10
885,8,6,10
886,8,6,10
887,8,6,10
888,8,6,10
889,7,6,10
890,8,6,10
891,8,6,10
892,8,6,10
893,9,6,10
894,9,8,13
895,9,8,13
896,9,7,11
897,9,7,12
898,9,9,16
899,9,8,13
900,9,8,15
901,9,8,15
902,9,8,15
903,9,8,14
904,9,8,15
905,9,8,15
906,9,8,15
907,9,8,15
908,9,8,15
909,9,8,15
910,9,8,15
911,9,8,15
912,8,8,15
913,8,8,15
914,8,8,15
915,8,8,15
916,8,8,15
917,8,8,15
918,8,8,15
919,8,8,15
920,8,8,15
921,8,8,14
922,8,8,15
923,8,8,15
924,8,8,15
925,8,8,15
926,8,8,15
927,8,8,15
928,8,8,15
929,8,8,15
930,8,8,15
931,8,8,15
932,8,8,15
933,8,8,15
934,8,8,14
935,8,8,15
936,8,8,15
937,8,8,15
938,8,8,15
939,8,8,13
940,8,8,13
941,8,8,12
942,7,7,10
943,8,8,14
944,8,7,12
945,8,8,15
946,8,8,15
947,8,8,14
948,8,8,15
949,8,8,15
950,8,8,15
951,8,8,15
952,8,8,14
953,8,8,15
954,8,8,15
955,8,8,15
956,8,8,15
957,9,8,15
958,9,8,14
959,9,8,15
960,9,8,15
961,9,8,15
962,9,8,15
963,9,8,14
964,9,8,15
965,9,8,15
966,9,8,15
967,9,8,14
968,8,8,14
969,8,8,14
970,8,8,14
971,8,8,15
972,8,8,15
973,8,8,15
974,8,8,15
975,8,8,15
976,8,8,15
977,8,8,15
978,8,8,15
979,8,8,15
980,8,8,15
981,8,8,15
982,8,8,15
983,8,8,15
984,8,8,15
985,8,8,15
986,8,8,15
987,8,8,15
988,8,8,15
989,8,8,15
990,8,8,15
991,8,8,15
992,8,8,15
993,8,8,15
994,8,8,15
995,8,8,15
996,9,8,15
997,9,8,15
998,9,8,15
999,9,8,15
1000,9,8,15
1001,9,8,15
1002,9,8,15
1003,9,8,15
1004,9,8,15
1005,9,8,15
1006,9,8,15
1007,9,8,15
1008,9,8,14
1009,9,8,15
1010,8,8,14
1011,8,8,14
1012,9,9,17
1013,9,9,18
1014,9,9,17
1015,9,9,18
1016,9,9,18
1017,9,9,17
1018,9,9,18
1019,9,9,17
1020,9,9,17
1021,9,9,17
1022,9,9,18
1023,9,9,17
1024,9,9,18
1025,9,9,17
1026,9,9,17
1027,9,9,18
1028,9,9,18
1029,9,9,18
1030,9,9,18
1031,9,9,18
1032,9,9,18
1033,9,9,18
1034,9,9,18
1035,9,9,17
1036,9,9,18
1037,9,9,18
1038,9,9,18
1039,9,9,18
1040,9,9,18
1041,9,9,18
1042,9,9,18
1043,9,9,18
1044,9,9,17
1045,9,9,17
1046,9,9,18
1047,9,9,18
1048,9,9,18
1049,9,9,18
1050,9,9,17
1051,9,9,17
1052,9,9,18
1053,9,9,18
1054,9,9,18
1055,9,9,17
1056,9,9,18
1057,9,9,18
1058,9,9,16
1059,9,9,18
1060,9,9,18
1061,9,9,18
1062,9,9,18
1063,9,9,18
1064,9,9,18
1065,9,9,18
1066,9,9,18
1067,9,9,18
1068,9,9,18
1069,9,9,18
1070,9,9,18
1071,9,9,16
1072,9,9,18
1073,9,9,18
1074,9,9,18
1075,9,9,18
1076,9,9,18
1077,9,9,18
1078,9,9,18
1079,9,9,18
1080,10,9,18
1081,9,9,18
1082,9,9,18
1083,9,9,18
1084,9,9,17
1085,9,9,18
1086,9,9,16
1087,9,9,17
1088,9,9,18
1089,9,9,18
1090,9,9,18
1091,9,9,18
1092,9,9,18
1093,9,9,18
1094,9,9,18
1095,9,9,17
1096,9,9,16
1097,9,9,18
1098,9,9,18
1099,9,9,18
1100,9,9,18
1101,9,9,18
1102,9,9,18
1103,9,9,18
1104,9,9,18
1105,9,9,18
1106,9,9,18
1107,9,9,18
1108,9,9,18
1109,9,9,18
1110,9,9,18
1111,9,9,18
1112,9,9,18
1113,9,9,18
1114,9,9,18
1115,9,9,18
1116,9,9,18
1117,9,9,18
1118,9,9,18
1119,9,9,18
1120,9,9,18
1121,9,9,18
1122,9,9,18
1123,9,9,18
1124,9,9,18
1125,9,9,18
1126,9,9,18
1127,9,9,18
1128,9,9,18
1129,9,9,18
1130,9,9,17
1131,9,9,18
1132,9,9,18
1133,9,9,17
1134,9,9,18
1135,9,9,18
1136,9,9,18
1137,9,9,18
1138,9,9,17
1139,10,10,19
1140,10,10,19
1141,10,10,20
1142,10,10,20
1143,10,10,21
1144,10,10,21
1145,10,10,20
1146,10,10,21
1147,10,10,21
1148,10,10,21
1149,10,10,21
1150,10,10,20
1151,10,10,21
1152,10,10,21
1153,10,10,21
1154,10,10,21
1155,10,10,21
1156,10,10,21
1157,10,10,21
1158,10,10,21
1159,10,10,21
1160,10,10,21
1161,10,10,21
1162,10,10,20
1163,10,10,21
1164,10,10,21
1165,10,10,21
1166,10,10,21
1167,10,10,21
1168,10,10,21
1169,10,10,21
1170,10,10,21
1171,10,10,21
1172,10,10,21
1173,10,10,21
1174,10,10,21
1175,10,10,21
1176,10,10,21
1177,10,10,21
1178,10,10,21
1179,10,10,21
1180,10,10,21
1181,10,10,21
1182,10,10,21
1183,10,10,21
1184,10,10,20
1185,10,10,20
1186,10,10,21
1187,10,10,21
1188,10,10,21
1189,10,10,21
1190,10,10,21
1191,10,10,21
1192,10,10,21
1193,10,10,21
1194,10,10,21
1195,10,10,21
1196,10,10,21
1197,10,10,21
1198,10,10,21
1199,10,10,21
1200,10,10,21
1201,10,10,21
1202,10,10,21
1203,10,10,21
1204,10,10,21
1205,10,10,20
1206,10,10,21
1207,10,10,21
1208,10,10,21
1209,10,10,21
1210,10,10,21
1211,10,10,21
1212,10,10,21
1213,10,10,21
1214,10,10,21
1215,10,10,21
1216,10,10,21
1217,11,10,21
1218,11,10,21
1219,10,10,21
1220,11,10,20
1221,11,10,21
1222,11,10,21
1223,11,10,21
1224,10,10,21
1225,10,10,21
1226,10,10,21
1227,10,10,21
1228,10,10,21
1229,10,10,21
1230,10,10,21
1231,10,10,21
1232,10,10,21
1233,10,10,21
1234,10,10,21
1235,10,10,21
1236,10,10,21
1237,10,10,21
1238,10,10,21
1239,10,10,20
1240,10,10,21
1241,10,10,21
1242,10,10,21
1243,10,10,21
1244,10,10,21
1245,10,10,21
1246,10,10,21
1247,10,10,21
1248,10,10,21
1249,10,10,21
1250,10,10,21
1251,10,10,21
1252,10,10,21
1253,10,10,21
1254,10,10,21
1255,10,10,21
1256,10,10,21
1257,10,10,21
1258,10,10,21
1259,10,10,21
1260,10,10,21
1261,10,10,21
1262,10,10,21
1263,10,10,21
1264,10,10,21
1265,10,10,21
1266,10,10,21
1267,10,10,21
1268,10,10,21
1269,10,10,21
1270,10,10,21
1271,9,9,18
1272,10,10,20
1273,10,10,21
1274,10,10,21
1275,10,10,21
1276,10,10,21
1277,10,10,21
1278,10,10,21
1279,10,10,21
1280,10,10,21
1281,10,10,20
1282,10,10,21
1283,10,10,21
1284,10,10,21
1285,10,10,21
1286,10,10,20
1287,10,10,21
1288,10,10,21
1289,10,10,21
1290,10,10,21
1291,10,10,21
1292,10,10,21
1293,10,10,21
1294,10,10,21
1295,10,10,21
1296,10,10,21
1297,10,10,21
1298,10,10,21
1299,10,10,21
1300,10,10,21
1301,10,10,20
1302,10,10,21
1303,10,10,21
1304,10,10,18
1305,10,10,21
1306,10,10,21
1307,10,10,21
1308,10,10,21
1309,10,10,20
1310,10,10,21
1311,10,10,21
1312,10,10,21
1313,10,10,20
1314,10,10,21
1315,10,10,21
1316,10,10,21
1317,10,10,21
1318,10,10,21
1319,10,10,21
1320,10,10,21
1321,10,10,21
1322,10,10,21
1323,10,10,21
1324,10,10,21
1325,10,10,21
1326,10,10,21
1327,10,10,21
1328,10,10,21
1329,10,10,21
1330,10,10,21
1331,10,10,21
1332,10,10,21
1333,10,10,21
1334,10,10,21
1335,10,10,21
1336,10,10,21
1337,10,10,21
1338,10,10,21
1339,10,10,21
1340,10,10,21
1341,11,11,24
1342,11,11,25
1343,11,11,25
1344,11,11,25
1345,11,11,25
1346,11,11,24
1347,11,11,25
1348,11,11,25
1349,11,11,25
1350,11,11,25
1351,11,11,25
1352,11,11,25
1353,11,11,25
1354,11,11,25
1355,11,11,25
1356,11,11,25
1357,11,11,25
1358,11,11,24
1359,11,11,25
1360,11,11,25
1361,11,11,25
1362,11,11,25
1363,11,11,25
1364,11,11,25
1365,11,11,25
1366,11,11,25
1367,11,11,25
1368,11,11,25
1369,11,11,25
1370,11,11,25
1371,11,11,25
1372,11,11,25
1373,11,11,25
1374,11,11,25
1375,11,11,25
1376,11,11,25
1377,11,11,25
1378,11,11,25
1379,11,11,25
1380,11,11,25
1381,11,11,25
1382,11,11,25
1383,11,11,25
1384,11,11,25
1385,11,11,25
1386,11,11,25
1387,11,11,25
1388,11,11,25
1389,11,11,25
1390,11,11,25
1391,11,11,25
1392,11,11,25
1393,11,11,25
1394,11,11,25
1395,11,11,25
1396,11,11,25
1397,11,11,25
1398,11,11,25
1399,11,11,25
1400,11,11,25
1401,11,11,25
1402,11,11,25
1403,11,11,25
1404,11,11,22
1405,11,11,25
1406,11,11,25
1407,11,11,25
1408,11,11,25
1409,11,11,25
1410,11,11,25
1411,11,11,25
1412,11,11,25
1413,11,11,25
1414,11,11,25
1415,11,11,25
1416,11,11,25
1417,11,11,25
1418,11,11,25
1419,11,11,25
1420,11,11,25
1421,11,11,25
1422,11,11,25
1423,11,11,25
1424,11,11,25
1425,11,11,25
1426,11,11,24
1427,11,11,25
1428,11,11,25
1429,11,11,25
1430,11,11,25
1431,11,11,25
1432,11,11,25
1433,11,11,25
1434,11,11,25
1435,11,11,25
1436,11,11,25
1437,11,11,25
1438,11,11,25
1439,11,11,25
1440,11,11,25
1441,11,11,25
1442,11,11,25
1443,11,11,25
1444,11,11,25
1445,11,11,25
1446,11,11,25
1447,11,11,25
1448,11,11,25
1449,11,11,24
1450,11,11,25
1451,11,11,25
1452,11,11,25
1453,11,11,25
1454,11,11,25
1455,11,11,25
1456,11,11,25
1457,11,11,25
1458,11,11,25
1459,11,11,25
1460,11,11,25
1461,11,11,25
1462,11,11,25
1463,11,11,25
1464,11,11,25
1465,11,11,25
1466,11,11,25
1467,11,11,25
1468,11,11,24
1469,11,11,25
1470,11,11,24
1471,11,11,25
1472,11,11,25
1473,11,11,25
1474,11,11,25
1475,11,11,25
1476,11,11,25
1477,11,11,25
1478,11,11,25
1479,11,11,25
1480,11,11,25
1481,11,11,25
1482,11,11,25
1483,11,11,25
1484,11,11,25
1485,11,11,25
1486,11,11,25
1487,11,11,25
1488,11,11,25
1489,11,11,25
1490,11,11,25
1491,11,11,25
1492,11,11,25
1493,11,11,25
1494,11,11,25
1495,11,11,25
1496,11,11,25
1497,11,11,25
1498,11,11,25
1499,11,11,25
1500,11,11,25
1501,11,11,25
1502,11,11,25
1503,11,11,25
1504,11,11,25
1505,11,11,24
1506,11,11,25
1507,11,11,25
1508,11,11,25
1509,11,11,24
1510,11,11,25
1511,11,11,25
1512,11,11,25
1513,11,11,25
1514,11,11,25
1515,11,11,25
1516,11,11,25
1517,11,11,25
1518,11,11,25
1519,11,11,25
1520,11,11,25
1521,11,11,25
1522,11,11,24
1523,11,11,25
1524,11,11,25
1525,11,11,25
1526,11,11,25
1527,11,11,25
1528,11,11,25
1529,11,11,25
1530,11,11,25
1531,11,11,25
1532,11,11,25
1533,11,11,25
1534,11,11,25
1535,11,11,25
1536,11,11,25
1537,11,11,25
1538,11,11,25
1539,11,11,24
1540,11,11,25
1541,11,11,25
1542,11,11,25
1543,11,11,25
1544,11,11,25
1545,11,11,25
1546,11,11,25
1547,11,11,25
1548,11,11,25
1549,11,11,25
1550,11,11,25
1551,11,11,25
1552,11,11,25
1553,11,11,25
1554,11,11,25
1555,11,11,25
1556,11,11,25
1557,11,11,25
1558,11,11,25
1559,11,11,25
1560,11,11,25
1561,11,11,25
1562,11,11,25
1563,11,11,25
1564,11,11,25
1565,11,11,25
1566,11,11,25
1567,11,11,25
1568,11,11,25
1569,11,11,25
1570,11,11,25
1571,11,11,25
1572,11,11,25
1573,11,11,25
1574,11,11,25
1575,11,11,25
1576,11,11,25
1577,11,11,25
1578,11,11,25
1579,11,11,25
1580,11,11,25
1581,11,11,25
1582,11,11,25
1583,11,11,25
1584,11,11,25
1585,11,11,25
1586,11,11,25
1587,11,11,24
1588,11,11,25
1589,11,11,25
1590,11,11,25
1591,11,11,25
1592,11,11,25
1593,11,11,25
1594,11,11,25
1595,11,11,25
1596,11,11,25
1597,11,11,25
1598,11,11,25
1599,11,11,25
1600,11,11,25
1601,11,11,25
1602,11,11,25
1603,11,11,25
1604,11,11,25
1605,11,11,25
1606,11,11,24
1607,11,11,25
1608,11,11,25
1609,11,11,25
1610,11,11,25
1611,11,11,25
1612,11,11,25
1613,11,11,25
1614,11,11,25
1615,11,11,25
1616,11,11,25
1617,11,11,25
1618,11,11,25
1619,11,11,25
1620,11,11,25
1621,11,11,25
1622,11,11,25
1623,11,11,25
1624,11,11,25
1625,11,11,25
1626,11,11,25
1627,11,11,25
1628,11,11,25
1629,11,11,25
1630,11,11,25
1631,11,11,25
1632,11,11,25
1633,11,11,25
1634,11,11,25
1635,11,11,25
1636,11,11,25
1637,11,11,25
1638,11,11,24
1639,11,11,25
1640,11,11,25
1641,11,11,24
1642,11,11,25
1643,11,11,25
1644,11,11,25
1645,11,11,25
1646,11,11,25
1647,11,11,25
1648,11,11,25
1649,11,11,25
1650,11,11,25
1651,11,11,25
1652,11,11,25
1653,11,11,25
1654,11,11,25
1655,11,11,25
1656,11,11,25
1657,11,11,25
1658,11,11,25
1659,11,11,24
1660,11,11,25
1661,11,11,25
1662,11,11,25
1663,11,11,25
1664,11,11,25
1665,11,11,25
1666,11,11,25
1667,11,11,25
1668,11,11,25
1669,11,11,25
1670,11,11,25
1671,11,11,25
1672,11,11,25
1673,11,11,25
1674,11,11,25
1675,11,11,25
1676,11,11,24
1677,11,11,25
1678,11,11,24
1679,11,11,25
1680,11,11,25
1681,11,11,25
1682,11,11,25
1683,11,11,25
1684,11,11,25
1685,11,11,25
1686,12,12,30
1687,12,12,30
1688,12,12,30
1689,12,12,30
1690,12,12,30
1691,12,12,30
1692,12,12,30
1693,12,12,30
1694,12,12,30
1695,12,12,30
1696,12,12,30
1697,12,12,30
1698,12,12,30
1699,12,12,30
1700,12,12,30
1701,12,12,30
1702,12,12,30
1703,12,12,30
1704,12,12,30
1705,12,12,30
1706,12,12,30
1707,12,12,30
1708,12,12,30
1709,12,12,30
1710,12,12,30
1711,12,12,30
1712,12,12,30
1713,12,12,30
1714,12,12,30
1715,12,12,30
1716,12,12,30
1717,12,12,30
1718,12,12,30
1719,12,12,30
1720,12,12,30
1721,12,12,30
1722,12,12,30
1723,12,12,30
1724,12,12,30
1725,12,12,30
1726,12,12,30
1727,12,12,30
1728,12,12,30
1729,12,12,30
1730,12,12,30
1731,12,12,30
1732,12,12,30
1733,12,12,30
1734,12,12,30
1735,12,12,30
1736,12,12,30
1737,12,12,30
1738,12,12,30
1739,12,12,30
1740,12,12,30
1741,12,12,30
1742,12,12,30
1743,12,12,30
1744,12,12,30
1745,12,12,30
1746,12,12,30
1747,12,12,30
1748,12,12,30
1749,12,12,30
1750,12,12,30
1751,12,12,30
1752,12,12,30
1753,12,12,30
1754,12,12,30
1755,12,12,30
1756,12,12,30
1757,12,12,30
1758,12,12,30
1759,12,12,30
1760,12,12,30
1761,12,12,30
1762,12,12,30
1763,12,12,30
1764,12,12,30
1765,12,12,30
1766,12,12,30
1767,12,12,30
1768,12,12,30
1769,12,12,30
1770,12,12,30
1771,12,12,30
1772,12,12,30
1773,12,12,30
1774,12,12,30
1775,12,12,30
1776,12,12,30
1777,12,12,30
1778,12,12,30
1779,12,12,30
1780,12,12,30
1781,12,12,30
1782,12,12,30
1783,12,12,30
1784,12,12,30
1785,12,12,30
1786,12,12,30
1787,12,12,30
1788,12,12,30
1789,12,12,30
1790,12,12,30
1791,12,12,30
1792,12,12,30
1793,12,12,30
1794,12,12,30
1795,12,12,30
1796,12,12,30
1797,12,12,30
1798,12,12,30
1799,12,12,30
1800,12,12,30
1801,12,12,30
1802,12,12,30
1803,12,12,30
1804,12,12,30
1805,12,12,30
1806,12,12,30
1807,12,12,30
1808,12,12,30
1809,12,12,30
1810,12,12,30
1811,12,12,30
1812,12,12,30
1813,12,12,30
1814,12,12,30
1815,12,12,30
1816,12,12,30
1817,12,12,30
1818,12,12,30
1819,12,12,30
1820,12,12,30
1821,12,12,30
1822,12,12,30
1823,12,12,30
1824,12,12,30
1825,12,12,30
1826,12,12,30
1827,12,12,30
1828,12,12,30
1829,12,12,30
1830,12,12,30
1831,12,12,30
1832,12,12,30
1833,12,12,30
1834,12,12,30
1835,12,12,30
1836,12,12,30
1837,12,12,30
1838,12,12,30
1839,12,12,30
1840,12,12,30
1841,12,12,30
1842,12,12,30
1843,12,12,30
1844,12,12,30
1845,12,12,30
1846,12,12,30
1847,12,12,30
1848,12,12,30
1849,12,12,30
1850,12,12,30
1851,12,12,30
1852,12,12,30
1853,12,12,30
1854,12,12,30
1855,12,12,30
1856,12,12,30
1857,12,12,30
1858,12,12,30
1859,12,12,29
1860,12,12,30
1861,12,12,30
1862,12,12,30
1863,12,12,30
1864,12,12,30
1865,12,12,30
1866,12,12,30
1867,12,12,30
1868,12,12,30
1869,12,12,30
1870,12,12,30
1871,12,12,30
1872,12,12,30
1873,12,12,30
1874,12,12,30
1875,12,12,30
1876,12,12,30
1877,12,12,30
1878,12,12,30
1879,12,12,30
1880,12,12,30
1881,12,12,30
1882,12,12,30
1883,12,12,30
1884,12,12,30
1885,12,12,30
1886,12,12,30
1887,12,12,30
1888,12,12,30
1889,12,12,30
1890,12,12,30
1891,12,12,30
1892,12,12,30
1893,12,12,30
1894,12,12,30
1895,12,12,30
1896,12,12,30
1897,12,12,30
1898,12,12,30
1899,12,12,30
1900,12,12,30
1901,12,12,30
1902,12,12,30
1903,12,12,30
1904,12,12,30
1905,12,12,30
1906,12,12,30
1907,12,12,30
1908,12,12,30
1909,12,12,30
1910,12,12,30
1911,12,12,30
1912,12,12,30
1913,12,12,30
1914,12,12,30
1915,12,12,30
1916,12,12,28
1917,12,12,30
1918,12,12,30
1919,12,12,30
1920,12,12,30
1921,12,12,30
1922,12,12,30
1923,12,12,30
1924,12,12,30
1925,12,12,30
1926,12,12,30
1927,12,12,30
1928,12,12,30
1929,12,12,30
1930,12,12,30
1931,12,12,30
1932,12,12,30
1933,12,12,30
1934,12,12,30
1935,12,12,30
1936,12,12,30
1937,12,12,30
1938,12,12,30
1939,12,12,30
1940,12,12,30
1941,12,12,30
1942,12,12,30
1943,12,12,29
1944,12,12,30
1945,12,12,30
1946,12,12,30
1947,12,12,30
1948,12,12,30
1949,12,12,30
1950,12,12,30
1951,12,12,30
1952,12,12,30
1953,12,12,30
1954,12,12,30
1955,12,12,30
1956,12,12,30
1957,12,12,30
1958,12,12,30
1959,12,12,30
1960,12,12,30
1961,12,12,30
1962,12,12,30
1963,12,12,30
1964,12,12,30
1965,12,12,30
1966,12,12,30
1967,12,12,30
1968,12,12,30
1969,12,12,30
1970,12,12,30
1971,12,12,30
1972,12,12,30
1973,12,12,30
1974,12,12,30
1975,12,12,30
1976,12,12,30
1977,12,12,30
1978,12,12,30
1979,12,12,30
1980,12,12,30
1981,12,12,30
1982,12,12,29
1983,12,12,30
1984,12,12,30
1985,12,12,30
1986,12,12,30
1987,12,12,30
1988,12,12,30
1989,12,12,30
1990,12,12,30
1991,12,12,30
1992,12,12,30
1993,12,12,30
1994,12,12,30
1995,12,12,30
1996,12,12,30
1997,12,12,30
1998,12,12,30
1999,12,12,30
