0,0,0,0
1,0,0,0
2,1,0,0
3,1,0,0
4,1,0,0
5,2,0,0
6,2,0,0
7,2,0,0
8,2,0,0
9,2,0,0
10,2,0,0
11,2,0,0
12,2,0,0
13,3,0,0
14,3,0,0
15,2,0,0
16,1,0,0
17,3,0,0
18,3,0,0
19,2,0,0
20,3,0,0
21,3,0,0
22,3,0,0
23,4,0,0
24,3,0,0
25,3,0,0
26,3,0,0
27,3,0,0
28,3,0,0
29,3,0,0
30,3,0,0
31,3,0,0
32,2,0,0
33,3,0,0
34,2,0,0
35,2,0,0
36,2,0,0
37,2,0,0
38,3,0,0
39,2,0,0
40,2,0,0
41,2,0,0
42,2,0,0
43,2,0,0
44,2,0,0
45,2,0,0
46,2,0,0
47,2,0,0
48,3,0,0
49,2,0,0
50,2,0,0
51,2,0,0
52,2,0,0
53,2,0,0
54,2,0,0
55,2,0,0
56,2,0,0
57,1,0,0
58,2,0,0
59,2,0,0
60,2,0,0
61,3,0,0
62,3,0,0
63,3,0,0
64,3,0,0
65,2,0,0
66,2,0,0
67,1,0,0
68,1,0,0
69,2,0,0
70,0,0,0
71,1,0,0
72,0,0,0
73,0,0,0
74,2,0,0
75,2,0,0
76,1,0,0
77,1,0,0
78,2,0,0
79,3,0,0
80,3,0,0
81,2,0,0
82,1,0,0
83,1,0,0
84,2,0,0
85,3,0,0
86,3,0,0
87,2,0,0
88,3,0,0
89,2,0,0
90,2,0,0
91,3,0,0
92,2,0,0
93,3,0,0
94,3,0,0
95,3,2,1
96,3,0,0
97,3,0,0
98,3,0,0
99,3,0,0
100,4,0,0
101,4,2,1
102,4,0,0
103,3,2,1
104,3,0,0
105,3,0,0
106,3,0,0
107,3,0,0
108,2,0,0
109,3,0,0
110,4,0,0
111,4,0,0
112,4,0,0
113,4,2,1
114,4,2,1
115,4,0,0
116,4,3,3
117,4,3,2
118,4,3,3
119,4,3,3
120,4,3,3
121,4,3,3
122,4,3,2
123,4,3,3
124,3,3,3
125,3,3,2
126,3,3,3
127,3,3,3
128,3,3,2
129,3,3,3
130,3,3,3
131,3,3,3
132,3,3,3
133,3,3,2
134,3,3,2
135,3,3,3
136,3,3,3
137,3,3,3
138,3,3,3
139,3,3,3
140,3,3,3
141,3,3,2
142,3,3,2
143,3,3,3
144,3,3,3
145,3,3,2
146,3,3,2
147,3,3,3
148,3,3,2
149,4,3,2
150,4,3,2
151,4,3,3
152,4,3,2
153,4,3,2
154,4,3,3
155,4,3,3
156,4,3,3
157,4,3,3
158,4,3,3
159,4,3,3
160,4,3,3
161,4,3,3
162,4,3,3
163,4,3,2
164,5,3,2
165,3,3,3
166,4,3,3
167,4,3,2
168,4,3,2
169,4,3,3
170,5,3,3
171,3,3,2
172,3,3,2
173,3,3,3
174,3,3,2
175,3,3,3
176,4,3,3
177,3,3,3
178,3,3,3
179,4,3,2
180,4,3,2
181,4,3,3
182,5,3,2
183,4,3,3
184,3,2,1
185,3,2,1
186,4,3,3
187,3,3,2
188,5,5,4
189,5,5,5
190,5,5,5
191,5,5,7
192,5,5,6
193,5,5,6
194,4,4,4
195,5,5,6
196,6,5,7
197,6,5,7
198,7,5,7
199,7,5,7
200,7,5,6
201,6,5,6
202,6,5,7
203,6,5,7
204,6,5,7
205,7,5,7
206,7,5,6
207,6,5,5
208,5,4,4
209,6,5,7
210,5,4,5
211,6,5,7
212,5,5,7
213,5,5,7
214,5,5,7
215,5,5,7
216,6,5,6
217,6,6,7
218,6,6,8
219,6,6,9
220,5,5,7
221,6,6,9
222,6,6,9
223,6,6,9
224,6,6,9
225,6,6,9
226,6,6,9
227,6,6,9
228,6,6,9
229,6,6,9
230,6,6,7
231,6,6,8
232,6,6,9
233,6,6,8
234,7,7,11
235,7,7,10
236,7,7,11
237,7,7,11
238,7,7,12
239,7,7,12
240,7,7,12
241,7,7,12
242,7,7,12
243,7,7,12
244,7,7,12
245,7,7,12
246,7,7,12
247,7,7,12
248,7,7,12
249,7,7,12
250,7,7,11
251,7,7,12
252,7,7,12
253,7,7,12
254,7,7,12
255,7,7,12
256,7,7,11
257,7,7,11
258,7,7,12
259,7,7,12
260,6,6,10
261,7,7,12
262,7,7,11
263,7,7,12
264,7,7,11
265,7,7,12
266,7,7,12
267,7,7,12
268,7,7,12
269,7,7,12
270,7,7,12
271,8,8,13
272,8,8,14
273,8,8,14
274,8,8,14
275,8,8,13
276,8,8,14
277,8,8,14
278,8,8,14
279,8,8,14
280,8,8,14
281,8,8,12
282,7,7,12
283,6,6,10
284,7,7,11
285,7,7,12
286,7,6,10
287,7,6,10
288,7,6,10
289,7,6,10
290,6,6,10
291,6,6,10
292,6,6,9
293,6,6,9
294,6,6,9
295,6,6,9
296,6,6,10
297,6,6,10
298,6,6,10
299,6,6,10
300,6,6,10
301,6,6,10
302,6,6,9
303,6,6,9
304,6,6,10
305,6,6,10
306,6,6,9
307,6,6,9
308,6,6,10
309,6,6,10
310,6,6,10
311,6,6,10
312,6,6,9
313,7,6,10
314,7,6,10
315,7,6,10
316,7,6,10
317,6,6,10
318,6,6,10
319,6,6,10
320,6,6,10
321,6,6,10
322,6,6,10
323,6,6,10
324,6,6,9
325,6,6,10
326,6,6,10
327,6,6,9
328,6,6,10
329,6,6,9
330,6,6,9
331,6,6,10
332,6,6,10
333,6,6,10
334,6,6,10
335,6,6,10
336,6,6,10
337,6,6,9
338,6,6,10
339,6,6,10
340,6,6,10
341,6,6,10
342,6,6,10
343,6,6,10
344,6,6,10
345,6,6,7
346,6,6,10
347,6,6,10
348,6,6,9
349,6,6,9
350,6,6,10
351,6,6,10
352,6,6,10
353,6,6,10
354,6,6,9
355,6,6,9
356,6,6,9
357,6,6,10
358,6,6,10
359,6,6,10
360,6,6,9
361,6,6,10
362,6,6,10
363,6,6,10
364,6,6,10
365,6,6,10
366,6,6,10
367,6,6,10
368,6,6,10
369,7,6,10
370,6,6,10
371,6,6,10
372,7,7,10
373,7,6,10
374,7,6,10
375,7,6,10
376,7,6,10
377,7,6,10
378,7,6,10
379,7,6,9
380,7,6,10
381,6,6,10
382,6,6,10
383,6,6,10
384,6,6,10
385,6,6,10
386,6,6,9
387,6,6,10
388,6,6,10
389,6,6,10
390,6,6,10
391,6,6,10
392,6,6,10
393,6,6,10
394,6,6,10
395,6,6,10
396,6,6,9
397,6,6,10
398,6,6,10
399,6,6,10
400,7,6,10
401,7,6,10
402,7,6,10
403,7,6,10
404,7,6,9
405,7,6,10
406,7,6,10
407,7,6,10
408,7,6,10
409,7,6,10
410,7,6,9
411,7,6,9
412,7,6,9
413,7,6,10
414,7,6,10
415,7,6,10
416,7,6,9
417,7,6,10
418,7,6,9
419,6,6,10
420,6,6,9
421,6,6,10
422,6,6,10
423,6,6,10
424,6,6,10
425,6,6,10
426,7,6,9
427,7,6,9
428,6,6,10
429,7,7,10
430,7,7,11
431,7,7,12
432,7,7,11
433,7,7,10
434,7,7,11
435,7,7,12
436,7,7,12
437,7,7,12
438,8,7,11
439,8,7,12
440,8,7,12
441,8,7,11
442,8,7,12
443,8,7,12
444,8,7,12
445,8,7,12
446,8,7,12
447,8,7,12
448,8,7,11
449,8,7,11
450,8,8,13
451,8,7,12
452,8,7,12
453,8,7,12
454,8,7,12
455,8,8,13
456,7,7,12
457,9,8,15
458,8,8,14
459,8,8,15
460,8,8,15
461,8,8,15
462,8,8,14
463,8,8,15
464,8,8,15
465,8,8,14
466,8,8,15
467,8,8,14
468,8,8,15
469,8,8,15
470,8,8,15
471,8,8,15
472,8,8,15
473,8,8,15
474,8,8,14
475,8,8,14
476,8,8,14
477,8,8,15
478,8,8,14
479,8,8,15
480,8,8,15
481,8,8,14
482,8,8,15
483,8,8,15
484,8,8,15
485,8,8,15
486,8,8,15
487,8,8,15
488,8,8,15
489,8,8,14
490,8,8,15
491,8,8,15
492,8,8,14
493,8,8,15
494,8,8,15
495,8,8,15
496,8,8,14
497,8,8,15
498,8,8,15
499,8,8,13
500,8,8,15
501,8,8,15
502,8,8,15
503,8,8,13
504,8,8,14
505,8,8,15
506,8,8,15
507,8,8,14
508,8,8,15
509,8,8,15
510,8,8,14
511,8,8,15
512,8,8,15
513,8,8,15
514,8,8,15
515,8,8,15
516,8,8,14
517,8,8,15
518,8,8,14
519,8,8,14
520,8,8,15
521,8,8,15
522,8,8,15
523,8,8,15
524,8,8,15
525,8,8,15
526,8,8,15
527,8,8,15
528,8,8,15
529,8,8,15
530,8,8,14
531,8,8,15
532,8,8,14
533,8,8,15
534,8,8,14
535,8,8,15
536,8,8,15
537,8,8,15
538,8,8,15
539,8,8,15
540,8,8,15
541,8,8,15
542,8,8,15
543,8,8,15
544,8,8,15
545,8,8,15
546,8,8,15
547,8,8,15
548,8,8,15
549,8,8,15
550,8,8,15
551,8,8,15
552,8,8,15
553,8,8,15
554,8,8,14
555,8,8,15
556,8,8,14
557,8,8,14
558,8,8,15
559,8,8,15
560,8,8,15
561,8,8,15
562,8,8,15
563,8,8,15
564,8,8,13
565,8,8,15
566,8,8,15
567,8,8,15
568,8,8,14
569,8,8,15
570,8,8,15
571,8,8,15
572,8,8,15
573,8,8,15
574,8,8,14
575,8,8,15
576,8,8,13
577,8,8,15
578,8,8,15
579,8,8,15
580,8,8,15
581,8,8,14
582,8,8,15
583,8,8,15
584,8,8,15
585,8,8,15
586,8,8,15
587,8,8,15
588,9,9,16
589,9,9,16
590,9,9,18
591,9,9,18
592,9,9,18
593,9,9,18
594,9,9,18
595,9,9,18
596,9,9,18
597,9,9,18
598,9,9,18
599,9,9,18
600,9,9,18
601,9,9,18
602,9,9,18
603,9,9,18
604,9,9,17
605,9,9,17
606,9,9,18
607,9,9,18
608,9,9,18
609,9,9,17
610,9,9,18
611,9,9,18
612,9,9,17
613,9,9,18
614,9,9,18
615,9,9,16
616,9,9,17
617,9,9,17
618,9,9,18
619,9,9,18
620,9,9,18
621,9,9,17
622,9,9,18
623,9,9,18
624,9,9,18
625,9,9,17
626,9,9,17
627,9,9,18
628,9,9,18
629,9,9,18
630,9,9,18
631,10,10,20
632,10,10,21
633,10,10,19
634,10,10,21
635,10,10,21
636,10,10,21
637,10,10,21
638,10,10,21
639,10,10,21
640,10,10,21
641,10,10,21
642,10,10,21
643,10,10,21
644,10,10,21
645,10,10,21
646,10,10,21
647,11,11,22
648,11,11,23
649,11,11,25
650,11,11,25
651,11,11,25
652,11,11,25
653,11,11,25
654,11,11,25
655,11,11,25
656,11,11,25
657,11,11,25
658,11,11,25
659,11,11,25
660,11,11,25
661,11,11,25
662,11,11,25
663,11,11,24
664,11,11,25
665,11,11,25
666,11,11,25
667,11,11,25
668,11,11,25
669,11,11,25
670,11,11,25
671,11,11,25
672,11,11,25
673,11,11,25
674,11,11,25
675,11,11,25
676,11,11,25
677,11,11,25
678,11,11,25
679,11,11,25
680,11,11,25
681,11,11,25
682,11,11,25
683,11,11,25
684,11,11,25
685,11,11,25
686,11,11,25
687,11,11,25
688,11,11,25
689,11,11,25
690,11,11,25
691,11,11,25
692,11,11,25
693,11,11,25
694,11,11,25
695,11,11,25
696,11,11,24
697,11,11,25
698,11,11,25
699,11,11,25
700,11,11,25
701,11,11,25
702,11,11,25
703,11,11,25
704,11,11,25
705,11,11,25
706,11,11,25
707,11,11,25
708,11,11,25
709,11,11,25
710,11,11,25
711,11,11,25
712,11,11,25
713,11,11,25
714,11,11,25
715,11,11,25
716,11,11,25
717,11,11,25
718,11,11,25
719,12,12,28
720,12,12,30
721,12,12,30
722,12,12,30
723,12,12,30
724,12,12,29
725,12,12,30
726,12,12,30
727,12,12,29
728,12,12,30
729,12,12,30
730,12,12,30
731,12,12,30
732,12,12,30
733,12,12,30
734,12,12,30
735,12,12,30
736,12,12,30
737,12,12,30
738,12,12,30
739,12,12,30
740,12,12,30
741,12,12,30
742,12,12,30
743,12,12,30
744,12,12,30
745,12,12,30
746,12,12,30
747,12,12,30
748,12,12,30
749,12,12,30
750,12,12,30
751,12,12,30
752,12,12,30
753,12,12,30
754,12,12,30
755,12,12,30
756,12,12,30
757,12,12,30
758,12,12,30
759,12,12,30
760,12,12,30
761,12,12,30
762,12,12,30
763,12,12,30
764,12,12,30
765,12,12,30
766,12,12,30
767,12,12,30
768,12,12,30
769,12,12,30
770,12,12,30
771,12,12,30
772,12,12,30
773,12,12,30
774,12,12,30
775,12,12,30
776,12,12,30
777,12,12,30
778,12,12,30
779,12,12,30
780,12,12,30
781,12,12,30
782,12,12,30
783,12,12,30
784,12,12,30
785,12,12,30
786,12,12,30
787,12,12,30
788,12,12,30
789,12,12,30
790,12,12,30
791,12,12,30
792,12,12,30
793,12,12,30
794,12,12,30
795,12,12,30
796,12,12,30
797,12,12,30
798,12,12,30
799,12,12,30
800,12,12,30
801,12,12,30
802,12,12,30
803,12,12,30
804,12,12,30
805,12,12,30
806,12,12,30
807,12,12,30
808,12,12,30
809,12,12,30
810,12,12,30
811,12,12,30
812,12,12,30
813,12,12,30
814,12,12,30
815,12,12,30
816,12,12,29
817,12,12,30
818,12,12,30
819,12,12,30
820,12,12,30
821,12,12,30
822,12,12,30
823,12,12,30
824,12,12,30
825,12,12,30
826,12,12,30
827,12,12,30
828,12,12,30
829,12,12,30
830,12,12,30
831,12,12,30
832,12,12,30
833,12,12,30
834,12,12,30
835,12,12,29
836,12,12,30
837,12,12,30
838,12,12,30
839,12,12,30
840,12,12,30
841,12,12,30
842,12,12,30
843,12,12,30
844,12,12,30
845,12,12,30
846,12,12,30
847,12,12,30
848,12,12,30
849,12,12,30
850,12,12,30
851,12,12,30
852,12,12,30
853,12,12,30
854,12,12,30
855,12,12,30
856,12,12,30
857,12,12,30
858,12,12,30
859,12,12,30
860,12,12,30
861,12,12,30
862,12,12,30
863,12,12,30
864,12,12,30
865,12,12,30
866,12,12,30
867,12,12,30
868,12,12,30
869,12,12,30
870,12,12,30
871,12,12,30
872,12,12,30
873,12,12,30
874,12,12,30
875,12,12,30
876,12,12,30
877,12,12,30
878,12,12,30
879,12,12,30
880,12,12,30
881,12,12,30
882,12,12,30
883,12,12,30
884,12,12,30
885,12,12,30
886,12,12,30
887,12,12,30
888,12,12,30
889,12,12,30
890,12,12,29
891,12,12,30
892,12,12,30
893,12,12,30
894,12,12,30
895,12,12,30
896,12,12,30
897,12,12,30
898,12,12,30
899,12,12,30
900,12,12,30
901,12,12,30
902,12,12,30
903,12,12,30
904,12,12,30
905,12,12,30
906,12,12,30
907,12,12,30
908,12,12,30
909,12,12,30
910,12,12,30
911,12,12,30
912,12,12,30
913,12,12,30
914,12,12,30
915,12,12,30
916,12,12,30
917,12,12,30
918,12,12,30
919,12,12,30
920,12,12,30
921,12,12,30
922,12,12,30
923,12,12,30
924,12,12,30
925,12,12,30
926,12,12,30
927,12,12,30
928,12,12,30
929,12,12,30
930,12,12,30
931,12,12,30
932,12,12,30
933,12,12,30
934,12,12,30
935,12,12,30
936,12,12,30
937,12,12,30
938,12,12,30
939,12,12,30
940,12,12,30
941,12,12,30
942,12,12,30
943,12,12,30
944,12,12,30
945,12,12,30
946,12,12,30
947,12,12,30
948,12,12,30
949,12,12,30
950,12,12,30
951,12,12,30
952,12,12,30
953,12,12,30
954,12,12,30
955,12,12,30
956,12,12,30
957,12,12,30
958,12,12,30
959,12,12,30
960,12,12,30
961,12,12,30
962,12,12,30
963,12,12,30
964,12,12,30
965,12,12,30
966,12,12,30
967,12,12,30
968,12,12,30
969,12,12,30
970,12,12,30
971,12,12,30
972,12,12,30
973,12,12,30
974,12,12,30
975,12,12,30
976,12,12,30
977,12,12,30
978,12,12,30
979,12,12,30
980,12,12,30
981,12,12,30
982,12,12,30
983,12,12,30
984,12,12,30
985,12,12,30
986,12,12,30
987,12,12,30
988,12,12,30
989,12,12,30
990,12,12,30
991,12,12,30
992,12,12,30
993,12,12,30
994,12,12,30
995,12,12,30
996,12,12,30
997,12,12,30
998,12,12,30
999,12,12,30
1000,12,12,30
1001,12,12,30
1002,12,12,30
1003,12,12,30
1004,12,12,30
1005,12,12,30
1006,12,12,30
1007,12,12,30
1008,12,12,30
1009,12,12,30
1010,12,12,30
1011,12,12,29
1012,12,12,30
1013,12,12,30
1014,12,12,30
1015,12,12,30
1016,12,12,30
1017,12,12,30
1018,12,12,30
1019,12,12,30
1020,12,12,30
1021,12,12,30
1022,12,12,30
1023,12,12,30
1024,12,12,30
1025,12,12,30
1026,12,12,30
1027,12,12,30
1028,12,12,30
1029,12,12,30
1030,12,12,30
1031,12,12,30
1032,12,12,30
1033,12,12,30
1034,12,12,30
1035,12,12,30
1036,12,12,30
1037,12,12,30
1038,12,12,30
1039,12,12,30
1040,12,12,30
1041,12,12,30
1042,12,12,30
1043,12,12,30
1044,12,12,30
1045,12,12,30
1046,12,12,30
1047,12,12,30
1048,12,12,30
1049,12,12,30
1050,12,12,30
1051,12,12,30
1052,12,12,30
1053,12,12,30
1054,12,12,30
1055,12,12,30
1056,12,12,30
1057,12,12,30
1058,12,12,30
1059,12,12,30
1060,12,12,30
1061,12,12,30
1062,12,12,30
1063,12,12,30
1064,12,12,30
1065,12,12,30
1066,12,12,30
1067,12,12,30
1068,12,12,30
1069,12,12,30
1070,12,12,30
1071,12,12,30
1072,12,12,30
1073,12,12,30
1074,12,12,30
1075,12,12,30
1076,12,12,30
1077,12,12,30
1078,12,12,30
1079,12,12,30
1080,12,12,30
1081,12,12,30
1082,12,12,30
1083,12,12,30
1084,12,12,30
1085,12,12,30
1086,12,12,30
1087,12,12,30
1088,12,12,30
1089,12,12,30
1090,12,12,30
1091,12,12,30
1092,12,12,30
1093,12,12,30
1094,12,12,30
1095,12,12,30
1096,12,12,30
1097,12,12,30
1098,12,12,30
1099,12,12,30
1100,12,12,30
1101,12,12,30
1102,12,12,30
1103,12,12,30
1104,12,12,30
1105,12,12,30
1106,12,12,30
1107,12,12,30
1108,12,12,30
1109,12,12,30
1110,12,12,30
1111,12,12,30
1112,12,12,30
1113,12,12,30
1114,12,12,30
1115,12,12,30
1116,12,12,30
1117,12,12,30
1118,12,12,30
1119,12,12,30
1120,12,12,30
1121,12,12,30
1122,12,12,30
1123,12,12,30
1124,12,12,30
1125,12,12,30
1126,12,12,30
1127,12,12,30
1128,12,12,30
1129,12,12,30
1130,12,12,30
1131,12,12,30
1132,12,12,30
1133,12,12,30
1134,12,12,30
1135,12,12,30
1136,12,12,30
1137,12,12,30
1138,12,12,30
1139,12,12,30
1140,12,12,30
1141,12,12,30
1142,12,12,30
1143,12,12,30
1144,12,12,30
1145,12,12,30
1146,12,12,30
1147,12,12,30
1148,12,12,30
1149,12,12,30
1150,12,12,30
1151,12,12,30
1152,12,12,30
1153,12,12,30
1154,12,12,30
1155,12,12,30
1156,12,12,30
1157,12,12,30
1158,12,12,30
1159,12,12,30
1160,12,12,30
1161,12,12,30
1162,12,12,30
1163,12,12,30
1164,12,12,30
1165,12,12,30
1166,12,12,29
1167,12,12,30
1168,12,12,30
1169,12,12,30
1170,12,12,30
1171,12,12,30
1172,12,12,30
1173,12,12,30
1174,12,12,30
1175,12,12,30
1176,12,12,30
1177,12,12,30
1178,12,12,30
1179,12,12,30
1180,12,12,30
1181,12,12,30
1182,12,12,30
1183,12,12,30
1184,12,12,30
1185,12,12,30
1186,12,12,30
1187,12,12,30
1188,12,12,30
1189,12,12,30
1190,12,12,30
1191,12,12,30
1192,12,12,30
1193,12,12,30
1194,12,12,30
1195,12,12,30
1196,12,12,30
1197,12,12,30
1198,12,12,30
1199,12,12,30
1200,12,12,30
1201,12,12,30
1202,12,12,30
1203,12,12,30
1204,12,12,30
1205,12,12,30
1206,12,12,30
1207,12,12,30
1208,12,12,30
1209,12,12,30
1210,12,12,30
1211,12,12,29
1212,12,12,30
1213,12,12,30
1214,12,12,30
1215,12,12,30
1216,12,12,30
1217,12,12,30
1218,12,12,30
1219,12,12,30
1220,12,12,30
1221,12,12,30
1222,12,12,30
1223,12,12,30
1224,12,12,30
1225,12,12,30
1226,12,12,30
1227,12,12,30
1228,12,12,30
1229,12,12,30
1230,12,12,30
1231,12,12,30
1232,12,12,30
1233,12,12,30
1234,12,12,30
1235,12,12,30
1236,12,12,30
1237,12,12,30
1238,12,12,30
1239,12,12,30
1240,12,12,30
1241,12,12,30
1242,12,12,30
1243,12,12,30
1244,12,12,30
1245,12,12,30
1246,12,12,30
1247,12,12,30
1248,12,12,30
1249,12,12,30
1250,12,12,30
1251,12,12,30
1252,12,12,30
1253,12,12,30
1254,12,12,30
1255,12,12,30
1256,12,12,30
1257,12,12,30
1258,12,12,30
1259,12,12,30
1260,12,12,30
1261,12,12,30
1262,12,12,30
1263,12,12,30
1264,12,12,30
1265,12,12,30
1266,12,12,30
1267,12,12,30
1268,12,12,30
1269,12,12,30
1270,12,12,30
1271,12,12,30
1272,12,12,30
1273,12,12,30
1274,12,12,30
1275,12,12,30
1276,12,12,30
1277,12,12,29
1278,12,12,30
1279,12,12,30
1280,12,12,30
1281,12,12,30
1282,12,12,30
1283,12,12,30
1284,12,12,30
1285,12,12,30
1286,12,12,30
1287,12,12,30
1288,12,12,30
1289,12,12,30
1290,12,12,30
1291,12,12,30
1292,12,12,30
1293,12,12,30
1294,12,12,30
1295,12,12,30
1296,12,12,30
1297,12,12,30
1298,12,12,30
1299,12,12,30
1300,12,12,30
1301,12,12,30
1302,12,12,30
1303,12,12,30
1304,12,12,30
1305,12,12,30
1306,12,12,30
1307,12,12,30
1308,12,12,30
1309,12,12,30
1310,12,12,30
1311,12,12,30
1312,12,12,30
1313,12,12,30
1314,12,12,30
1315,12,12,30
1316,12,12,30
1317,12,12,30
1318,12,12,30
1319,12,12,30
1320,12,12,30
1321,12,12,30
1322,12,12,30
1323,12,12,30
1324,12,12,30
1325,12,12,30
1326,12,12,30
1327,12,12,30
1328,12,12,30
1329,12,12,30
1330,12,12,30
1331,12,12,30
1332,12,12,30
1333,12,12,30
1334,12,12,30
1335,12,12,30
1336,12,12,30
1337,12,12,30
1338,12,12,30
1339,12,12,30
1340,12,12,30
1341,12,12,30
1342,12,12,30
1343,12,12,30
1344,12,12,30
1345,12,12,30
1346,12,12,30
1347,12,12,30
1348,12,12,30
1349,12,12,30
1350,12,12,30
1351,12,12,30
1352,12,12,30
1353,12,12,30
1354,12,12,30
1355,12,12,30
1356,12,12,30
1357,12,12,30
1358,12,12,30
1359,12,12,30
1360,12,12,30
1361,12,12,30
1362,12,12,30
1363,12,12,30
1364,12,12,30
1365,12,12,30
1366,12,12,30
1367,12,12,30
1368,12,12,30
1369,12,12,30
1370,12,12,30
1371,12,12,30
1372,12,12,30
1373,12,12,30
1374,12,12,30
1375,12,12,30
1376,12,12,30
1377,12,12,30
1378,12,12,30
1379,12,12,30
1380,12,12,30
1381,12,12,30
1382,12,12,30
1383,12,12,30
1384,12,12,30
1385,12,12,30
1386,12,12,30
1387,12,12,30
1388,12,12,30
1389,12,12,30
1390,12,12,30
1391,12,12,30
1392,12,12,30
1393,12,12,30
1394,12,12,30
1395,12,12,30
1396,12,12,30
1397,12,12,30
1398,12,12,30
1399,12,12,29
1400,12,12,30
1401,12,12,30
1402,12,12,30
1403,12,12,30
1404,12,12,30
1405,12,12,30
1406,12,12,30
1407,12,12,30
1408,12,12,30
1409,12,12,30
1410,12,12,30
1411,12,12,30
1412,12,12,30
1413,12,12,30
1414,12,12,30
1415,12,12,30
1416,12,12,30
1417,12,12,30
1418,12,12,30
1419,12,12,30
1420,12,12,30
1421,12,12,30
1422,12,12,30
1423,12,12,30
1424,12,12,30
1425,12,12,30
1426,12,12,30
1427,12,12,30
1428,12,12,30
1429,12,12,30
1430,12,12,30
1431,12,12,30
1432,12,12,30
1433,12,12,30
1434,12,12,30
1435,12,12,30
1436,12,12,30
1437,12,12,30
1438,12,12,30
1439,12,12,30
1440,12,12,30
1441,12,12,30
1442,12,12,30
1443,12,12,30
1444,12,12,30
1445,12,12,30
1446,12,12,30
1447,12,12,30
1448,12,12,30
1449,12,12,30
1450,12,12,30
1451,12,12,30
1452,12,12,30
1453,12,12,30
1454,12,12,30
1455,12,12,30
1456,12,12,30
1457,12,12,30
1458,12,12,30
1459,12,12,30
1460,12,12,30
1461,12,12,30
1462,12,12,30
1463,12,12,30
1464,12,12,30
1465,12,12,30
1466,12,12,30
1467,12,12,30
1468,12,12,30
1469,12,12,30
1470,12,12,30
1471,12,12,30
1472,12,12,30
1473,12,12,30
1474,12,12,30
1475,12,12,30
1476,12,12,30
1477,12,12,30
1478,12,12,30
1479,12,12,30
1480,12,12,30
1481,12,12,30
1482,12,12,30
1483,12,12,30
1484,12,12,30
1485,12,12,30
1486,12,12,30
1487,12,12,30
1488,12,12,30
1489,12,12,30
1490,12,12,30
1491,12,12,30
1492,12,12,30
1493,12,12,30
1494,12,12,30
1495,12,12,30
1496,12,12,30
1497,12,12,30
1498,12,12,30
1499,12,12,30
1500,12,12,30
1501,12,12,30
1502,12,12,30
1503,12,12,30
1504,12,12,30
1505,12,12,30
1506,12,12,30
1507,12,12,30
1508,12,12,30
1509,12,12,30
1510,12,12,30
1511,12,12,30
1512,12,12,30
1513,12,12,30
1514,12,12,30
1515,12,12,30
1516,12,12,30
1517,12,12,30
1518,12,12,30
1519,12,12,30
1520,12,12,30
1521,12,12,30
1522,12,12,30
1523,12,12,30
1524,12,12,30
1525,12,12,30
1526,12,12,30
1527,12,12,30
1528,12,12,30
1529,12,12,30
1530,12,12,30
1531,12,12,30
1532,12,12,30
1533,12,12,30
1534,12,12,30
1535,12,12,30
1536,12,12,30
1537,12,12,30
1538,12,12,30
1539,12,12,30
1540,12,12,30
1541,12,12,30
1542,12,12,30
1543,12,12,30
1544,12,12,30
1545,12,12,30
1546,12,12,30
1547,12,12,30
1548,12,12,29
1549,12,12,30
1550,12,12,30
1551,12,12,30
1552,12,12,30
1553,12,12,30
1554,12,12,30
1555,12,12,30
1556,12,12,30
1557,12,12,30
1558,12,12,30
1559,12,12,30
1560,12,12,30
1561,12,12,30
1562,12,12,30
1563,12,12,30
1564,12,12,30
1565,12,12,30
1566,12,12,30
1567,12,12,30
1568,12,12,30
1569,12,12,30
1570,12,12,30
1571,12,12,30
1572,12,12,30
1573,12,12,30
1574,12,12,30
1575,12,12,30
1576,12,12,30
1577,12,12,30
1578,12,12,30
1579,12,12,30
1580,12,12,30
1581,12,12,30
1582,12,12,30
1583,12,12,30
1584,12,12,30
1585,12,12,30
1586,12,12,30
1587,12,12,30
1588,12,12,30
1589,12,12,30
1590,12,12,30
1591,12,12,30
1592,12,12,30
1593,12,12,30
1594,12,12,30
1595,12,12,28
1596,12,12,30
1597,12,12,30
1598,12,12,30
1599,12,12,30
1600,12,12,30
1601,12,12,30
1602,12,12,30
1603,12,12,30
1604,12,12,30
1605,12,12,30
1606,12,12,30
1607,12,12,30
1608,12,12,30
1609,12,12,30
1610,12,12,30
1611,12,12,30
1612,12,12,30
1613,12,12,30
1614,12,12,30
1615,12,12,30
1616,12,12,30
1617,12,12,30
1618,12,12,30
1619,12,12,30
1620,12,12,30
1621,12,12,30
1622,12,12,30
1623,12,12,30
1624,12,12,30
1625,12,12,30
1626,12,12,30
1627,12,12,30
1628,12,12,30
1629,12,12,30
1630,12,12,30
1631,12,12,30
1632,12,12,30
1633,12,12,30
1634,12,12,30
1635,12,12,30
1636,12,12,30
1637,12,12,30
1638,12,12,30
1639,12,12,30
1640,12,12,30
1641,12,12,30
1642,12,12,30
1643,12,12,30
1644,12,12,30
1645,12,12,30
1646,12,12,30
1647,12,12,30
1648,12,12,30
1649,12,12,30
1650,12,12,30
1651,12,12,30
1652,12,12,30
1653,12,12,30
1654,12,12,30
1655,12,12,30
1656,12,12,30
1657,12,12,30
1658,12,12,30
1659,12,12,30
1660,12,12,30
1661,12,12,30
1662,12,12,30
1663,12,12,30
1664,12,12,30
1665,12,12,30
1666,12,12,30
1667,12,12,30
1668,12,12,30
1669,12,12,30
1670,12,12,30
1671,12,12,30
1672,12,12,30
1673,12,12,30
1674,12,12,30
1675,12,12,30
1676,12,12,30
1677,12,12,30
1678,12,12,30
1679,12,12,30
1680,12,12,30
1681,12,12,30
1682,12,12,30
1683,12,12,30
1684,12,12,30
1685,12,12,30
1686,12,12,30
1687,12,12,30
1688,12,12,30
1689,12,12,30
1690,12,12,30
1691,12,12,30
1692,12,12,30
1693,12,12,30
1694,12,12,30
1695,12,12,30
1696,12,12,30
1697,12,12,30
1698,12,12,30
1699,12,12,30
1700,12,12,30
1701,12,12,30
1702,12,12,30
1703,12,12,30
1704,12,12,30
1705,12,12,30
1706,12,12,30
1707,12,12,30
1708,12,12,30
1709,12,12,30
1710,12,12,30
1711,12,12,30
1712,12,12,30
1713,12,12,30
1714,12,12,29
1715,12,12,30
1716,12,12,29
1717,12,12,30
1718,12,12,30
1719,12,12,30
1720,12,12,30
1721,12,12,30
1722,12,12,30
1723,12,12,30
1724,12,12,30
1725,12,12,30
1726,12,12,30
1727,12,12,30
1728,12,12,30
1729,12,12,30
1730,12,12,30
1731,12,12,30
1732,12,12,30
1733,12,12,30
1734,12,12,30
1735,12,12,30
1736,12,12,30
1737,12,12,30
1738,12,12,30
1739,12,12,30
1740,12,12,30
1741,12,12,30
1742,12,12,30
1743,12,12,30
1744,12,12,30
1745,12,12,30
1746,12,12,30
1747,12,12,30
1748,12,12,30
1749,12,12,30
1750,12,12,30
1751,12,12,30
1752,12,12,30
1753,12,12,30
1754,12,12,30
1755,12,12,30
1756,12,12,30
1757,12,12,30
1758,12,12,30
1759,12,12,30
1760,12,12,30
1761,12,12,30
1762,12,12,30
1763,12,12,30
1764,12,12,30
1765,12,12,30
1766,12,12,30
1767,12,12,30
1768,12,12,30
1769,12,12,30
1770,12,12,30
1771,12,12,30
1772,12,12,30
1773,12,12,30
1774,12,12,30
1775,12,12,30
1776,12,12,30
1777,12,12,30
1778,12,12,30
1779,12,12,30
1780,12,12,30
1781,12,12,30
1782,12,12,30
1783,12,12,30
1784,12,12,30
1785,12,12,29
1786,12,12,30
1787,12,12,30
1788,12,12,30
1789,12,12,30
1790,12,12,30
1791,12,12,30
1792,12,12,30
1793,12,12,30
1794,12,12,30
1795,12,12,30
1796,12,12,30
1797,12,12,30
1798,12,12,30
1799,12,12,30
1800,12,12,30
1801,12,12,30
1802,12,12,30
1803,12,12,30
1804,12,12,30
1805,12,12,30
1806,12,12,30
1807,12,12,30
1808,12,12,30
1809,12,12,30
1810,12,12,30
1811,12,12,30
1812,12,12,30
1813,12,12,30
1814,12,12,30
1815,12,12,30
1816,12,12,30
1817,12,12,30
1818,12,12,30
1819,12,12,30
1820,12,12,30
1821,12,12,30
1822,12,12,30
1823,12,12,30
1824,12,12,30
1825,12,12,30
1826,12,12,30
1827,12,12,30
1828,12,12,30
1829,12,12,30
1830,12,12,30
1831,12,12,30
1832,12,12,30
1833,12,12,30
1834,12,12,30
1835,12,12,30
1836,12,12,30
1837,12,12,30
1838,12,12,30
1839,12,12,30
1840,12,12,30
1841,12,12,30
1842,12,12,30
1843,12,12,30
1844,12,12,30
1845,12,12,30
1846,12,12,30
1847,12,12,30
1848,12,12,30
1849,12,12,30
1850,12,12,30
1851,12,12,30
1852,12,12,30
1853,12,12,30
1854,12,12,30
1855,12,12,30
1856,12,12,30
1857,12,12,30
1858,12,12,30
1859,12,12,30
1860,12,12,30
1861,12,12,30
1862,12,12,30
1863,12,12,30
1864,12,12,30
1865,12,12,30
1866,12,12,30
1867,12,12,30
1868,12,12,30
1869,12,12,30
1870,12,12,30
1871,12,12,30
1872,12,12,30
1873,12,12,30
1874,12,12,30
1875,12,12,30
1876,12,12,30
1877,12,12,30
1878,12,12,30
1879,12,12,30
1880,12,12,30
1881,12,12,30
1882,12,12,30
1883,12,12,30
1884,12,12,30
1885,12,12,30
1886,12,12,30
1887,12,12,30
1888,12,12,30
1889,12,12,30
1890,12,12,30
1891,12,12,30
1892,12,12,30
1893,12,12,30
1894,12,12,30
1895,12,12,30
1896,12,12,30
1897,12,12,30
1898,12,12,30
1899,12,12,30
1900,12,12,30
1901,12,12,30
1902,12,12,30
1903,12,12,30
1904,12,12,30
1905,12,12,30
1906,12,12,30
1907,12,12,30
1908,12,12,30
1909,12,12,30
1910,12,12,30
1911,12,12,30
1912,12,12,30
1913,12,12,30
1914,12,12,30
1915,12,12,30
1916,12,12,30
1917,12,12,30
1918,12,12,30
1919,12,12,30
1920,12,12,30
1921,12,12,30
1922,12,12,30
1923,12,12,30
1924,12,12,30
1925,12,12,30
1926,12,12,30
1927,12,12,30
1928,12,12,30
1929,12,12,30
1930,12,12,30
1931,12,12,30
1932,12,12,30
1933,12,12,30
1934,12,12,30
1935,12,12,30
1936,12,12,30
1937,12,12,30
1938,12,12,30
1939,12,12,30
1940,12,12,30
1941,12,12,30
1942,12,12,30
1943,12,12,30
1944,12,12,30
1945,12,12,30
1946,12,12,30
1947,12,12,30
1948,12,12,30
1949,12,12,30
1950,12,12,30
1951,12,12,30
1952,12,12,30
1953,12,12,30
1954,12,12,30
1955,12,12,30
1956,12,12,30
1957,12,12,30
1958,12,12,30
1959,12,12,30
1960,12,12,30
1961,12,12,30
1962,12,12,30
1963,12,12,30
1964,12,12,30
1965,12,12,30
1966,12,12,30
1967,12,12,30
1968,12,12,30
1969,12,12,30
1970,12,12,30
1971,12,12,30
1972,12,12,30
1973,12,12,30
1974,12,12,30
1975,12,12,30
1976,12,12,30
1977,12,12,30
1978,12,12,30
1979,12,12,30
1980,12,12,30
1981,12,12,30
1982,12,12,30
1983,12,12,30
1984,12,12,30
1985,12,12,30
1986,12,12,30
1987,12,12,30
1988,12,12,30
1989,12,12,30
1990,12,12,30
1991,12,12,30
1992,12,12,30
1993,12,12,30
1994,12,12,30
1995,12,12,30
1996,12,12,30
1997,12,12,30
1998,12,12,30
1999,12,12,30
