0,0,0,0
1,1,0,0
2,1,0,0
3,1,0,0
4,0,0,0
5,0,0,0
6,1,0,0
7,0,0,0
8,1,0,0
9,0,0,0
10,0,0,0
11,0,0,0
12,0,0,0
13,1,0,0
14,1,0,0
15,1,0,0
16,1,0,0
17,1,0,0
18,2,0,0
19,2,0,0
20,3,0,0
21,2,0,0
22,2,0,0
23,3,0,0
24,2,0,0
25,2,0,0
26,2,0,0
27,2,0,0
28,2,0,0
29,2,0,0
30,2,0,0
31,2,0,0
32,2,0,0
33,2,0,0
34,2,0,0
35,2,0,0
36,2,0,0
37,2,0,0
38,2,2,1
39,2,0,0
40,2,0,0
41,2,0,0
42,2,0,0
43,2,0,0
44,3,0,0
45,3,0,0
46,4,2,1
47,4,0,0
48,2,0,0
49,1,0,0
50,2,0,0
51,2,0,0
52,3,0,0
53,2,0,0
54,2,0,0
55,2,0,0
56,2,0,0
57,2,0,0
58,2,0,0
59,3,0,0
60,2,0,0
61,1,0,0
62,1,0,0
63,1,0,0
64,1,0,0
65,1,0,0
66,1,0,0
67,1,0,0
68,1,0,0
69,1,0,0
70,1,0,0
71,1,0,0
72,1,0,0
73,1,0,0
74,1,0,0
75,2,0,0
76,2,0,0
77,2,0,0
78,2,0,0
79,3,0,0
80,3,0,0
81,3,0,0
82,3,2,1
83,3,0,0
84,4,0,0
85,3,0,0
86,3,0,0
87,3,0,0
88,2,0,0
89,3,0,0
90,3,0,0
91,3,0,0
92,3,0,0
93,3,0,0
94,3,0,0
95,2,0,0
96,2,0,0
97,2,0,0
98,2,0,0
99,2,0,0
100,2,0,0
101,2,0,0
102,2,0,0
103,2,0,0
104,2,0,0
105,2,0,0
106,2,0,0
107,2,0,0
108,2,0,0
109,2,0,0
110,2,0,0
111,2,0,0
112,2,0,0
113,1,0,0
114,1,0,0
115,1,0,0
116,2,0,0
117,2,0,0
118,2,0,0
119,2,2,1
120,2,2,1
121,2,0,0
122,2,0,0
123,2,0,0
124,2,0,0
125,3,0,0
126,3,0,0
127,2,0,0
128,3,0,0
129,3,0,0
130,2,0,0
131,3,0,0
132,2,0,0
133,3,0,0
134,2,0,0
135,2,0,0
136,3,0,0
137,3,0,0
138,3,0,0
139,3,0,0
140,3,0,0
141,3,0,0
142,3,0,0
143,3,2,1
144,4,0,0
145,3,0,0
146,3,0,0
147,2,0,0
148,2,0,0
149,2,0,0
150,3,0,0
151,3,0,0
152,3,0,0
153,3,0,0
154,3,0,0
155,3,0,0
156,5,0,0
157,4,0,0
158,4,0,0
159,3,0,0
160,3,0,0
161,2,0,0
162,2,0,0
163,2,0,0
164,2,0,0
165,2,0,0
166,2,0,0
167,2,0,0
168,2,0,0
169,2,2,1
170,2,0,0
171,2,0,0
172,2,0,0
173,2,0,0
174,2,0,0
175,2,0,0
176,2,0,0
177,2,0,0
178,3,0,0
179,2,0,0
180,2,0,0
181,2,0,0
182,2,0,0
183,2,0,0
184,2,0,0
185,2,0,0
186,2,0,0
187,2,0,0
188,2,0,0
189,2,0,0
190,2,2,1
191,2,2,1
192,2,0,0
193,2,0,0
194,2,0,0
195,2,0,0
196,2,0,0
197,2,0,0
198,2,0,0
199,2,0,0
200,2,0,0
201,2,0,0
202,2,0,0
203,2,0,0
204,2,0,0
205,2,0,0
206,2,2,1
207,2,2,1
208,2,0,0
209,2,0,0
210,2,0,0
211,2,0,0
212,2,0,0
213,2,0,0
214,2,0,0
215,2,0,0
216,2,0,0
217,2,0,0
218,2,0,0
219,3,0,0
220,2,0,0
221,3,0,0
222,4,2,1
223,2,0,0
224,2,0,0
225,2,0,0
226,3,0,0
227,3,0,0
228,3,0,0
229,2,0,0
230,2,0,0
231,3,0,0
232,3,0,0
233,3,0,0
234,2,0,0
235,3,0,0
236,3,0,0
237,3,0,0
238,3,0,0
239,3,0,0
240,4,0,0
241,3,0,0
242,3,0,0
243,3,2,1
244,3,2,1
245,2,2,1
246,2,0,0
247,4,0,0
248,4,0,0
249,3,0,0
250,3,0,0
251,3,0,0
252,3,0,0
253,4,3,2
254,4,0,0
255,4,2,1
256,4,2,1
257,4,0,0
258,4,0,0
259,4,0,0
260,3,0,0
261,3,0,0
262,3,2,1
263,3,3,3
264,3,3,2
265,3,2,1
266,3,0,0
267,3,0,0
268,3,2,1
269,3,0,0
270,3,0,0
271,3,0,0
272,3,0,0
273,3,0,0
274,3,0,0
275,2,0,0
276,2,0,0
277,2,0,0
278,2,0,0
279,2,0,0
280,2,0,0
281,2,0,0
282,2,0,0
283,3,0,0
284,2,0,0
285,2,0,0
286,2,0,0
287,2,0,0
288,2,0,0
289,1,0,0
290,1,0,0
291,1,0,0
292,1,0,0
293,1,0,0
294,1,0,0
295,1,0,0
296,1,0,0
297,1,0,0
298,1,0,0
299,2,0,0
300,2,0,0
301,2,0,0
302,1,0,0
303,1,0,0
304,2,0,0
305,1,0,0
306,1,0,0
307,2,0,0
308,1,0,0
309,1,0,0
310,1,0,0
311,1,0,0
312,1,0,0
313,1,0,0
314,1,0,0
315,1,0,0
316,0,0,0
317,0,0,0
318,1,0,0
319,1,0,0
320,1,0,0
321,1,0,0
322,1,0,0
323,1,0,0
324,1,0,0
325,1,0,0
326,1,0,0
327,1,0,0
328,1,0,0
329,1,0,0
330,2,0,0
331,2,0,0
332,2,0,0
333,2,0,0
334,2,0,0
335,2,0,0
336,2,0,0
337,1,0,0
338,1,0,0
339,1,0,0
340,1,0,0
341,1,0,0
342,2,0,0
343,2,0,0
344,2,0,0
345,2,0,0
346,2,0,0
347,2,0,0
348,2,0,0
349,2,0,0
350,2,0,0
351,2,0,0
352,2,0,0
353,2,0,0
354,2,0,0
355,2,0,0
356,2,0,0
357,1,0,0
358,1,0,0
359,1,0,0
360,2,0,0
361,2,0,0
362,2,0,0
363,2,0,0
364,2,0,0
365,2,0,0
366,2,0,0
367,2,0,0
368,2,0,0
369,3,0,0
370,3,0,0
371,4,2,1
372,5,0,0
373,4,0,0
374,3,0,0
375,4,0,0
376,4,0,0
377,4,2,1
378,3,0,0
379,2,0,0
380,2,0,0
381,2,0,0
382,2,0,0
383,2,0,0
384,2,0,0
385,2,0,0
386,2,0,0
387,2,0,0
388,2,0,0
389,1,0,0
390,1,0,0
391,1,0,0
392,1,0,0
393,2,2,1
394,2,0,0
395,2,0,0
396,2,0,0
397,2,0,0
398,2,0,0
399,2,0,0
400,2,0,0
401,3,0,0
402,2,0,0
403,2,0,0
404,2,0,0
405,2,0,0
406,2,0,0
407,2,0,0
408,2,0,0
409,1,0,0
410,1,0,0
411,1,0,0
412,1,0,0
413,1,0,0
414,2,0,0
415,2,0,0
416,2,0,0
417,2,0,0
418,1,0,0
419,1,0,0
420,1,0,0
421,2,0,0
422,2,0,0
423,2,0,0
424,2,0,0
425,2,0,0
426,1,0,0
427,2,0,0
428,2,0,0
429,2,0,0
430,2,0,0
431,1,0,0
432,1,0,0
433,1,0,0
434,1,0,0
435,1,0,0
436,1,0,0
437,1,0,0
438,0,0,0
439,1,0,0
440,2,0,0
441,2,0,0
442,2,0,0
443,2,0,0
444,2,0,0
445,2,2,1
446,2,0,0
447,2,0,0
448,2,0,0
449,2,0,0
450,2,0,0
451,2,0,0
452,2,0,0
453,1,0,0
454,1,0,0
455,0,0,0
456,0,0,0
457,0,0,0
458,0,0,0
459,2,0,0
460,1,0,0
461,3,0,0
462,3,0,0
463,3,0,0
464,3,0,0
465,3,2,1
466,3,0,0
467,2,0,0
468,2,0,0
469,1,0,0
470,3,0,0
471,2,0,0
472,2,0,0
473,2,0,0
474,2,0,0
475,3,0,0
476,3,0,0
477,3,0,0
478,3,0,0
479,3,0,0
480,2,0,0
481,2,0,0
482,1,0,0
483,0,0,0
484,0,0,0
485,0,0,0
486,0,0,0
487,1,0,0
488,1,0,0
489,2,0,0
490,2,0,0
491,1,0,0
492,1,0,0
493,1,0,0
494,1,0,0
495,1,0,0
496,1,0,0
497,1,0,0
498,1,0,0
499,1,0,0
500,1,0,0
501,2,0,0
502,2,0,0
503,2,0,0
504,2,0,0
505,2,0,0
506,2,0,0
507,2,0,0
508,2,2,1
509,2,0,0
510,2,0,0
511,2,0,0
512,2,0,0
513,1,0,0
514,1,0,0
515,2,0,0
516,1,0,0
517,1,0,0
518,1,0,0
519,2,0,0
520,2,0,0
521,3,0,0
522,3,0,0
523,3,0,0
524,3,0,0
525,3,0,0
526,3,0,0
527,2,0,0
528,3,0,0
529,3,0,0
530,3,0,0
531,2,0,0
532,2,0,0
533,3,0,0
534,3,0,0
535,3,0,0
536,3,0,0
537,3,0,0
538,4,0,0
539,3,0,0
540,3,0,0
541,2,0,0
542,2,0,0
543,2,0,0
544,3,2,1
545,2,0,0
546,2,0,0
547,1,0,0
548,1,0,0
549,1,0,0
550,2,0,0
551,1,0,0
552,2,0,0
553,3,0,0
554,3,0,0
555,2,0,0
556,2,0,0
557,2,0,0
558,3,0,0
559,3,0,0
560,3,0,0
561,3,0,0
562,2,0,0
563,2,0,0
564,2,0,0
565,2,0,0
566,1,0,0
567,2,0,0
568,1,0,0
569,1,0,0
570,0,0,0
571,1,0,0
572,1,0,0
573,2,0,0
574,2,0,0
575,3,0,0
576,2,0,0
577,3,0,0
578,3,0,0
579,2,0,0
580,3,0,0
581,3,0,0
582,3,0,0
583,3,0,0
584,3,0,0
585,3,0,0
586,3,0,0
587,2,0,0
588,2,2,1
589,2,0,0
590,3,0,0
591,3,0,0
592,2,0,0
593,2,0,0
594,2,0,0
595,2,0,0
596,2,0,0
597,2,0,0
598,2,0,0
599,2,0,0
600,2,0,0
601,2,0,0
602,2,0,0
603,2,0,0
604,2,0,0
605,2,2,1
606,2,0,0
607,2,0,0
608,1,0,0
609,1,0,0
610,1,0,0
611,1,0,0
612,1,0,0
613,1,0,0
614,1,0,0
615,2,0,0
616,2,0,0
617,1,0,0
618,3,0,0
619,3,0,0
620,3,0,0
621,3,0,0
622,2,0,0
623,2,0,0
624,3,0,0
625,3,0,0
626,3,0,0
627,3,0,0
628,1,0,0
629,2,0,0
630,1,0,0
631,2,0,0
632,1,0,0
633,2,0,0
634,2,0,0
635,2,0,0
636,2,0,0
637,2,0,0
638,1,0,0
639,1,0,0
640,2,0,0
641,1,0,0
642,1,0,0
643,1,0,0
644,1,0,0
645,2,0,0
646,2,0,0
647,2,0,0
648,2,0,0
649,2,0,0
650,2,0,0
651,2,0,0
652,2,0,0
653,2,0,0
654,2,0,0
655,2,0,0
656,2,0,0
657,2,0,0
658,2,2,1
659,1,0,0
660,1,0,0
661,2,0,0
662,2,0,0
663,3,0,0
664,2,0,0
665,2,0,0
666,2,0,0
667,3,0,0
668,3,0,0
669,3,2,1
670,3,3,2
671,3,3,2
672,3,3,2
673,4,2,1
674,4,3,2
675,4,2,1
676,4,3,3
677,4,3,2
678,3,3,2
679,4,3,2
680,3,3,2
681,3,3,3
682,3,3,3
683,3,3,2
684,3,3,3
685,3,3,2
686,3,3,3
687,4,3,3
688,4,3,2
689,3,3,3
690,3,3,2
691,3,3,2
692,3,3,3
693,3,3,3
694,3,3,2
695,4,3,3
696,4,3,2
697,4,3,3
698,4,3,3
699,4,3,3
700,4,2,1
701,4,3,3
702,4,0,0
703,4,2,1
704,3,3,2
705,3,2,1
706,3,0,0
707,3,0,0
708,3,0,0
709,2,0,0
710,2,0,0
711,2,0,0
712,2,0,0
713,2,0,0
714,2,0,0
715,2,0,0
716,2,0,0
717,2,0,0
718,2,0,0
719,2,0,0
720,2,0,0
721,3,0,0
722,3,0,0
723,3,0,0
724,2,0,0
725,2,0,0
726,2,0,0
727,2,0,0
728,2,0,0
729,2,0,0
730,2,0,0
731,3,0,0
732,2,0,0
733,2,0,0
734,2,0,0
735,2,0,0
736,1,0,0
737,2,0,0
738,2,0,0
739,3,0,0
740,2,0,0
741,3,0,0
742,2,0,0
743,2,0,0
744,2,0,0
745,3,0,0
746,3,0,0
747,3,0,0
748,2,0,0
749,2,0,0
750,2,0,0
751,2,0,0
752,2,0,0
753,2,0,0
754,2,0,0
755,2,0,0
756,2,0,0
757,1,0,0
758,2,0,0
759,2,0,0
760,2,0,0
761,2,0,0
762,2,0,0
763,2,0,0
764,2,0,0
765,2,0,0
766,2,0,0
767,2,0,0
768,2,0,0
769,2,0,0
770,3,0,0
771,2,0,0
772,2,0,0
773,3,0,0
774,3,0,0
775,3,0,0
776,3,0,0
777,3,0,0
778,3,0,0
779,3,2,1
780,3,0,0
781,3,0,0
782,3,0,0
783,2,0,0
784,3,0,0
785,3,0,0
786,3,0,0
787,3,0,0
788,2,0,0
789,2,0,0
790,3,0,0
791,3,0,0
792,3,0,0
793,3,0,0
794,3,0,0
795,3,0,0
796,3,0,0
797,3,0,0
798,3,0,0
799,2,0,0
800,4,0,0
801,5,0,0
802,2,0,0
803,2,0,0
804,2,0,0
805,2,0,0
806,2,0,0
807,2,0,0
808,2,2,1
809,2,0,0
810,2,0,0
811,2,0,0
812,2,0,0
813,3,0,0
814,3,0,0
815,4,0,0
816,4,0,0
817,4,0,0
818,2,0,0
819,2,0,0
820,2,0,0
821,2,0,0
822,2,0,0
823,2,0,0
824,2,0,0
825,2,0,0
826,2,0,0
827,2,0,0
828,2,0,0
829,2,0,0
830,2,0,0
831,2,0,0
832,2,0,0
833,2,0,0
834,3,0,0
835,3,0,0
836,3,0,0
837,3,0,0
838,3,0,0
839,3,0,0
840,3,0,0
841,3,0,0
842,3,0,0
843,3,0,0
844,3,0,0
845,3,0,0
846,3,0,0
847,4,0,0
848,4,0,0
849,4,0,0
850,4,0,0
851,4,0,0
852,4,0,0
853,4,0,0
854,4,0,0
855,4,0,0
856,3,0,0
857,3,0,0
858,3,0,0
859,3,0,0
860,3,0,0
861,3,0,0
862,3,0,0
863,3,2,1
864,3,2,1
865,3,0,0
866,3,2,1
867,2,0,0
868,2,0,0
869,2,0,0
870,2,0,0
871,2,0,0
872,2,0,0
873,1,0,0
874,2,0,0
875,1,0,0
876,1,0,0
877,1,0,0
878,1,0,0
879,2,0,0
880,2,0,0
881,2,0,0
882,2,0,0
883,2,0,0
884,2,0,0
885,2,0,0
886,3,0,0
887,2,0,0
888,2,0,0
889,2,0,0
890,2,0,0
891,3,0,0
892,2,0,0
893,2,0,0
894,2,0,0
895,2,0,0
896,2,0,0
897,2,0,0
898,2,0,0
899,2,0,0
900,2,0,0
901,2,0,0
902,2,0,0
903,2,0,0
904,2,0,0
905,2,0,0
906,2,0,0
907,2,0,0
908,2,0,0
909,2,0,0
910,2,0,0
911,2,0,0
912,2,0,0
913,2,0,0
914,2,0,0
915,3,0,0
916,2,0,0
917,2,0,0
918,2,2,1
919,3,0,0
920,2,0,0
921,2,0,0
922,2,0,0
923,2,0,0
924,3,0,0
925,4,0,0
926,3,0,0
927,3,0,0
928,3,0,0
929,3,0,0
930,3,0,0
931,3,0,0
932,3,2,1
933,3,0,0
934,3,2,1
935,3,2,1
936,3,0,0
937,3,0,0
938,2,0,0
939,2,0,0
940,2,0,0
941,2,0,0
942,2,0,0
943,2,0,0
944,2,0,0
945,2,0,0
946,2,0,0
947,3,0,0
948,3,0,0
949,3,0,0
950,3,0,0
951,3,0,0
952,2,0,0
953,3,0,0
954,3,0,0
955,3,0,0
956,3,2,1
957,3,2,1
958,3,0,0
959,2,0,0
960,2,0,0
961,3,0,0
962,4,3,2
963,4,2,1
964,3,0,0
965,2,0,0
966,2,0,0
967,2,0,0
968,2,0,0
969,2,0,0
970,2,0,0
971,2,0,0
972,3,0,0
973,2,0,0
974,2,0,0
975,2,0,0
976,2,0,0
977,1,0,0
978,2,0,0
979,1,0,0
980,1,0,0
981,1,0,0
982,1,0,0
983,1,0,0
984,1,0,0
985,1,0,0
986,1,0,0
987,1,0,0
988,1,0,0
989,1,0,0
990,2,0,0
991,2,0,0
992,2,0,0
993,2,0,0
994,2,0,0
995,2,0,0
996,2,0,0
997,1,0,0
998,2,0,0
999,2,0,0
1000,2,0,0
1001,2,0,0
1002,1,0,0
1003,2,0,0
1004,2,0,0
1005,2,0,0
1006,2,0,0
1007,2,0,0
1008,2,0,0
1009,2,0,0
1010,2,0,0
1011,1,0,0
1012,2,0,0
1013,2,0,0
1014,1,0,0
1015,2,0,0
1016,2,0,0
1017,1,0,0
1018,1,0,0
1019,1,0,0
1020,1,0,0
1021,2,0,0
1022,2,0,0
1023,2,0,0
1024,2,0,0
1025,2,0,0
1026,1,0,0
1027,1,0,0
1028,1,0,0
1029,1,0,0
1030,1,0,0
1031,1,0,0
1032,1,0,0
1033,2,0,0
1034,3,0,0
1035,2,0,0
1036,2,2,1
1037,2,2,1
1038,2,2,1
1039,2,2,1
1040,3,2,1
1041,2,2,1
1042,2,2,1
1043,2,2,1
1044,2,2,1
1045,2,0,0
1046,2,0,0
1047,3,0,0
1048,3,0,0
1049,3,0,0
1050,3,0,0
1051,2,0,0
1052,2,0,0
1053,2,0,0
1054,2,0,0
1055,2,2,1
1056,2,2,1
1057,2,0,0
1058,2,0,0
1059,2,0,0
1060,2,0,0
1061,2,0,0
1062,2,0,0
1063,2,0,0
1064,1,0,0
1065,1,0,0
1066,1,0,0
1067,1,0,0
1068,1,0,0
1069,1,0,0
1070,1,0,0
1071,1,0,0
1072,1,0,0
1073,1,0,0
1074,1,0,0
1075,1,0,0
1076,1,0,0
1077,1,0,0
1078,2,0,0
1079,1,0,0
1080,1,0,0
1081,1,0,0
1082,1,0,0
1083,1,0,0
1084,1,0,0
1085,2,0,0
1086,2,0,0
1087,2,0,0
1088,2,0,0
1089,2,0,0
1090,2,0,0
1091,3,0,0
1092,1,0,0
1093,1,0,0
1094,2,0,0
1095,2,0,0
1096,2,0,0
1097,2,0,0
1098,2,0,0
1099,2,0,0
1100,2,2,1
1101,2,2,1
1102,2,2,1
1103,2,0,0
1104,2,2,1
1105,2,2,1
1106,3,0,0
1107,3,0,0
1108,4,2,1
1109,3,0,0
1110,2,0,0
1111,2,0,0
1112,2,0,0
1113,2,0,0
1114,2,0,0
1115,2,0,0
1116,2,0,0
1117,3,0,0
1118,2,0,0
1119,2,0,0
1120,2,0,0
1121,2,0,0
1122,2,0,0
1123,3,0,0
1124,3,0,0
1125,3,0,0
1126,3,0,0
1127,4,0,0
1128,4,0,0
1129,3,0,0
1130,3,0,0
1131,2,0,0
1132,2,0,0
1133,2,0,0
1134,2,0,0
1135,2,0,0
1136,2,0,0
1137,1,0,0
1138,2,0,0
1139,2,0,0
1140,2,0,0
1141,1,0,0
1142,1,0,0
1143,1,0,0
1144,2,0,0
1145,2,0,0
1146,1,0,0
1147,2,0,0
1148,3,0,0
1149,3,0,0
1150,3,0,0
1151,3,0,0
1152,3,0,0
1153,2,0,0
1154,2,0,0
1155,2,0,0
1156,2,0,0
1157,2,0,0
1158,2,0,0
1159,2,0,0
1160,2,0,0
1161,2,0,0
1162,1,0,0
1163,1,0,0
1164,1,0,0
1165,1,0,0
1166,1,0,0
1167,1,0,0
1168,1,0,0
1169,1,0,0
1170,1,0,0
1171,1,0,0
1172,1,0,0
1173,1,0,0
1174,1,0,0
1175,0,0,0
1176,0,0,0
1177,0,0,0
1178,1,0,0
1179,2,0,0
1180,3,0,0
1181,2,0,0
1182,1,0,0
1183,1,0,0
1184,1,0,0
1185,2,0,0
1186,2,0,0
1187,3,0,0
1188,2,0,0
1189,2,2,1
1190,2,2,1
1191,2,2,1
1192,2,2,1
1193,2,2,1
1194,2,2,1
1195,2,2,1
1196,2,2,1
1197,3,2,1
1198,3,0,0
1199,3,3,3
1200,3,2,1
1201,2,0,0
1202,3,2,1
1203,3,0,0
1204,3,3,3
1205,3,3,2
1206,3,3,3
1207,3,3,2
1208,3,3,3
1209,3,3,3
1210,3,3,2
1211,3,3,3
1212,3,3,3
1213,3,3,2
1214,3,3,2
1215,3,3,2
1216,3,3,3
1217,3,3,3
1218,3,3,3
1219,3,3,2
1220,3,3,3
1221,3,3,3
1222,3,3,2
1223,3,3,2
1224,3,3,2
1225,3,3,3
1226,3,3,2
1227,3,3,3
1228,3,3,3
1229,3,2,1
1230,4,3,3
1231,4,2,1
1232,4,3,2
1233,4,4,3
1234,4,3,2
1235,4,3,3
1236,3,3,2
1237,4,2,1
1238,4,2,1
1239,3,3,2
1240,4,4,5
1241,4,4,4
1242,4,4,3
1243,4,4,3
1244,4,4,5
1245,3,3,2
1246,4,4,4
1247,4,4,4
1248,4,4,4
1249,4,4,5
1250,5,4,5
1251,5,4,5
1252,5,4,4
1253,5,4,5
1254,5,4,5
1255,5,4,4
1256,5,4,5
1257,5,4,5
1258,5,4,4
1259,5,4,3
1260,5,4,3
1261,5,4,5
1262,5,4,3
1263,5,3,3
1264,5,4,4
1265,6,4,5
1266,5,4,5
1267,4,3,3
1268,5,5,6
1269,5,4,5
1270,5,4,4
1271,5,4,3
1272,5,4,5
1273,5,4,4
1274,5,4,4
1275,4,4,3
1276,4,4,5
1277,4,4,4
1278,4,3,3
1279,4,4,5
1280,5,5,6
1281,5,4,5
1282,5,4,5
1283,5,4,5
1284,5,4,5
1285,5,4,5
1286,5,4,4
1287,5,4,5
1288,5,4,5
1289,5,4,5
1290,5,4,4
1291,5,4,5
1292,5,4,3
1293,5,4,4
1294,5,4,5
1295,5,4,3
1296,4,4,5
1297,4,4,3
1298,4,4,3
1299,4,4,4
1300,4,4,5
1301,4,4,5
1302,4,4,4
1303,4,4,4
1304,4,4,4
1305,4,4,5
1306,4,4,4
1307,4,4,4
1308,4,4,4
1309,4,4,5
1310,4,4,3
1311,5,4,5
1312,6,3,3
1313,5,3,2
1314,5,4,3
1315,5,2,1
1316,5,0,0
1317,4,0,0
1318,4,0,0
1319,3,0,0
1320,4,3,2
1321,4,2,1
1322,4,3,2
1323,3,2,1
1324,3,2,1
1325,4,3,2
1326,4,3,3
1327,4,3,2
1328,4,3,2
1329,4,3,2
1330,3,3,3
1331,3,3,3
1332,3,3,3
1333,3,3,3
1334,3,3,2
1335,3,3,3
1336,3,3,2
1337,3,3,3
1338,3,3,3
1339,4,3,2
1340,3,3,2
1341,3,3,3
1342,3,3,3
1343,3,3,3
1344,3,3,3
1345,3,3,3
1346,3,3,3
1347,3,3,2
1348,3,3,2
1349,4,3,3
1350,4,3,3
1351,4,3,3
1352,4,3,2
1353,4,3,2
1354,4,3,3
1355,3,3,3
1356,3,3,2
1357,4,2,1
1358,4,0,0
1359,4,0,0
1360,4,0,0
1361,4,0,0
1362,3,3,3
1363,3,3,2
1364,4,4,3
1365,3,3,2
1366,3,3,3
1367,3,3,3
1368,4,2,1
1369,3,2,1
1370,3,2,1
1371,3,0,0
1372,3,0,0
1373,3,0,0
1374,3,0,0
1375,3,0,0
1376,3,0,0
1377,3,0,0
1378,3,0,0
1379,3,0,0
1380,3,0,0
1381,3,0,0
1382,2,0,0
1383,2,0,0
1384,2,0,0
1385,2,0,0
1386,2,0,0
1387,1,0,0
1388,1,0,0
1389,1,0,0
1390,2,0,0
1391,2,0,0
1392,2,0,0
1393,2,0,0
1394,2,0,0
1395,2,0,0
1396,2,0,0
1397,2,0,0
1398,2,0,0
1399,2,0,0
1400,2,0,0
1401,2,0,0
1402,2,0,0
1403,3,0,0
1404,2,0,0
1405,3,2,1
1406,4,0,0
1407,4,0,0
1408,4,2,1
1409,4,4,3
1410,4,4,4
1411,4,4,4
1412,4,4,3
1413,4,4,3
1414,4,3,3
1415,4,3,2
1416,3,3,2
1417,3,3,2
1418,3,3,3
1419,3,3,3
1420,3,3,2
1421,3,3,3
1422,3,3,2
1423,3,0,0
1424,3,0,0
1425,3,0,0
1426,3,0,0
1427,3,0,0
1428,3,0,0
1429,3,0,0
1430,3,0,0
1431,3,2,1
1432,3,0,0
1433,3,2,1
1434,3,0,0
1435,3,0,0
1436,2,0,0
1437,2,0,0
1438,3,0,0
1439,2,0,0
1440,2,0,0
1441,2,0,0
1442,2,0,0
1443,2,0,0
1444,2,0,0
1445,2,0,0
1446,2,0,0
1447,2,0,0
1448,2,0,0
1449,2,0,0
1450,2,0,0
1451,2,0,0
1452,2,0,0
1453,2,0,0
1454,3,0,0
1455,3,0,0
1456,3,0,0
1457,3,0,0
1458,3,0,0
1459,3,0,0
1460,3,0,0
1461,3,0,0
1462,1,0,0
1463,2,0,0
1464,2,0,0
1465,2,0,0
1466,2,0,0
1467,3,0,0
1468,2,0,0
1469,2,0,0
1470,2,0,0
1471,2,0,0
1472,2,0,0
1473,3,0,0
1474,2,0,0
1475,2,0,0
1476,2,0,0
1477,3,0,0
1478,4,0,0
1479,4,0,0
1480,3,0,0
1481,3,0,0
1482,3,0,0
1483,3,0,0
1484,3,0,0
1485,4,2,1
1486,4,2,1
1487,5,0,0
1488,4,0,0
1489,5,0,0
1490,5,2,1
1491,4,0,0
1492,3,3,2
1493,3,2,1
1494,3,3,3
1495,3,3,2
1496,3,3,3
1497,3,3,2
1498,3,3,3
1499,4,2,1
1500,3,2,1
1501,3,0,0
1502,3,0,0
1503,3,0,0
1504,3,0,0
1505,3,0,0
1506,2,0,0
1507,2,0,0
1508,2,0,0
1509,2,0,0
1510,2,0,0
1511,2,0,0
1512,2,0,0
1513,2,0,0
1514,2,0,0
1515,2,0,0
1516,2,0,0
1517,2,0,0
1518,2,0,0
1519,2,0,0
1520,2,0,0
1521,2,0,0
1522,2,0,0
1523,2,0,0
1524,3,0,0
1525,3,0,0
1526,3,0,0
1527,4,0,0
1528,3,0,0
1529,3,0,0
1530,3,0,0
1531,3,0,0
1532,3,0,0
1533,2,0,0
1534,2,0,0
1535,3,0,0
1536,2,0,0
1537,1,0,0
1538,1,0,0
1539,1,0,0
1540,1,0,0
1541,1,0,0
1542,1,0,0
1543,1,0,0
1544,1,0,0
1545,1,0,0
1546,1,0,0
1547,1,0,0
1548,2,0,0
1549,1,0,0
1550,1,0,0
1551,1,0,0
1552,3,0,0
1553,1,0,0
1554,1,0,0
1555,1,0,0
1556,1,0,0
1557,2,0,0
1558,2,0,0
1559,2,0,0
1560,2,0,0
1561,1,0,0
1562,1,0,0
1563,1,0,0
1564,1,0,0
1565,2,0,0
1566,1,0,0
1567,0,0,0
1568,1,0,0
1569,1,0,0
1570,1,0,0
1571,1,0,0
1572,1,0,0
1573,1,0,0
1574,1,0,0
1575,1,0,0
1576,1,0,0
1577,1,0,0
1578,1,0,0
1579,1,0,0
1580,1,0,0
1581,1,0,0
1582,2,0,0
1583,1,0,0
1584,1,0,0
1585,1,0,0
1586,2,0,0
1587,2,0,0
1588,1,0,0
1589,2,0,0
1590,2,0,0
1591,2,0,0
1592,2,0,0
1593,2,0,0
1594,2,0,0
1595,2,0,0
1596,2,0,0
1597,2,0,0
1598,2,0,0
1599,2,0,0
1600,2,0,0
1601,2,0,0
1602,2,0,0
1603,2,0,0
1604,2,0,0
1605,2,0,0
1606,2,0,0
1607,2,0,0
1608,2,2,1
1609,2,0,0
1610,2,0,0
1611,2,0,0
1612,2,0,0
1613,3,0,0
1614,3,0,0
1615,2,0,0
1616,2,0,0
1617,2,0,0
1618,2,0,0
1619,2,0,0
1620,2,0,0
1621,1,0,0
1622,2,0,0
1623,2,0,0
1624,2,0,0
1625,2,0,0
1626,3,0,0
1627,2,0,0
1628,2,0,0
1629,2,0,0
1630,2,0,0
1631,1,0,0
1632,2,0,0
1633,2,0,0
1634,2,0,0
1635,3,0,0
1636,2,0,0
1637,3,0,0
1638,4,0,0
1639,4,0,0
1640,3,0,0
1641,2,0,0
1642,2,0,0
1643,2,0,0
1644,3,2,1
1645,2,0,0
1646,3,0,0
1647,3,0,0
1648,4,0,0
1649,3,0,0
1650,2,0,0
1651,1,0,0
1652,1,0,0
1653,1,0,0
1654,1,0,0
1655,1,0,0
1656,1,0,0
1657,1,0,0
1658,1,0,0
1659,1,0,0
1660,1,0,0
1661,1,0,0
1662,1,0,0
1663,1,0,0
1664,1,0,0
1665,1,0,0
1666,1,0,0
1667,1,0,0
1668,1,0,0
1669,1,0,0
1670,2,0,0
1671,1,0,0
1672,2,0,0
1673,2,0,0
1674,3,0,0
1675,2,0,0
1676,2,0,0
1677,2,0,0
1678,3,0,0
1679,3,0,0
1680,3,0,0
1681,3,0,0
1682,3,0,0
1683,3,0,0
1684,3,0,0
1685,2,0,0
1686,2,0,0
1687,2,2,1
1688,2,2,1
1689,2,2,1
1690,2,2,1
1691,2,2,1
1692,3,2,1
1693,3,2,1
1694,2,2,1
1695,2,2,1
1696,2,2,1
1697,2,2,1
1698,2,2,1
1699,2,2,1
1700,2,2,1
1701,2,2,1
1702,3,0,0
1703,2,0,0
1704,2,0,0
1705,2,0,0
1706,2,0,0
1707,2,0,0
1708,3,0,0
1709,2,0,0
1710,2,0,0
1711,2,0,0
1712,2,0,0
1713,2,0,0
1714,2,0,0
1715,3,0,0
1716,2,0,0
1717,1,0,0
1718,1,0,0
1719,1,0,0
1720,1,0,0
1721,1,0,0
1722,1,0,0
1723,1,0,0
1724,1,0,0
1725,1,0,0
1726,1,0,0
1727,0,0,0
1728,0,0,0
1729,0,0,0
1730,0,0,0
1731,0,0,0
1732,0,0,0
1733,0,0,0
1734,0,0,0
1735,0,0,0
1736,0,0,0
1737,0,0,0
1738,0,0,0
1739,1,0,0
1740,1,0,0
1741,1,0,0
1742,1,0,0
1743,2,0,0
1744,1,0,0
1745,1,0,0
1746,1,0,0
1747,1,0,0
1748,1,0,0
1749,2,0,0
1750,2,0,0
1751,2,0,0
1752,2,0,0
1753,2,0,0
1754,2,0,0
1755,2,0,0
1756,3,0,0
1757,2,0,0
1758,2,0,0
1759,2,0,0
1760,2,0,0
1761,2,0,0
1762,2,0,0
1763,2,0,0
1764,3,0,0
1765,3,0,0
1766,3,0,0
1767,3,0,0
1768,3,0,0
1769,3,0,0
1770,3,0,0
1771,3,0,0
1772,2,0,0
1773,3,0,0
1774,2,0,0
1775,2,0,0
1776,1,0,0
1777,1,0,0
1778,1,0,0
1779,1,0,0
1780,1,0,0
1781,1,0,0
1782,1,0,0
1783,1,0,0
1784,1,0,0
1785,1,0,0
1786,2,0,0
1787,1,0,0
1788,1,0,0
1789,1,0,0
1790,1,0,0
1791,1,0,0
1792,1,0,0
1793,1,0,0
1794,1,0,0
1795,2,0,0
1796,2,0,0
1797,2,0,0
1798,2,0,0
1799,2,0,0
1800,1,0,0
1801,0,0,0
1802,0,0,0
1803,0,0,0
1804,1,0,0
1805,2,0,0
1806,1,0,0
1807,1,0,0
1808,2,0,0
1809,3,0,0
1810,3,0,0
1811,3,0,0
1812,3,0,0
1813,3,0,0
1814,3,0,0
1815,3,0,0
1816,3,0,0
1817,3,0,0
1818,3,0,0
1819,3,0,0
1820,3,0,0
1821,3,0,0
1822,3,2,1
1823,3,0,0
1824,3,0,0
1825,3,0,0
1826,3,0,0
1827,3,0,0
1828,3,0,0
1829,3,0,0
1830,3,0,0
1831,3,0,0
1832,3,0,0
1833,3,0,0
1834,3,0,0
1835,2,0,0
1836,2,0,0
1837,2,0,0
1838,3,0,0
1839,2,0,0
1840,2,0,0
1841,2,0,0
1842,3,0,0
1843,2,0,0
1844,2,0,0
1845,2,0,0
1846,1,0,0
1847,1,0,0
1848,1,0,0
1849,1,0,0
1850,1,0,0
1851,2,0,0
1852,1,0,0
1853,1,0,0
1854,1,0,0
1855,2,0,0
1856,1,0,0
1857,1,0,0
1858,1,0,0
1859,1,0,0
1860,1,0,0
1861,1,0,0
1862,2,2,1
1863,1,0,0
1864,2,2,1
1865,3,3,2
1866,3,3,2
1867,5,3,2
1868,4,3,2
1869,4,2,1
1870,3,2,1
1871,4,3,2
1872,3,2,1
1873,3,0,0
1874,3,0,0
1875,3,2,1
1876,4,2,1
1877,3,0,0
1878,3,2,1
1879,3,0,0
1880,3,0,0
1881,3,0,0
1882,3,0,0
1883,3,0,0
1884,3,2,1
1885,3,0,0
1886,3,2,1
1887,3,2,1
1888,5,0,0
1889,5,0,0
1890,5,4,3
1891,4,3,2
1892,4,2,1
1893,4,2,1
1894,5,3,3
1895,5,3,3
1896,4,3,3
1897,3,3,2
1898,4,2,1
1899,5,0,0
1900,5,0,0
1901,3,0,0
1902,3,0,0
1903,4,2,1
1904,4,0,0
1905,3,0,0
1906,3,0,0
1907,3,0,0
1908,3,2,1
1909,3,0,0
1910,3,2,1
1911,3,0,0
1912,3,0,0
1913,3,0,0
1914,3,0,0
1915,4,0,0
1916,3,0,0
1917,2,0,0
1918,2,0,0
1919,2,0,0
1920,2,0,0
1921,1,0,0
1922,1,0,0
1923,1,0,0
1924,1,0,0
1925,1,0,0
1926,2,0,0
1927,1,0,0
1928,2,0,0
1929,2,0,0
1930,2,0,0
1931,2,0,0
1932,2,0,0
1933,1,0,0
1934,1,0,0
1935,1,0,0
1936,1,0,0
1937,1,0,0
1938,1,0,0
1939,1,0,0
1940,1,0,0
1941,1,0,0
1942,1,0,0
1943,1,0,0
1944,1,0,0
1945,1,0,0
1946,1,0,0
1947,1,0,0
1948,2,0,0
1949,2,0,0
1950,3,0,0
1951,2,0,0
1952,2,2,1
1953,2,0,0
1954,1,0,0
1955,1,0,0
1956,1,0,0
1957,1,0,0
1958,1,0,0
1959,1,0,0
1960,2,0,0
1961,2,0,0
1962,2,0,0
1963,2,0,0
1964,2,0,0
1965,2,0,0
1966,2,2,1
1967,2,0,0
1968,2,0,0
1969,2,0,0
1970,2,0,0
1971,3,0,0
1972,3,0,0
1973,2,0,0
1974,3,0,0
1975,2,0,0
1976,2,0,0
1977,1,0,0
1978,1,0,0
1979,1,0,0
1980,1,0,0
1981,1,0,0
1982,1,0,0
1983,1,0,0
1984,2,0,0
1985,2,0,0
1986,1,0,0
1987,3,0,0
1988,2,0,0
1989,2,0,0
1990,2,0,0
1991,2,0,0
1992,2,0,0
1993,2,0,0
1994,2,0,0
1995,2,0,0
1996,2,0,0
1997,2,0,0
1998,2,0,0
1999,2,0,0
