0,0,0,0
1,1,0,0
2,1,0,0
3,1,0,0
4,1,0,0
5,1,0,0
6,1,0,0
7,0,0,0
8,0,0,0
9,0,0,0
10,0,0,0
11,0,0,0
12,1,0,0
13,1,0,0
14,1,0,0
15,1,0,0
16,1,0,0
17,2,0,0
18,1,0,0
19,1,0,0
20,1,0,0
21,1,0,0
22,3,0,0
23,2,0,0
24,2,0,0
25,2,0,0
26,2,0,0
27,2,0,0
28,2,0,0
29,2,0,0
30,1,0,0
31,1,0,0
32,2,0,0
33,2,0,0
34,2,0,0
35,2,0,0
36,2,0,0
37,2,0,0
38,2,0,0
39,2,0,0
40,2,0,0
41,2,0,0
42,2,0,0
43,2,0,0
44,2,0,0
45,2,0,0
46,2,0,0
47,2,0,0
48,2,0,0
49,2,0,0
50,3,0,0
51,3,0,0
52,3,0,0
53,3,0,0
54,3,0,0
55,3,2,1
56,3,2,1
57,3,2,1
58,3,2,1
59,2,0,0
60,2,0,0
61,3,2,1
62,2,0,0
63,2,0,0
64,2,2,1
65,2,0,0
66,3,0,0
67,3,0,0
68,3,2,1
69,3,3,2
70,3,3,3
71,3,3,3
72,3,3,2
73,3,3,3
74,3,3,2
75,3,3,3
76,3,3,3
77,3,3,3
78,3,3,2
79,3,3,2
80,3,3,3
81,3,3,2
82,3,3,2
83,3,3,3
84,3,3,3
85,3,3,3
86,3,3,2
87,3,2,1
88,3,2,1
89,3,2,1
90,3,3,2
91,3,3,2
92,3,2,1
93,4,3,2
94,4,3,2
95,4,3,2
96,4,3,2
97,4,3,3
98,5,3,3
99,5,3,2
100,4,2,1
101,5,3,2
102,5,3,3
103,3,3,2
104,3,3,3
105,3,3,3
106,3,3,2
107,3,3,3
108,3,3,3
109,3,2,1
110,3,3,3
111,3,3,3
112,4,4,3
113,5,4,3
114,3,2,1
115,4,4,5
116,4,4,5
117,4,4,4
118,4,4,4
119,4,4,5
120,4,4,3
121,4,4,5
122,4,4,4
123,4,4,4
124,4,4,5
125,4,4,3
126,5,4,5
127,6,4,4
128,6,4,5
129,5,4,5
130,5,4,4
131,5,4,4
132,5,4,4
133,5,4,4
134,5,4,5
135,5,4,4
136,5,4,5
137,5,4,3
138,5,4,4
139,4,3,3
140,5,4,4
141,5,4,4
142,5,4,5
143,4,4,3
144,4,4,4
145,5,4,5
146,5,3,3
147,6,4,4
148,6,4,5
149,6,4,5
150,6,4,5
151,6,4,4
152,5,4,5
153,5,4,5
154,5,4,5
155,5,4,5
156,5,4,5
157,5,4,5
158,5,4,5
159,5,5,5
160,5,5,5
161,5,5,5
162,5,5,7
163,5,5,5
164,5,5,6
165,5,5,6
166,5,3,2
167,6,5,6
168,6,5,7
169,6,5,6
170,6,5,7
171,6,5,7
172,6,5,5
173,6,5,7
174,6,5,6
175,6,5,6
176,6,5,7
177,6,5,6
178,6,6,9
179,6,6,7
180,6,6,9
181,6,6,7
182,7,6,7
183,6,5,7
184,5,4,4
185,5,4,4
186,7,5,7
187,7,5,6
188,7,5,7
189,7,5,7
190,7,5,6
191,7,5,6
192,7,5,7
193,7,5,7
194,7,5,5
195,7,6,8
196,8,6,6
197,8,6,7
198,8,6,9
199,8,6,9
200,8,6,9
201,8,6,8
202,7,6,8
203,8,6,9
204,7,6,9
205,7,6,9
206,6,6,9
207,7,6,8
208,7,6,9
209,6,6,9
210,6,6,8
211,6,6,9
212,6,6,9
213,6,6,9
214,6,6,9
215,6,6,8
216,6,6,8
217,6,6,9
218,6,6,9
219,6,6,9
220,6,6,9
221,6,6,9
222,6,6,9
223,6,6,9
224,6,6,9
225,6,6,9
226,6,6,8
227,6,6,8
228,5,5,7
229,6,6,8
230,6,6,9
231,6,6,7
232,6,6,8
233,6,6,9
234,6,6,9
235,6,6,8
236,6,6,9
237,6,6,9
238,6,6,9
239,6,6,8
240,6,6,9
241,6,6,9
242,6,6,7
243,6,6,8
244,6,6,9
245,6,6,9
246,6,6,9
247,6,6,9
248,6,6,9
249,6,6,9
250,6,6,9
251,6,6,9
252,6,6,8
253,6,6,9
254,6,6,7
255,6,6,9
256,6,6,9
257,6,6,9
258,6,6,9
259,6,6,8
260,6,6,9
261,6,6,9
262,6,6,9
263,6,6,9
264,6,6,9
265,6,6,9
266,6,6,9
267,6,6,9
268,6,6,9
269,6,6,9
270,6,6,9
271,6,6,9
272,6,6,9
273,6,6,9
274,6,6,9
275,6,6,9
276,6,6,9
277,6,5,7
278,6,5,7
279,6,5,7
280,6,5,7
281,6,5,6
282,6,5,7
283,6,5,7
284,6,5,6
285,6,5,7
286,6,6,8
287,6,6,9
288,5,5,7
289,6,6,9
290,5,5,6
291,6,6,9
292,6,6,9
293,6,6,8
294,6,6,8
295,6,6,9
296,6,6,9
297,6,6,9
298,6,6,8
299,6,6,8
300,6,6,8
301,7,6,9
302,6,6,9
303,6,6,9
304,6,6,9
305,6,6,9
306,7,7,9
307,7,7,10
308,7,7,11
309,8,8,11
310,7,7,11
311,7,7,12
312,8,8,12
313,8,7,12
314,8,8,13
315,8,8,14
316,8,8,14
317,7,7,12
318,8,8,13
319,8,8,12
320,8,8,14
321,8,8,14
322,8,8,14
323,8,8,13
324,8,8,14
325,8,8,14
326,8,8,14
327,8,8,14
328,8,7,12
329,8,8,14
330,8,8,13
331,8,8,14
332,8,8,13
333,8,8,14
334,8,8,14
335,8,8,14
336,8,8,13
337,8,8,14
338,8,8,14
339,8,8,13
340,9,8,14
341,9,8,14
342,9,8,13
343,9,9,15
344,7,7,12
345,8,8,14
346,8,8,13
347,8,8,14
348,8,8,14
349,8,8,14
350,8,8,13
351,8,8,13
352,7,7,12
353,8,8,13
354,8,8,14
355,8,8,13
356,8,8,14
357,8,8,13
358,8,8,13
359,8,7,12
360,8,8,13
361,8,8,15
362,8,8,14
363,8,8,15
364,8,8,15
365,8,8,15
366,8,8,15
367,8,8,14
368,8,8,15
369,8,8,15
370,8,8,15
371,8,8,14
372,8,8,15
373,8,8,15
374,8,8,15
375,8,8,15
376,9,8,15
377,9,8,15
378,9,8,15
379,9,8,15
380,8,8,15
381,8,8,15
382,8,8,15
383,8,8,15
384,8,8,14
385,8,8,15
386,8,8,15
387,8,8,15
388,8,8,15
389,8,8,15
390,8,8,15
391,8,8,15
392,8,8,14
393,8,8,15
394,8,8,14
395,8,8,13
396,8,8,14
397,8,8,14
398,8,8,15
399,8,8,15
400,8,8,14
401,8,8,15
402,8,8,15
403,8,8,15
404,8,8,14
405,8,8,15
406,8,8,14
407,8,8,15
408,8,8,15
409,8,8,15
410,8,8,15
411,8,8,15
412,8,8,15
413,8,8,15
414,8,8,15
415,8,8,15
416,8,8,15
417,8,8,14
418,8,8,15
419,8,8,15
420,8,8,15
421,8,8,15
422,8,8,15
423,8,8,15
424,8,8,15
425,8,8,15
426,8,8,15
427,8,8,15
428,8,8,15
429,8,8,15
430,8,8,15
431,8,8,15
432,8,8,15
433,8,8,15
434,9,8,15
435,8,8,15
436,8,8,15
437,8,8,15
438,8,8,15
439,8,8,15
440,9,9,17
441,9,9,16
442,9,9,16
443,8,8,15
444,9,9,17
445,9,9,17
446,9,9,17
447,9,9,17
448,9,9,17
449,9,9,17
450,9,9,17
451,9,9,17
452,9,9,17
453,9,9,17
454,9,9,16
455,9,9,17
456,9,9,16
457,9,9,17
458,9,8,15
459,9,8,15
460,9,8,15
461,9,8,15
462,9,8,15
463,9,8,15
464,9,8,15
465,9,8,15
466,9,8,15
467,9,8,15
468,9,8,15
469,8,8,15
470,8,8,15
471,8,8,15
472,8,8,15
473,8,8,15
474,8,8,15
475,8,8,15
476,8,8,15
477,8,8,15
478,8,8,15
479,8,8,15
480,8,8,14
481,8,8,15
482,8,8,15
483,8,8,15
484,8,8,15
485,8,8,15
486,8,8,15
487,8,8,14
488,8,8,14
489,8,8,15
490,8,8,14
491,8,8,15
492,8,8,15
493,8,8,14
494,8,8,15
495,8,8,15
496,8,8,12
497,8,8,15
498,8,8,14
499,8,8,15
500,8,8,15
501,8,8,15
502,8,8,15
503,8,8,15
504,8,8,15
505,8,8,15
506,8,8,15
507,8,8,15
508,8,8,13
509,8,8,15
510,8,8,15
511,8,8,15
512,8,8,15
513,8,8,15
514,8,8,15
515,8,8,15
516,8,8,14
517,8,8,14
518,8,8,15
519,8,8,14
520,8,8,13
521,8,8,15
522,8,8,15
523,8,8,15
524,8,8,15
525,8,8,15
526,8,8,15
527,8,8,15
528,8,8,15
529,8,8,14
530,8,8,15
531,8,8,15
532,8,8,15
533,8,8,15
534,8,8,15
535,8,8,15
536,8,8,15
537,8,8,14
538,8,8,15
539,8,8,15
540,8,8,15
541,8,8,14
542,8,8,15
543,8,8,15
544,8,8,14
545,8,8,15
546,8,8,15
547,8,8,15
548,8,8,15
549,8,8,15
550,8,8,15
551,8,8,15
552,8,8,15
553,8,8,15
554,8,8,14
555,8,8,14
556,8,8,14
557,8,8,15
558,8,8,15
559,8,8,15
560,8,8,14
561,8,8,15
562,8,8,15
563,8,8,15
564,8,8,15
565,8,8,15
566,8,8,15
567,8,8,15
568,8,8,14
569,8,8,15
570,8,8,15
571,8,8,15
572,8,8,15
573,8,8,14
574,8,8,15
575,8,8,15
576,8,8,15
577,8,8,15
578,8,8,15
579,8,8,15
580,8,8,15
581,8,8,15
582,8,8,15
583,8,8,14
584,8,8,14
585,8,8,15
586,8,8,14
587,8,8,15
588,8,8,15
589,9,8,14
590,9,8,15
591,9,8,15
592,9,8,15
593,9,8,15
594,8,8,15
595,8,8,15
596,8,8,15
597,8,8,15
598,8,8,15
599,8,8,14
600,8,8,14
601,8,8,15
602,8,8,14
603,8,8,15
604,8,8,15
605,8,8,15
606,8,8,15
607,9,8,14
608,9,8,14
609,9,9,16
610,9,9,18
611,9,9,18
612,9,9,18
613,9,9,18
614,9,9,18
615,9,9,18
616,9,9,18
617,9,9,18
618,9,9,18
619,9,9,17
620,9,9,18
621,9,9,18
622,9,9,18
623,9,9,18
624,9,9,18
625,9,9,18
626,9,9,18
627,9,9,18
628,9,9,18
629,10,9,18
630,10,9,18
631,9,9,18
632,9,9,18
633,9,9,18
634,9,9,18
635,9,9,18
636,9,9,17
637,9,9,18
638,9,9,18
639,9,9,18
640,10,10,19
641,10,10,19
642,10,10,18
643,10,10,21
644,10,10,21
645,10,10,20
646,10,10,21
647,10,10,21
648,10,10,20
649,10,10,20
650,10,10,21
651,10,10,21
652,10,10,21
653,10,10,21
654,10,10,21
655,10,10,21
656,10,10,21
657,10,10,20
658,10,10,21
659,10,10,21
660,10,10,21
661,10,10,21
662,10,10,21
663,10,10,21
664,10,10,21
665,10,10,21
666,10,10,21
667,10,10,21
668,10,10,21
669,10,10,21
670,10,10,21
671,10,10,21
672,10,10,21
673,10,10,21
674,10,10,21
675,10,10,21
676,10,10,21
677,10,10,21
678,10,10,21
679,10,10,21
680,10,10,21
681,10,10,21
682,10,10,21
683,10,10,21
684,10,10,21
685,10,10,21
686,10,10,21
687,10,10,21
688,10,10,21
689,10,10,21
690,10,10,21
691,10,10,21
692,10,10,21
693,10,10,21
694,10,10,21
695,10,10,21
696,10,10,21
697,10,10,21
698,10,10,21
699,10,10,21
700,10,10,20
701,10,10,21
702,10,10,21
703,10,10,21
704,10,10,21
705,10,10,21
706,10,10,20
707,10,10,20
708,10,10,21
709,10,10,21
710,10,10,21
711,10,10,21
712,10,10,21
713,10,10,21
714,10,10,21
715,10,10,21
716,10,10,21
717,10,10,21
718,10,10,21
719,10,10,21
720,10,10,21
721,10,10,21
722,10,10,21
723,10,10,21
724,10,10,21
725,10,10,21
726,10,10,21
727,10,10,21
728,10,10,21
729,10,10,21
730,10,10,21
731,10,10,21
732,10,10,21
733,10,10,21
734,10,10,21
735,10,10,21
736,10,10,21
737,10,10,21
738,10,10,21
739,10,10,21
740,10,10,21
741,10,10,21
742,10,10,21
743,10,10,21
744,10,10,20
745,10,10,20
746,10,10,21
747,10,10,21
748,10,10,21
749,10,10,21
750,10,10,21
751,10,10,21
752,10,10,21
753,10,10,21
754,10,10,21
755,10,10,21
756,10,10,21
757,10,10,21
758,10,10,21
759,10,10,21
760,10,10,21
761,10,10,21
762,10,10,21
763,10,10,21
764,10,10,21
765,10,10,20
766,10,10,21
767,10,10,21
768,10,10,21
769,10,10,21
770,10,10,21
771,10,10,21
772,10,10,21
773,10,10,21
774,10,10,21
775,10,10,21
776,10,10,21
777,10,10,20
778,10,10,21
779,10,10,19
780,10,10,21
781,10,10,21
782,10,10,20
783,10,10,21
784,10,10,21
785,10,10,21
786,10,10,21
787,10,10,20
788,10,10,21
789,10,10,20
790,10,10,21
791,10,10,21
792,10,10,21
793,10,10,21
794,10,10,21
795,10,10,21
796,10,10,21
797,10,10,21
798,10,10,21
799,10,10,20
800,10,10,21
801,10,10,20
802,10,10,21
803,10,10,21
804,10,10,20
805,10,10,21
806,10,10,21
807,10,10,21
808,10,10,21
809,10,10,21
810,10,10,21
811,10,10,21
812,10,10,21
813,10,10,21
814,10,10,21
815,10,10,21
816,10,10,21
817,10,10,21
818,10,10,21
819,10,10,21
820,10,10,20
821,10,10,21
822,10,10,21
823,10,10,21
824,10,10,21
825,10,10,20
826,10,10,21
827,10,10,21
828,10,10,21
829,10,10,21
830,10,10,20
831,10,10,21
832,10,10,21
833,10,10,21
834,10,10,21
835,10,10,21
836,10,10,21
837,10,10,21
838,10,10,21
839,10,10,21
840,10,10,21
841,10,10,21
842,10,10,21
843,10,10,21
844,10,10,20
845,10,10,21
846,10,10,21
847,10,10,21
848,10,10,21
849,10,10,21
850,10,10,21
851,10,10,21
852,10,10,21
853,10,10,20
854,10,10,20
855,10,10,21
856,10,10,21
857,10,10,21
858,10,10,21
859,10,10,21
860,10,10,21
861,10,10,21
862,10,10,21
863,10,10,21
864,10,10,21
865,10,10,21
866,10,10,21
867,10,10,21
868,10,10,21
869,10,10,21
870,10,10,21
871,10,10,21
872,10,10,21
873,10,10,21
874,10,10,21
875,10,10,21
876,10,10,21
877,10,10,21
878,10,10,21
879,10,10,21
880,10,10,21
881,10,10,21
882,10,10,21
883,10,10,20
884,10,10,21
885,10,10,21
886,10,10,20
887,10,10,21
888,10,10,21
889,10,10,21
890,10,10,21
891,10,10,21
892,10,10,21
893,10,10,21
894,10,10,21
895,10,10,21
896,10,10,21
897,10,10,21
898,10,10,21
899,10,10,21
900,10,10,21
901,10,10,21
902,10,10,21
903,10,10,21
904,10,10,21
905,10,10,21
906,10,10,21
907,10,10,21
908,10,10,21
909,10,10,21
910,10,10,21
911,10,10,21
912,10,10,21
913,10,10,21
914,10,10,21
915,10,10,21
916,10,10,21
917,10,10,21
918,10,10,21
919,10,10,21
920,10,10,20
921,10,10,21
922,10,10,21
923,11,11,22
924,11,10,21
925,10,10,21
926,10,10,21
927,11,10,21
928,11,11,22
929,11,11,25
930,11,11,25
931,11,11,25
932,11,11,25
933,11,11,25
934,11,11,25
935,11,11,25
936,11,11,25
937,11,11,25
938,11,11,25
939,11,11,25
940,11,11,25
941,11,11,25
942,11,11,25
943,11,11,25
944,11,11,25
945,11,11,25
946,11,11,25
947,11,11,25
948,11,11,25
949,11,11,25
950,11,11,25
951,11,11,25
952,11,11,25
953,11,11,24
954,11,11,25
955,11,11,25
956,11,11,25
957,11,11,25
958,11,11,25
959,11,11,25
960,11,11,25
961,11,11,25
962,11,11,25
963,11,11,25
964,11,11,25
965,11,11,25
966,11,11,25
967,11,11,25
968,11,11,25
969,11,11,25
970,11,11,25
971,11,11,25
972,11,11,25
973,11,11,25
974,11,11,25
975,11,11,25
976,11,11,25
977,11,11,25
978,11,11,25
979,11,11,25
980,11,11,25
981,11,11,25
982,11,11,25
983,11,11,25
984,11,11,25
985,11,11,25
986,11,11,25
987,11,11,24
988,11,11,25
989,11,11,25
990,11,11,25
991,11,11,25
992,11,11,25
993,11,11,25
994,11,11,25
995,11,11,25
996,11,11,25
997,11,11,25
998,11,11,25
999,11,11,25
1000,11,11,25
1001,11,11,25
1002,11,11,25
1003,11,11,25
1004,11,11,25
1005,11,11,25
1006,11,11,25
1007,11,11,25
1008,11,11,25
1009,11,11,25
1010,11,11,25
1011,11,11,25
1012,11,11,25
1013,11,11,25
1014,11,11,25
1015,11,11,25
1016,11,11,25
1017,11,11,25
1018,11,11,25
1019,11,11,25
1020,11,11,25
1021,11,11,25
1022,11,11,25
1023,11,11,25
1024,11,11,25
1025,11,11,25
1026,11,11,25
1027,11,11,25
1028,11,11,25
1029,11,11,25
1030,11,11,25
1031,11,11,25
1032,11,11,25
1033,11,11,25
1034,11,11,25
1035,11,11,25
1036,11,11,25
1037,11,11,25
1038,11,11,25
1039,11,11,24
1040,11,11,25
1041,11,11,25
1042,11,11,25
1043,11,11,25
1044,11,11,25
1045,11,11,25
1046,11,11,25
1047,11,11,24
1048,11,11,25
1049,11,11,25
1050,11,11,25
1051,11,11,25
1052,11,11,25
1053,11,11,25
1054,11,11,25
1055,11,11,25
1056,11,11,25
1057,11,11,25
1058,11,11,25
1059,11,11,25
1060,11,11,25
1061,11,11,25
1062,11,11,25
1063,11,11,25
1064,11,11,25
1065,11,11,25
1066,11,11,25
1067,11,11,25
1068,11,11,25
1069,11,11,25
1070,11,11,25
1071,11,11,25
1072,11,11,25
1073,11,11,25
1074,11,11,25
1075,11,11,25
1076,11,11,25
1077,11,11,24
1078,11,11,25
1079,11,11,24
1080,11,11,25
1081,11,11,24
1082,11,11,25
1083,11,11,25
1084,11,11,25
1085,11,11,25
1086,11,11,25
1087,11,11,25
1088,11,11,25
1089,11,11,25
1090,11,11,25
1091,11,11,25
1092,11,11,25
1093,11,11,25
1094,11,11,25
1095,11,11,25
1096,11,11,25
1097,11,11,25
1098,11,11,25
1099,11,11,25
1100,11,11,25
1101,11,11,24
1102,11,11,25
1103,11,11,25
1104,11,11,25
1105,11,11,25
1106,11,11,25
1107,11,11,24
1108,11,11,25
1109,11,11,25
1110,11,11,25
1111,11,11,25
1112,11,11,25
1113,11,11,25
1114,11,11,25
1115,11,11,25
1116,11,11,25
1117,11,11,25
1118,11,11,25
1119,11,11,25
1120,11,11,25
1121,11,11,25
1122,11,11,25
1123,11,11,25
1124,11,11,25
1125,11,11,25
1126,11,11,24
1127,11,11,25
1128,11,11,25
1129,11,11,25
1130,11,11,25
1131,11,11,25
1132,11,11,25
1133,11,11,25
1134,11,11,25
1135,11,11,25
1136,11,11,25
1137,11,11,25
1138,11,11,25
1139,11,11,25
1140,11,11,25
1141,11,11,25
1142,11,11,25
1143,11,11,25
1144,11,11,25
1145,11,11,25
1146,11,11,25
1147,11,11,25
1148,11,11,25
1149,11,11,25
1150,11,11,25
1151,11,11,25
1152,11,11,25
1153,11,11,25
1154,11,11,25
1155,11,11,25
1156,11,11,25
1157,11,11,25
1158,11,11,25
1159,11,11,25
1160,11,11,25
1161,11,11,25
1162,11,11,25
1163,11,11,25
1164,11,11,25
1165,11,11,25
1166,11,11,25
1167,11,11,24
1168,11,11,25
1169,11,11,25
1170,11,11,25
1171,11,11,25
1172,11,11,25
1173,11,11,25
1174,11,11,25
1175,11,11,25
1176,11,11,25
1177,11,11,25
1178,11,11,25
1179,11,11,25
1180,11,11,25
1181,11,11,25
1182,11,11,25
1183,11,11,25
1184,11,11,25
1185,11,11,25
1186,11,11,25
1187,11,11,25
1188,11,11,25
1189,11,11,25
1190,11,11,25
1191,11,11,25
1192,11,11,25
1193,11,11,25
1194,11,11,25
1195,11,11,25
1196,11,11,25
1197,11,11,25
1198,11,11,25
1199,11,11,25
1200,11,11,25
1201,11,11,25
1202,11,11,25
1203,11,11,25
1204,11,11,25
1205,11,11,25
1206,11,11,25
1207,11,11,25
1208,11,11,25
1209,11,11,25
1210,11,11,25
1211,11,11,25
1212,11,11,25
1213,11,11,25
1214,11,11,25
1215,11,11,25
1216,11,11,24
1217,11,11,25
1218,11,11,25
1219,11,11,25
1220,11,11,25
1221,11,11,25
1222,11,11,25
1223,11,11,25
1224,11,11,25
1225,11,11,25
1226,11,11,25
1227,11,11,25
1228,11,11,25
1229,11,11,25
1230,11,11,25
1231,11,11,25
1232,11,11,25
1233,11,11,25
1234,11,11,25
1235,11,11,25
1236,11,11,25
1237,11,11,25
1238,11,11,24
1239,11,11,25
1240,11,11,25
1241,11,11,25
1242,11,11,25
1243,11,11,25
1244,11,11,24
1245,11,11,25
1246,11,11,24
1247,11,11,25
1248,11,11,25
1249,11,11,25
1250,11,11,25
1251,11,11,25
1252,11,11,25
1253,11,11,25
1254,11,11,25
1255,11,11,25
1256,11,11,25
1257,11,11,25
1258,11,11,25
1259,11,11,24
1260,11,11,25
1261,11,11,25
1262,11,11,25
1263,11,11,25
1264,11,11,25
1265,11,11,25
1266,11,11,25
1267,11,11,25
1268,11,11,25
1269,11,11,25
1270,11,11,25
1271,11,11,25
1272,11,11,25
1273,11,11,25
1274,11,11,25
1275,11,11,25
1276,11,11,25
1277,11,11,24
1278,11,11,25
1279,11,11,25
1280,11,11,25
1281,11,11,25
1282,11,11,25
1283,11,11,25
1284,11,11,25
1285,11,11,25
1286,11,11,25
1287,11,11,25
1288,11,11,25
1289,11,11,25
1290,11,11,25
1291,11,11,25
1292,11,11,25
1293,11,11,25
1294,11,11,25
1295,11,11,25
1296,11,11,25
1297,11,11,25
1298,11,11,25
1299,11,11,25
1300,11,11,25
1301,11,11,25
1302,11,11,25
1303,11,11,25
1304,11,11,25
1305,11,11,25
1306,11,11,25
1307,11,11,25
1308,11,11,25
1309,11,11,25
1310,11,11,25
1311,11,11,25
1312,11,11,25
1313,11,11,25
1314,11,11,25
1315,11,11,25
1316,11,11,25
1317,11,11,25
1318,11,11,25
1319,11,11,25
1320,11,11,25
1321,11,11,25
1322,11,11,25
1323,11,11,25
1324,11,11,25
1325,11,11,25
1326,11,11,25
1327,11,11,25
1328,11,11,25
1329,11,11,25
1330,11,11,25
1331,11,11,25
1332,11,11,25
1333,11,11,25
1334,11,11,25
1335,11,11,25
1336,11,11,25
1337,11,11,25
1338,11,11,25
1339,11,11,25
1340,11,11,25
1341,11,11,25
1342,11,11,25
1343,11,11,25
1344,11,11,25
1345,11,11,25
1346,11,11,25
1347,11,11,25
1348,11,11,25
1349,11,11,25
1350,11,11,25
1351,11,11,25
1352,11,11,25
1353,11,11,24
1354,11,11,25
1355,11,11,25
1356,11,11,25
1357,11,11,25
1358,11,11,25
1359,11,11,25
1360,11,11,25
1361,11,11,25
1362,11,11,25
1363,11,11,25
1364,11,11,25
1365,11,11,25
1366,11,11,25
1367,11,11,25
1368,11,11,25
1369,11,11,25
1370,11,11,25
1371,11,11,25
1372,11,11,25
1373,11,11,25
1374,11,11,25
1375,11,11,25
1376,11,11,25
1377,11,11,25
1378,11,11,25
1379,11,11,25
1380,11,11,25
1381,11,11,25
1382,11,11,25
1383,11,11,25
1384,11,11,25
1385,11,11,25
1386,11,11,25
1387,11,11,25
1388,11,11,24
1389,11,11,25
1390,11,11,25
1391,11,11,25
1392,11,11,25
1393,11,11,25
1394,11,11,25
1395,11,11,25
1396,11,11,25
1397,11,11,25
1398,11,11,25
1399,11,11,25
1400,11,11,25
1401,11,11,24
1402,11,11,25
1403,11,11,25
1404,11,11,25
1405,11,11,25
1406,11,11,25
1407,11,11,25
1408,11,11,25
1409,11,11,25
1410,11,11,25
1411,11,11,25
1412,11,11,25
1413,11,11,25
1414,11,11,25
1415,11,11,25
1416,11,11,25
1417,11,11,25
1418,11,11,25
1419,11,11,25
1420,11,11,25
1421,11,11,25
1422,11,11,25
1423,11,11,25
1424,11,11,25
1425,11,11,25
1426,11,11,25
1427,11,11,25
1428,11,11,25
1429,11,11,25
1430,11,11,25
1431,11,11,25
1432,11,11,25
1433,11,11,25
1434,11,11,25
1435,11,11,25
1436,11,11,25
1437,11,11,25
1438,11,11,25
1439,11,11,25
1440,11,11,25
1441,11,11,25
1442,11,11,25
1443,11,11,25
1444,11,11,25
1445,11,11,25
1446,11,11,25
1447,11,11,25
1448,11,11,25
1449,11,11,25
1450,11,11,25
1451,11,11,25
1452,11,11,25
1453,11,11,25
1454,11,11,25
1455,11,11,25
1456,11,11,25
1457,11,11,25
1458,11,11,25
1459,11,11,25
1460,11,11,25
1461,11,11,25
1462,11,11,25
1463,11,11,25
1464,11,11,25
1465,11,11,25
1466,11,11,25
1467,11,11,25
1468,11,11,25
1469,11,11,25
1470,11,11,25
1471,11,11,25
1472,11,11,25
1473,11,11,25
1474,11,11,25
1475,11,11,25
1476,11,11,25
1477,11,11,25
1478,11,11,25
1479,11,11,25
1480,11,11,25
1481,11,11,25
1482,11,11,25
1483,11,11,25
1484,11,11,25
1485,11,11,25
1486,11,11,25
1487,11,11,25
1488,11,11,25
1489,11,11,25
1490,11,11,25
1491,11,11,25
1492,11,11,25
1493,11,11,25
1494,11,11,25
1495,11,11,25
1496,11,11,25
1497,11,11,25
1498,11,11,25
1499,11,11,25
1500,11,11,25
1501,11,11,25
1502,11,11,25
1503,11,11,25
1504,11,11,25
1505,11,11,25
1506,11,11,25
1507,11,11,25
1508,11,11,25
1509,11,11,25
1510,11,11,25
1511,11,11,25
1512,11,11,25
1513,11,11,25
1514,11,11,25
1515,11,11,25
1516,11,11,25
1517,11,11,25
1518,11,11,25
1519,11,11,25
1520,11,11,25
1521,11,11,25
1522,11,11,25
1523,11,11,25
1524,11,11,25
1525,11,11,25
1526,11,11,25
1527,11,11,25
1528,11,11,23
1529,11,11,25
1530,11,11,25
1531,11,11,25
1532,11,11,25
1533,11,11,25
1534,11,11,25
1535,11,11,25
1536,11,11,25
1537,11,11,25
1538,11,11,25
1539,11,11,25
1540,11,11,25
1541,11,11,25
1542,11,11,25
1543,11,11,25
1544,11,11,25
1545,11,11,25
1546,11,11,25
1547,11,11,25
1548,11,11,23
1549,11,11,25
1550,11,11,25
1551,11,11,23
1552,11,11,25
1553,11,11,25
1554,11,11,25
1555,11,11,25
1556,11,11,24
1557,11,11,25
1558,11,11,25
1559,11,11,25
1560,11,11,25
1561,11,11,25
1562,11,11,25
1563,11,11,25
1564,11,11,25
1565,11,11,25
1566,11,11,25
1567,11,11,25
1568,11,11,25
1569,11,11,25
1570,11,11,25
1571,11,11,25
1572,11,11,24
1573,11,11,25
1574,11,11,25
1575,11,11,25
1576,11,11,25
1577,11,11,25
1578,11,11,25
1579,11,11,25
1580,11,11,25
1581,11,11,25
1582,11,11,25
1583,11,11,25
1584,11,11,25
1585,11,11,25
1586,11,11,25
1587,11,11,25
1588,11,11,25
1589,11,11,25
1590,11,11,25
1591,11,11,25
1592,11,11,25
1593,11,11,25
1594,11,11,25
1595,11,11,25
1596,11,11,25
1597,11,11,25
1598,11,11,25
1599,11,11,24
1600,11,11,24
1601,11,11,25
1602,11,11,25
1603,11,11,24
1604,11,11,25
1605,11,11,25
1606,11,11,25
1607,11,11,25
1608,11,11,25
1609,11,11,25
1610,11,11,25
1611,11,11,25
1612,11,11,25
1613,11,11,25
1614,11,11,25
1615,11,11,25
1616,11,11,25
1617,11,11,25
1618,11,11,25
1619,11,11,25
1620,11,11,25
1621,11,11,25
1622,11,11,25
1623,11,11,25
1624,11,11,25
1625,11,11,25
1626,11,11,25
1627,11,11,25
1628,11,11,25
1629,11,11,25
1630,11,11,25
1631,11,11,25
1632,11,11,25
1633,11,11,25
1634,11,11,25
1635,11,11,25
1636,11,11,25
1637,11,11,25
1638,11,11,25
1639,11,11,25
1640,11,11,25
1641,11,11,25
1642,11,11,25
1643,11,11,25
1644,11,11,25
1645,11,11,25
1646,11,11,25
1647,11,11,25
1648,11,11,25
1649,11,11,25
1650,11,11,25
1651,11,11,25
1652,11,11,25
1653,11,11,25
1654,11,11,25
1655,11,11,25
1656,11,11,25
1657,11,11,25
1658,11,11,25
1659,11,11,25
1660,11,11,25
1661,11,11,25
1662,11,11,25
1663,11,11,25
1664,11,11,25
1665,11,11,25
1666,11,11,25
1667,11,11,25
1668,11,11,25
1669,11,11,25
1670,11,11,25
1671,11,11,25
1672,11,11,25
1673,11,11,25
1674,11,11,25
1675,11,11,25
1676,11,11,25
1677,11,11,25
1678,11,11,25
1679,11,11,25
1680,11,11,25
1681,11,11,25
1682,11,11,25
1683,11,11,25
1684,11,11,25
1685,11,11,25
1686,11,11,25
1687,11,11,25
1688,11,11,25
1689,11,11,25
1690,11,11,25
1691,11,11,25
1692,11,11,25
1693,11,11,25
1694,11,11,25
1695,11,11,25
1696,11,11,25
1697,11,11,25
1698,11,11,25
1699,11,11,25
1700,11,11,25
1701,11,11,25
1702,11,11,25
1703,11,11,25
1704,11,11,25
1705,11,11,25
1706,11,11,25
1707,11,11,25
1708,11,11,25
1709,11,11,25
1710,11,11,25
1711,11,11,25
1712,11,11,25
1713,11,11,25
1714,11,11,25
1715,11,11,25
1716,11,11,24
1717,11,11,25
1718,11,11,25
1719,11,11,25
1720,11,11,25
1721,11,11,25
1722,11,11,25
1723,11,11,25
1724,11,11,25
1725,11,11,25
1726,11,11,25
1727,11,11,25
1728,11,11,25
1729,11,11,25
1730,11,11,25
1731,11,11,25
1732,11,11,25
1733,11,11,25
1734,11,11,25
1735,11,11,25
1736,11,11,25
1737,11,11,25
1738,11,11,25
1739,11,11,25
1740,11,11,24
1741,11,11,25
1742,11,11,23
1743,11,11,25
1744,11,11,25
1745,11,11,25
1746,11,11,24
1747,11,11,24
1748,11,11,25
1749,11,11,25
1750,11,11,25
1751,11,11,25
1752,11,11,25
1753,11,11,25
1754,11,11,25
1755,11,11,25
1756,11,11,25
1757,11,11,25
1758,11,11,25
1759,11,11,25
1760,11,11,25
1761,11,11,25
1762,11,11,25
1763,11,11,25
1764,11,11,25
1765,11,11,25
1766,11,11,25
1767,11,11,24
1768,11,11,25
1769,11,11,25
1770,11,11,25
1771,11,11,25
1772,11,11,25
1773,11,11,25
1774,11,11,24
1775,11,11,24
1776,11,11,25
1777,11,11,25
1778,11,11,25
1779,11,11,25
1780,11,11,25
1781,11,11,25
1782,11,11,25
1783,11,11,25
1784,11,11,25
1785,11,11,25
1786,11,11,25
1787,11,11,25
1788,11,11,25
1789,11,11,25
1790,11,11,25
1791,11,11,25
1792,11,11,25
1793,11,11,25
1794,11,11,24
1795,11,11,25
1796,11,11,23
1797,11,11,25
1798,11,11,25
1799,11,11,25
1800,11,11,24
1801,11,11,25
1802,11,11,25
1803,11,11,25
1804,11,11,25
1805,11,11,25
1806,11,11,25
1807,11,11,25
1808,11,11,25
1809,11,11,25
1810,11,11,25
1811,11,11,25
1812,11,11,25
1813,11,11,25
1814,11,11,25
1815,11,11,25
1816,11,11,25
1817,11,11,25
1818,11,11,25
1819,11,11,25
1820,11,11,25
1821,11,11,25
1822,11,11,25
1823,11,11,25
1824,11,11,25
1825,11,11,25
1826,11,11,25
1827,11,11,25
1828,11,11,25
1829,11,11,25
1830,11,11,25
1831,11,11,25
1832,11,11,25
1833,11,11,25
1834,11,11,25
1835,11,11,25
1836,11,11,25
1837,11,11,25
1838,11,11,25
1839,11,11,25
1840,11,11,25
1841,11,11,25
1842,11,11,25
1843,11,11,25
1844,11,11,25
1845,11,11,25
1846,11,11,25
1847,11,11,25
1848,11,11,25
1849,11,11,25
1850,11,11,25
1851,11,11,25
1852,11,11,24
1853,11,11,25
1854,11,11,25
1855,11,11,25
1856,11,11,25
1857,11,11,25
1858,11,11,24
1859,11,11,25
1860,11,11,24
1861,11,11,25
1862,11,11,25
1863,11,11,25
1864,11,11,25
1865,11,11,25
1866,11,11,25
1867,11,11,25
1868,11,11,25
1869,11,11,25
1870,11,11,25
1871,11,11,25
1872,11,11,24
1873,11,11,25
1874,11,11,25
1875,11,11,25
1876,11,11,25
1877,11,11,25
1878,11,11,25
1879,11,11,25
1880,11,11,25
1881,11,11,25
1882,11,11,25
1883,11,11,25
1884,11,11,25
1885,11,11,25
1886,11,11,25
1887,11,11,25
1888,11,11,25
1889,11,11,25
1890,11,11,25
1891,11,11,25
1892,11,11,25
1893,11,11,25
1894,11,11,25
1895,11,11,25
1896,11,11,25
1897,11,11,25
1898,11,11,25
1899,11,11,25
1900,11,11,25
1901,11,11,25
1902,11,11,25
1903,11,11,25
1904,11,11,25
1905,11,11,25
1906,11,11,25
1907,11,11,25
1908,11,11,25
1909,11,11,25
1910,11,11,25
1911,11,11,25
1912,11,11,25
1913,11,11,25
1914,11,11,25
1915,11,11,25
1916,11,11,25
1917,11,11,25
1918,11,11,25
1919,11,11,25
1920,11,11,25
1921,11,11,25
1922,11,11,25
1923,11,11,25
1924,11,11,25
1925,11,11,25
1926,11,11,25
1927,11,11,25
1928,11,11,25
1929,11,11,25
1930,11,11,25
1931,11,11,25
1932,11,11,25
1933,11,11,25
1934,11,11,25
1935,11,11,25
1936,11,11,25
1937,11,11,25
1938,11,11,25
1939,11,11,25
1940,11,11,25
1941,11,11,25
1942,11,11,25
1943,11,11,25
1944,11,11,25
1945,11,11,25
1946,11,11,25
1947,11,11,25
1948,11,11,25
1949,11,11,23
1950,11,11,24
1951,11,11,25
1952,11,11,25
1953,11,11,25
1954,11,11,25
1955,11,11,25
1956,11,11,25
1957,11,11,25
1958,11,11,25
1959,11,11,25
1960,11,11,25
1961,11,11,25
1962,11,11,25
1963,11,11,25
1964,11,11,25
1965,11,11,25
1966,11,11,25
1967,11,11,25
1968,11,11,24
1969,11,11,25
1970,11,11,25
1971,11,11,25
1972,11,11,24
1973,11,11,24
1974,11,11,25
1975,11,11,25
1976,11,11,25
1977,11,11,25
1978,11,11,25
1979,11,11,25
1980,11,11,25
1981,11,11,25
1982,11,11,25
1983,11,11,25
1984,11,11,25
1985,11,11,25
1986,11,11,25
1987,11,11,25
1988,11,11,25
1989,11,11,25
1990,11,11,25
1991,11,11,25
1992,11,11,25
1993,11,11,25
1994,11,11,25
1995,11,11,25
1996,11,11,25
1997,11,11,25
1998,11,11,25
1999,11,11,25
