0,0,0,0
1,1,0,0
2,1,0,0
3,1,0,0
4,1,0,0
5,1,0,0
6,1,0,0
7,1,0,0
8,1,0,0
9,1,0,0
10,0,0,0
11,0,0,0
12,0,0,0
13,1,0,0
14,0,0,0
15,1,0,0
16,1,0,0
17,1,0,0
18,1,0,0
19,2,0,0
20,1,0,0
21,1,0,0
22,2,0,0
23,2,0,0
24,2,0,0
25,2,0,0
26,2,0,0
27,2,0,0
28,2,0,0
29,2,0,0
30,2,0,0
31,2,0,0
32,2,0,0
33,2,0,0
34,2,0,0
35,2,0,0
36,2,0,0
37,2,0,0
38,1,0,0
39,1,0,0
40,1,0,0
41,1,0,0
42,1,0,0
43,1,0,0
44,1,0,0
45,1,0,0
46,2,0,0
47,2,0,0
48,2,0,0
49,2,2,1
50,2,0,0
51,2,0,0
52,2,0,0
53,3,0,0
54,3,2,1
55,3,2,1
56,3,3,2
57,3,3,2
58,3,3,2
59,3,3,2
60,3,3,2
61,3,3,2
62,3,3,2
63,3,3,2
64,3,3,2
65,3,2,1
66,4,2,1
67,4,2,1
68,4,2,1
69,4,2,1
70,4,2,1
71,4,0,0
72,3,0,0
73,4,0,0
74,4,0,0
75,4,0,0
76,3,0,0
77,2,0,0
78,1,0,0
79,2,0,0
80,2,0,0
81,3,0,0
82,2,0,0
83,2,0,0
84,2,0,0
85,2,0,0
86,2,0,0
87,2,0,0
88,2,0,0
89,2,0,0
90,2,0,0
91,3,0,0
92,3,0,0
93,3,0,0
94,3,0,0
95,3,0,0
96,3,0,0
97,2,0,0
98,3,0,0
99,4,0,0
100,3,0,0
101,3,0,0
102,1,0,0
103,1,0,0
104,2,0,0
105,2,0,0
106,1,0,0
107,1,0,0
108,1,0,0
109,2,0,0
110,2,0,0
111,2,0,0
112,2,0,0
113,1,0,0
114,1,0,0
115,1,0,0
116,2,0,0
117,2,0,0
118,2,0,0
119,2,0,0
120,2,0,0
121,3,0,0
122,3,0,0
123,2,0,0
124,2,0,0
125,2,0,0
126,2,0,0
127,2,0,0
128,2,0,0
129,1,0,0
130,1,0,0
131,1,0,0
132,1,0,0
133,2,0,0
134,1,0,0
135,1,0,0
136,1,0,0
137,2,0,0
138,3,0,0
139,3,0,0
140,2,0,0
141,3,0,0
142,2,0,0
143,2,0,0
144,2,0,0
145,2,0,0
146,2,0,0
147,1,0,0
148,1,0,0
149,1,0,0
150,2,0,0
151,2,0,0
152,2,0,0
153,1,0,0
154,1,0,0
155,2,0,0
156,2,0,0
157,2,0,0
158,2,0,0
159,2,0,0
160,2,0,0
161,1,0,0
162,2,0,0
163,2,0,0
164,1,0,0
165,1,0,0
166,1,0,0
167,2,0,0
168,1,0,0
169,2,0,0
170,2,0,0
171,2,2,1
172,2,0,0
173,2,0,0
174,2,0,0
175,1,0,0
176,1,0,0
177,1,0,0
178,1,0,0
179,1,0,0
180,2,0,0
181,2,2,1
182,2,2,1
183,2,2,1
184,2,2,1
185,3,2,1
186,2,2,1
187,3,3,2
188,3,3,2
189,3,3,2
190,2,2,1
191,3,2,1
192,3,2,1
193,3,0,0
194,3,0,0
195,2,0,0
196,3,0,0
197,2,0,0
198,3,0,0
199,3,0,0
200,4,0,0
201,4,0,0
202,4,0,0
203,3,0,0
204,3,0,0
205,3,0,0
206,3,0,0
207,3,0,0
208,3,0,0
209,3,0,0
210,3,0,0
211,4,0,0
212,4,0,0
213,3,0,0
214,3,0,0
215,2,0,0
216,3,0,0
217,3,2,1
218,3,0,0
219,3,2,1
220,3,2,1
221,3,2,1
222,2,2,1
223,3,2,1
224,2,2,1
225,2,0,0
226,2,0,0
227,2,0,0
228,3,0,0
229,3,2,1
230,3,0,0
231,3,0,0
232,3,0,0
233,2,0,0
234,2,0,0
235,2,0,0
236,3,0,0
237,2,0,0
238,2,0,0
239,2,0,0
240,2,0,0
241,2,0,0
242,2,0,0
243,2,0,0
244,2,0,0
245,2,0,0
246,2,0,0
247,2,0,0
248,2,0,0
249,2,0,0
250,2,0,0
251,2,0,0
252,2,2,1
253,2,0,0
254,2,0,0
255,2,0,0
256,2,0,0
257,2,0,0
258,2,0,0
259,2,0,0
260,2,0,0
261,1,0,0
262,1,0,0
263,2,0,0
264,2,0,0
265,2,0,0
266,2,0,0
267,2,0,0
268,2,0,0
269,1,0,0
270,1,0,0
271,1,0,0
272,2,0,0
273,2,0,0
274,1,0,0
275,1,0,0
276,2,0,0
277,2,0,0
278,1,0,0
279,2,0,0
280,1,0,0
281,1,0,0
282,1,0,0
283,1,0,0
284,1,0,0
285,1,0,0
286,1,0,0
287,1,0,0
288,2,0,0
289,2,0,0
290,2,0,0
291,1,0,0
292,2,0,0
293,2,0,0
294,3,0,0
295,3,0,0
296,3,0,0
297,3,0,0
298,3,0,0
299,4,0,0
300,3,0,0
301,4,3,2
302,3,2,1
303,3,3,2
304,3,2,1
305,3,0,0
306,3,0,0
307,2,0,0
308,2,0,0
309,2,0,0
310,2,0,0
311,3,0,0
312,3,0,0
313,2,0,0
314,2,0,0
315,2,0,0
316,2,0,0
317,3,0,0
318,3,0,0
319,3,0,0
320,3,2,1
321,3,2,1
322,4,2,1
323,3,3,2
324,3,2,1
325,3,0,0
326,3,0,0
327,3,0,0
328,4,0,0
329,3,0,0
330,3,0,0
331,3,0,0
332,3,2,1
333,3,3,2
334,3,3,2
335,3,3,3
336,3,3,2
337,3,3,3
338,4,3,2
339,3,3,2
340,3,3,2
341,3,3,3
342,3,3,3
343,3,3,3
344,3,3,3
345,3,3,3
346,3,3,3
347,3,3,2
348,3,3,3
349,3,3,3
350,3,3,3
351,3,3,2
352,3,3,3
353,3,3,2
354,3,3,3
355,3,3,2
356,3,3,2
357,3,3,2
358,3,3,2
359,3,3,3
360,3,3,3
361,3,3,3
362,3,3,3
363,3,3,3
364,3,3,3
365,3,3,3
366,3,3,3
367,3,3,3
368,3,3,3
369,3,3,3
370,3,3,2
371,3,3,2
372,3,3,2
373,3,3,3
374,3,3,3
375,3,3,2
376,3,2,1
377,3,3,2
378,3,3,3
379,3,3,3
380,3,3,3
381,3,3,2
382,4,3,3
383,4,3,2
384,4,3,2
385,3,3,3
386,3,3,3
387,3,3,2
388,3,3,3
389,3,3,3
390,4,3,3
391,3,3,3
392,3,3,2
393,3,3,2
394,3,3,3
395,3,3,2
396,3,3,3
397,3,3,3
398,3,3,3
399,3,3,2
400,3,3,2
401,3,3,2
402,3,3,2
403,3,3,3
404,3,3,2
405,3,3,2
406,3,3,2
407,3,3,2
408,4,3,2
409,4,3,3
410,3,3,2
411,5,3,2
412,3,3,2
413,3,3,2
414,3,3,2
415,3,3,2
416,3,3,2
417,3,3,2
418,3,3,2
419,3,3,3
420,3,3,3
421,3,3,2
422,3,3,2
423,4,3,3
424,4,2,1
425,4,3,2
426,4,4,3
427,4,4,3
428,4,3,3
429,4,4,5
430,4,4,4
431,5,3,3
432,4,2,1
433,4,2,1
434,5,2,1
435,5,4,5
436,5,4,4
437,6,4,4
438,5,3,2
439,5,4,3
440,5,4,3
441,5,4,5
442,5,4,5
443,5,4,4
444,5,4,5
445,5,4,5
446,5,4,5
447,5,4,4
448,4,3,2
449,5,4,5
450,5,4,5
451,6,4,4
452,5,4,4
453,6,4,5
454,5,4,4
455,5,4,5
456,5,4,5
457,6,4,5
458,5,4,5
459,5,4,5
460,5,4,5
461,5,4,4
462,5,4,3
463,4,3,3
464,5,4,4
465,5,5,5
466,5,5,7
467,4,4,4
468,4,4,5
469,5,5,6
470,5,5,6
471,5,5,6
472,5,5,7
473,5,4,4
474,5,5,6
475,5,5,7
476,5,5,7
477,5,5,7
478,5,4,4
479,5,4,4
480,5,4,4
481,5,4,3
482,5,4,3
483,5,3,2
484,5,3,2
485,5,3,3
486,5,3,2
487,5,3,2
488,3,3,2
489,3,3,2
490,3,3,3
491,3,3,2
492,4,3,2
493,4,3,2
494,4,3,3
495,4,3,2
496,4,2,1
497,5,2,1
498,5,3,2
499,4,2,1
500,4,3,2
501,4,3,3
502,4,3,2
503,3,3,2
504,3,3,2
505,3,3,2
506,4,3,3
507,4,3,2
508,4,3,2
509,4,3,3
510,4,3,2
511,4,3,3
512,4,3,2
513,4,3,2
514,4,3,2
515,4,3,2
516,4,3,2
517,4,3,2
518,4,3,3
519,4,4,4
520,4,2,1
521,4,4,4
522,4,3,2
523,4,3,3
524,4,2,1
525,3,0,0
526,2,0,0
527,3,0,0
528,2,0,0
529,2,0,0
530,2,0,0
531,2,0,0
532,2,0,0
533,2,2,1
534,2,2,1
535,2,2,1
536,2,0,0
537,2,0,0
538,2,0,0
539,2,0,0
540,2,0,0
541,1,0,0
542,2,0,0
543,2,0,0
544,3,0,0
545,3,0,0
546,3,0,0
547,3,0,0
548,3,0,0
549,3,0,0
550,3,2,1
551,2,0,0
552,3,2,1
553,4,0,0
554,4,0,0
555,4,0,0
556,4,0,0
557,4,0,0
558,3,2,1
559,3,3,3
560,3,3,2
561,3,3,2
562,3,3,3
563,3,3,2
564,3,3,3
565,3,3,3
566,3,3,2
567,3,3,3
568,3,3,2
569,3,3,2
570,3,3,3
571,3,3,2
572,3,3,3
573,3,3,2
574,3,2,1
575,3,2,1
576,3,0,0
577,3,0,0
578,3,0,0
579,3,0,0
580,4,0,0
581,3,0,0
582,3,0,0
583,3,0,0
584,3,0,0
585,3,0,0
586,3,0,0
587,3,0,0
588,3,0,0
589,3,0,0
590,3,0,0
591,3,0,0
592,5,0,0
593,5,0,0
594,5,2,1
595,5,0,0
596,5,0,0
597,5,0,0
598,4,2,1
599,4,2,1
600,4,2,1
601,4,2,1
602,4,2,1
603,4,3,2
604,5,2,1
605,4,2,1
606,4,2,1
607,4,0,0
608,4,2,1
609,4,0,0
610,4,0,0
611,3,0,0
612,2,0,0
613,2,0,0
614,2,0,0
615,2,0,0
616,2,0,0
617,3,0,0
618,3,0,0
619,2,0,0
620,2,0,0
621,2,0,0
622,2,0,0
623,3,0,0
624,4,0,0
625,5,2,1
626,5,4,4
627,4,4,5
628,4,4,4
629,4,4,4
630,4,4,5
631,4,4,4
632,4,4,5
633,4,4,4
634,4,4,4
635,4,4,4
636,4,4,4
637,4,4,4
638,4,4,5
639,4,4,4
640,4,4,3
641,4,4,3
642,4,4,5
643,4,4,4
644,4,3,2
645,4,4,5
646,4,4,4
647,4,4,3
648,4,4,5
649,4,4,5
650,4,4,4
651,4,4,4
652,4,4,5
653,4,4,5
654,4,4,5
655,4,4,5
656,4,4,4
657,5,4,4
658,5,4,4
659,5,3,2
660,4,2,1
661,4,2,1
662,4,3,2
663,4,2,1
664,4,4,3
665,4,4,4
666,5,4,4
667,5,2,1
668,5,3,3
669,5,3,2
670,5,3,2
671,5,4,5
672,4,4,4
673,4,4,5
674,4,4,5
675,4,4,5
676,5,4,5
677,4,4,5
678,4,4,3
679,4,3,2
680,4,4,3
681,4,4,5
682,4,4,3
683,4,4,5
684,4,4,4
685,4,4,4
686,4,4,4
687,4,4,5
688,3,3,2
689,4,4,4
690,4,4,4
691,4,4,4
692,5,4,5
693,5,4,4
694,5,4,4
695,5,4,5
696,6,4,5
697,5,4,5
698,4,4,5
699,5,4,5
700,5,4,5
701,6,4,5
702,6,4,4
703,5,4,3
704,5,4,4
705,5,4,4
706,4,3,3
707,5,4,5
708,4,3,3
709,5,3,3
710,5,4,4
711,5,4,5
712,5,4,5
713,5,4,5
714,5,4,5
715,6,4,5
716,6,4,4
717,6,4,4
718,6,4,5
719,7,4,4
720,7,5,6
721,7,5,7
722,8,6,7
723,8,5,6
724,8,5,6
725,8,4,5
726,7,4,5
727,7,4,5
728,7,5,6
729,7,4,4
730,6,4,4
731,6,3,3
732,5,3,3
733,6,4,4
734,6,2,1
735,5,2,1
736,5,3,3
737,5,3,3
738,4,2,1
739,6,3,3
740,5,3,3
741,5,3,2
742,5,3,3
743,5,3,3
744,5,3,2
745,5,3,3
746,5,3,3
747,5,3,3
748,5,3,3
749,5,2,1
750,5,2,1
751,6,3,3
752,6,3,3
753,5,3,3
754,5,3,3
755,5,3,2
756,5,3,3
757,5,3,2
758,5,3,2
759,5,3,3
760,5,3,3
761,5,5,5
762,4,4,4
763,5,5,5
764,5,5,5
765,4,4,4
766,5,5,4
767,5,5,5
768,6,5,5
769,6,5,6
770,6,5,6
771,5,4,5
772,6,5,7
773,6,5,6
774,6,5,7
775,6,5,7
776,6,5,5
777,6,5,7
778,5,4,5
779,6,5,6
780,5,5,7
781,6,5,5
782,6,5,7
783,6,5,7
784,6,6,8
785,6,6,9
786,6,6,8
787,6,6,9
788,6,6,9
789,6,6,9
790,6,6,9
791,6,6,9
792,6,6,8
793,6,6,8
794,6,6,9
795,6,6,9
796,6,6,9
797,6,6,7
798,6,6,9
799,6,6,9
800,7,6,9
801,7,6,8
802,6,6,8
803,6,6,9
804,6,6,9
805,6,6,9
806,6,6,8
807,6,6,8
808,6,6,8
809,6,6,8
810,6,6,8
811,6,6,8
812,6,6,9
813,6,6,8
814,7,7,10
815,7,7,11
816,6,6,10
817,7,6,10
818,7,6,9
819,7,6,9
820,7,6,9
821,7,6,10
822,7,6,10
823,7,6,10
824,7,6,10
825,7,6,9
826,6,6,9
827,6,6,9
828,6,6,10
829,6,6,9
830,6,6,10
831,6,6,10
832,6,6,10
833,6,6,10
834,6,6,9
835,6,6,10
836,6,6,8
837,6,6,10
838,6,6,9
839,6,6,10
840,6,6,10
841,6,6,9
842,6,6,9
843,6,6,10
844,6,6,10
845,6,6,10
846,6,6,10
847,6,6,8
848,6,6,10
849,6,6,10
850,6,6,8
851,6,6,10
852,6,6,9
853,6,6,10
854,6,6,10
855,6,6,10
856,6,6,10
857,6,6,10
858,6,6,10
859,6,6,9
860,6,6,10
861,6,6,10
862,6,6,10
863,6,6,10
864,6,6,10
865,7,6,10
866,6,6,10
867,6,6,10
868,6,6,10
869,6,6,10
870,6,6,10
871,6,6,9
872,6,6,10
873,6,6,10
874,6,6,10
875,6,6,10
876,7,7,12
877,7,7,10
878,7,7,11
879,7,7,11
880,7,7,12
881,6,6,9
882,7,7,12
883,7,7,11
884,7,7,10
885,7,7,12
886,7,7,12
887,7,7,12
888,7,7,12
889,6,6,10
890,7,7,11
891,7,7,12
892,7,7,12
893,7,7,12
894,7,7,12
895,7,7,12
896,7,7,12
897,7,7,11
898,7,7,12
899,7,7,12
900,7,7,12
901,7,7,10
902,7,7,12
903,7,7,12
904,7,7,12
905,7,7,12
906,7,7,11
907,8,7,12
908,8,7,12
909,8,7,12
910,8,7,12
911,8,7,12
912,8,7,12
913,8,7,11
914,8,7,12
915,7,7,12
916,8,7,12
917,7,7,12
918,6,6,10
919,7,6,8
920,7,6,9
921,7,6,10
922,7,6,9
923,7,6,8
924,7,6,9
925,8,6,10
926,7,6,10
927,7,6,9
928,7,6,10
929,7,6,9
930,7,6,10
931,7,6,10
932,7,7,11
933,8,7,11
934,9,8,14
935,9,8,15
936,8,8,15
937,8,8,15
938,8,8,15
939,8,8,15
940,8,8,15
941,8,8,15
942,8,8,15
943,8,8,14
944,8,8,15
945,8,8,15
946,8,8,15
947,8,8,14
948,8,8,15
949,8,8,15
950,8,8,15
951,8,8,15
952,8,8,15
953,8,8,15
954,8,8,15
955,8,8,15
956,9,9,17
957,9,9,17
958,9,9,16
959,9,9,17
960,9,9,16
961,9,9,17
962,9,9,17
963,9,9,17
964,9,9,17
965,9,9,16
966,9,9,17
967,9,9,17
968,9,9,17
969,9,9,17
970,9,9,17
971,9,9,17
972,9,9,17
973,9,9,17
974,9,9,17
975,9,9,17
976,8,8,15
977,9,9,17
978,9,9,16
979,9,9,17
980,9,9,17
981,9,9,17
982,9,9,17
983,9,9,17
984,9,9,17
985,9,9,17
986,9,8,15
987,9,8,15
988,9,8,15
989,8,8,15
990,8,8,13
991,8,8,15
992,8,8,15
993,8,8,15
994,8,8,15
995,8,8,15
996,8,8,15
997,8,8,15
998,8,8,15
999,8,8,15
1000,8,8,15
1001,8,8,15
1002,8,8,15
1003,8,8,14
1004,8,8,15
1005,8,8,15
1006,8,8,15
1007,8,8,15
1008,8,8,15
1009,8,8,14
1010,8,8,15
1011,8,8,15
1012,8,8,15
1013,8,8,15
1014,8,8,14
1015,8,8,15
1016,8,8,15
1017,8,8,15
1018,8,8,15
1019,8,8,15
1020,8,8,15
1021,8,8,15
1022,8,8,14
1023,8,8,13
1024,8,8,14
1025,8,8,15
1026,8,8,14
1027,8,8,15
1028,8,8,15
1029,8,8,15
1030,8,8,15
1031,8,8,15
1032,8,8,15
1033,8,8,15
1034,8,8,15
1035,8,8,15
1036,8,8,15
1037,8,8,15
1038,8,8,15
1039,8,8,15
1040,8,8,13
1041,8,8,15
1042,8,8,15
1043,8,8,15
1044,8,8,15
1045,9,8,15
1046,8,8,15
1047,8,8,15
1048,8,8,15
1049,8,8,15
1050,8,8,15
1051,8,8,14
1052,8,8,15
1053,8,8,15
1054,8,8,15
1055,8,8,15
1056,8,8,14
1057,8,8,15
1058,8,8,14
1059,8,8,15
1060,8,8,14
1061,8,8,15
1062,8,8,15
1063,8,8,15
1064,8,8,15
1065,8,8,15
1066,8,8,15
1067,9,8,15
1068,9,8,15
1069,9,8,15
1070,8,8,15
1071,9,9,17
1072,9,9,16
1073,9,9,17
1074,9,9,18
1075,8,8,14
1076,9,9,17
1077,9,9,18
1078,9,9,16
1079,9,9,17
1080,9,9,18
1081,9,9,18
1082,9,9,18
1083,9,9,17
1084,9,9,18
1085,9,9,18
1086,9,9,18
1087,9,9,18
1088,9,9,17
1089,9,9,18
1090,9,9,18
1091,9,9,17
1092,9,9,18
1093,9,9,18
1094,9,9,18
1095,9,9,17
1096,9,9,18
1097,9,9,18
1098,9,9,16
1099,9,9,18
1100,9,9,17
1101,9,9,18
1102,9,9,17
1103,9,9,18
1104,9,9,17
1105,9,9,18
1106,9,9,18
1107,9,9,17
1108,9,9,17
1109,9,9,18
1110,9,9,18
1111,9,9,18
1112,9,9,18
1113,9,9,18
1114,9,9,18
1115,9,9,18
1116,9,9,18
1117,9,9,18
1118,9,9,18
1119,9,9,18
1120,9,9,18
1121,9,9,18
1122,9,9,18
1123,9,9,17
1124,9,9,18
1125,9,9,18
1126,9,9,18
1127,9,9,18
1128,9,9,18
1129,9,9,18
1130,9,9,18
1131,9,9,18
1132,9,9,18
1133,9,9,18
1134,9,9,18
1135,9,9,18
1136,9,9,18
1137,9,9,18
1138,9,9,18
1139,9,9,18
1140,9,9,18
1141,9,9,18
1142,9,9,18
1143,9,9,18
1144,9,9,18
1145,9,9,18
1146,9,9,18
1147,9,9,18
1148,9,9,18
1149,9,9,18
1150,10,9,18
1151,10,10,20
1152,10,10,21
1153,10,10,20
1154,10,10,21
1155,10,10,21
1156,10,10,21
1157,10,10,21
1158,10,10,21
1159,10,10,21
1160,10,10,21
1161,10,10,21
1162,10,10,21
1163,10,10,21
1164,10,10,21
1165,10,10,20
1166,10,10,21
1167,10,10,21
1168,10,10,21
1169,10,10,21
1170,10,10,21
1171,10,10,21
1172,10,10,20
1173,10,10,20
1174,10,10,20
1175,10,10,20
1176,10,10,21
1177,10,10,21
1178,10,10,21
1179,10,10,21
1180,10,10,21
1181,10,10,21
1182,10,10,21
1183,10,10,21
1184,10,10,20
1185,10,10,21
1186,10,10,19
1187,10,10,20
1188,10,10,21
1189,10,10,21
1190,10,10,21
1191,10,10,20
1192,10,10,21
1193,10,10,21
1194,10,10,21
1195,10,10,21
1196,10,10,21
1197,10,10,20
1198,10,10,21
1199,10,10,21
1200,10,10,21
1201,10,10,21
1202,10,10,21
1203,10,10,21
1204,10,10,21
1205,10,10,21
1206,10,10,21
1207,10,10,21
1208,10,10,21
1209,10,10,21
1210,10,10,21
1211,10,10,21
1212,10,10,21
1213,9,9,18
1214,10,10,21
1215,10,10,21
1216,10,10,21
1217,10,10,21
1218,10,10,21
1219,10,10,21
1220,10,10,21
1221,10,10,21
1222,10,10,21
1223,10,10,21
1224,10,10,20
1225,10,10,21
1226,10,10,21
1227,10,10,21
1228,10,10,21
1229,10,10,21
1230,10,10,21
1231,10,10,21
1232,10,10,21
1233,10,10,21
1234,10,10,21
1235,10,10,21
1236,10,10,21
1237,10,10,21
1238,10,10,21
1239,10,10,21
1240,10,10,21
1241,10,10,21
1242,10,10,21
1243,10,10,21
1244,10,10,21
1245,10,10,21
1246,10,10,20
1247,10,10,21
1248,10,10,20
1249,10,10,20
1250,10,10,21
1251,10,10,20
1252,10,10,19
1253,10,10,20
1254,10,10,21
1255,10,10,21
1256,10,10,21
1257,10,10,21
1258,10,10,21
1259,10,10,20
1260,10,10,21
1261,10,10,21
1262,10,10,21
1263,10,10,21
1264,10,10,21
1265,10,10,21
1266,10,10,20
1267,10,10,19
1268,10,10,21
1269,10,10,21
1270,10,10,21
1271,10,10,21
1272,10,10,20
1273,10,10,21
1274,10,10,21
1275,10,10,21
1276,10,10,21
1277,10,10,21
1278,10,10,21
1279,10,10,21
1280,10,10,21
1281,10,10,21
1282,10,10,21
1283,10,10,21
1284,10,10,21
1285,10,10,21
1286,10,10,21
1287,10,10,21
1288,10,10,21
1289,10,10,21
1290,10,10,21
1291,10,10,21
1292,10,10,21
1293,10,10,21
1294,10,10,20
1295,10,10,21
1296,10,10,21
1297,10,10,21
1298,10,10,21
1299,10,10,21
1300,10,10,21
1301,10,10,21
1302,10,10,21
1303,10,10,21
1304,10,10,21
1305,10,10,21
1306,10,10,21
1307,10,10,21
1308,10,10,21
1309,10,10,21
1310,10,10,21
1311,10,10,21
1312,10,10,21
1313,10,10,21
1314,10,10,21
1315,10,10,20
1316,10,10,20
1317,10,10,20
1318,10,10,20
1319,10,10,21
1320,10,10,21
1321,10,10,21
1322,10,10,21
1323,10,10,18
1324,10,10,21
1325,10,10,21
1326,10,10,21
1327,10,10,20
1328,10,10,21
1329,10,10,21
1330,10,10,21
1331,10,10,21
1332,10,10,21
1333,10,10,21
1334,10,10,21
1335,10,10,21
1336,10,10,21
1337,10,10,21
1338,10,10,21
1339,10,10,21
1340,10,10,21
1341,10,10,21
1342,10,10,21
1343,10,10,21
1344,10,10,21
1345,10,10,21
1346,10,10,21
1347,10,10,21
1348,10,10,20
1349,10,10,21
1350,10,10,21
1351,9,9,18
1352,10,10,21
1353,10,10,21
1354,10,10,21
1355,10,10,21
1356,10,10,20
1357,10,10,21
1358,10,10,21
1359,10,10,21
1360,10,10,20
1361,10,10,21
1362,10,10,21
1363,10,10,21
1364,10,10,21
1365,10,10,21
1366,10,10,21
1367,10,10,20
1368,10,10,21
1369,10,10,21
1370,10,10,21
1371,10,10,21
1372,10,10,21
1373,10,10,21
1374,10,10,21
1375,10,10,21
1376,10,10,21
1377,10,10,21
1378,11,11,24
1379,11,11,25
1380,11,11,25
1381,11,11,25
1382,11,11,25
1383,11,11,25
1384,11,11,25
1385,11,11,25
1386,11,11,24
1387,11,11,25
1388,11,11,25
1389,11,11,25
1390,11,11,25
1391,11,11,25
1392,11,11,25
1393,11,11,25
1394,11,11,25
1395,11,11,25
1396,11,11,25
1397,11,11,25
1398,11,11,25
1399,11,11,25
1400,11,11,25
1401,11,11,25
1402,11,11,25
1403,11,11,25
1404,11,11,25
1405,11,11,25
1406,11,11,25
1407,11,11,25
1408,11,11,25
1409,11,11,25
1410,11,11,25
1411,11,11,25
1412,11,11,25
1413,11,11,25
1414,11,11,25
1415,11,11,24
1416,11,11,24
1417,11,11,25
1418,11,11,25
1419,11,11,25
1420,11,11,25
1421,11,11,25
1422,11,11,25
1423,11,11,25
1424,11,11,25
1425,11,11,25
1426,11,11,25
1427,11,11,25
1428,11,11,25
1429,11,11,25
1430,11,11,25
1431,11,11,25
1432,11,11,25
1433,11,11,25
1434,11,11,25
1435,11,11,25
1436,11,11,25
1437,11,11,25
1438,11,11,25
1439,11,11,25
1440,11,11,25
1441,11,11,25
1442,11,11,25
1443,11,11,25
1444,11,11,25
1445,11,11,25
1446,11,11,25
1447,11,11,25
1448,11,11,25
1449,11,11,24
1450,11,11,25
1451,11,11,25
1452,11,11,25
1453,11,11,25
1454,11,11,25
1455,11,11,25
1456,11,11,25
1457,11,11,25
1458,11,11,25
1459,11,11,25
1460,11,11,25
1461,11,11,25
1462,11,11,25
1463,11,11,25
1464,11,11,25
1465,11,11,25
1466,11,11,25
1467,11,11,25
1468,11,11,25
1469,11,11,25
1470,11,11,25
1471,11,11,25
1472,11,11,25
1473,11,11,25
1474,11,11,25
1475,11,11,24
1476,11,11,25
1477,11,11,25
1478,11,11,25
1479,11,11,25
1480,11,11,25
1481,11,11,25
1482,11,11,25
1483,11,11,25
1484,11,11,25
1485,11,11,25
1486,11,11,25
1487,11,11,25
1488,11,11,25
1489,11,11,25
1490,11,11,25
1491,11,11,25
1492,11,11,25
1493,11,11,25
1494,11,11,25
1495,11,11,25
1496,11,11,25
1497,11,11,25
1498,11,11,25
1499,11,11,25
1500,11,11,25
1501,11,11,25
1502,11,11,25
1503,11,11,25
1504,11,11,25
1505,11,11,25
1506,11,11,25
1507,11,11,25
1508,11,11,25
1509,11,11,25
1510,11,11,25
1511,11,11,25
1512,11,11,25
1513,11,11,25
1514,11,11,25
1515,11,11,25
1516,11,11,25
1517,11,11,25
1518,11,11,25
1519,11,11,25
1520,11,11,25
1521,11,11,25
1522,11,11,25
1523,11,11,25
1524,11,11,25
1525,11,11,25
1526,11,11,25
1527,11,11,25
1528,11,11,25
1529,11,11,25
1530,11,11,25
1531,11,11,25
1532,11,11,25
1533,11,11,25
1534,11,11,25
1535,11,11,25
1536,11,11,25
1537,11,11,25
1538,11,11,25
1539,11,11,25
1540,11,11,25
1541,11,11,25
1542,11,11,25
1543,11,11,25
1544,11,11,25
1545,11,11,25
1546,11,11,25
1547,11,11,25
1548,11,11,25
1549,11,11,25
1550,11,11,25
1551,11,11,25
1552,11,11,25
1553,11,11,25
1554,11,11,25
1555,11,11,25
1556,12,12,30
1557,12,12,30
1558,12,12,30
1559,12,12,30
1560,12,12,30
1561,12,12,29
1562,12,12,30
1563,12,12,30
1564,12,12,30
1565,12,12,30
1566,12,12,30
1567,12,12,30
1568,12,12,30
1569,12,12,30
1570,12,12,30
1571,12,12,30
1572,12,12,30
1573,12,12,30
1574,12,12,30
1575,12,12,30
1576,12,12,30
1577,12,12,30
1578,12,12,30
1579,12,12,30
1580,12,12,30
1581,12,12,30
1582,12,12,30
1583,12,12,30
1584,12,12,30
1585,12,12,30
1586,12,12,30
1587,12,12,30
1588,12,12,30
1589,12,12,30
1590,12,12,30
1591,12,12,30
1592,12,12,30
1593,12,12,30
1594,12,12,30
1595,12,12,30
1596,12,12,30
1597,12,12,30
1598,12,12,30
1599,12,12,30
1600,12,12,30
1601,12,12,30
1602,12,12,30
1603,12,12,30
1604,12,12,30
1605,12,12,30
1606,12,12,30
1607,12,12,30
1608,12,12,30
1609,12,12,30
1610,12,12,30
1611,12,12,30
1612,12,12,30
1613,12,12,30
1614,12,12,30
1615,12,12,30
1616,12,12,30
1617,12,12,30
1618,12,12,30
1619,12,12,30
1620,12,12,30
1621,12,12,30
1622,12,12,30
1623,12,12,30
1624,12,12,30
1625,12,12,30
1626,12,12,30
1627,12,12,30
1628,12,12,30
1629,12,12,30
1630,12,12,30
1631,12,12,30
1632,12,12,30
1633,12,12,30
1634,12,12,30
1635,12,12,30
1636,12,12,30
1637,12,12,30
1638,12,12,30
1639,12,12,30
1640,12,12,30
1641,12,12,30
1642,12,12,30
1643,12,12,30
1644,12,12,30
1645,12,12,30
1646,12,12,30
1647,12,12,30
1648,12,12,30
1649,12,12,30
1650,12,12,30
1651,12,12,30
1652,12,12,30
1653,12,12,30
1654,12,12,30
1655,12,12,30
1656,12,12,30
1657,12,12,30
1658,12,12,30
1659,12,12,30
1660,12,12,30
1661,12,12,30
1662,12,12,30
1663,12,12,30
1664,12,12,30
1665,12,12,30
1666,12,12,30
1667,12,12,30
1668,12,12,30
1669,12,12,30
1670,12,12,30
1671,12,12,30
1672,12,12,30
1673,12,12,30
1674,12,12,30
1675,12,12,30
1676,12,12,30
1677,12,12,30
1678,12,12,30
1679,12,12,30
1680,12,12,30
1681,12,12,30
1682,12,12,30
1683,12,12,30
1684,12,12,30
1685,12,12,30
1686,12,12,30
1687,12,12,30
1688,12,12,30
1689,12,12,30
1690,12,12,30
1691,12,12,30
1692,12,12,30
1693,12,12,30
1694,12,12,30
1695,12,12,30
1696,12,12,30
1697,12,12,30
1698,12,12,30
1699,12,12,30
1700,12,12,30
1701,12,12,30
1702,12,12,30
1703,12,12,30
1704,12,12,30
1705,12,12,30
1706,12,12,30
1707,12,12,30
1708,12,12,30
1709,12,12,30
1710,12,12,30
1711,12,12,30
1712,12,12,30
1713,12,12,30
1714,12,12,30
1715,12,12,30
1716,12,12,30
1717,12,12,30
1718,12,12,30
1719,12,12,30
1720,12,12,30
1721,12,12,30
1722,12,12,30
1723,12,12,30
1724,12,12,30
1725,12,12,30
1726,12,12,30
1727,12,12,30
1728,12,12,30
1729,12,12,30
1730,12,12,30
1731,12,12,30
1732,12,12,30
1733,12,12,30
1734,12,12,30
1735,12,12,30
1736,12,12,30
1737,12,12,30
1738,12,12,30
1739,12,12,30
1740,12,12,30
1741,12,12,30
1742,12,12,30
1743,12,12,30
1744,12,12,30
1745,12,12,30
1746,12,12,30
1747,12,12,30
1748,12,12,30
1749,12,12,30
1750,12,12,30
1751,12,12,30
1752,12,12,30
1753,12,12,30
1754,12,12,30
1755,12,12,30
1756,12,12,30
1757,12,12,30
1758,12,12,30
1759,12,12,30
1760,12,12,30
1761,12,12,30
1762,12,12,30
1763,12,12,30
1764,12,12,30
1765,12,12,30
1766,12,12,30
1767,12,12,30
1768,12,12,30
1769,12,12,30
1770,12,12,30
1771,12,12,29
1772,12,12,30
1773,12,12,30
1774,12,12,30
1775,12,12,30
1776,12,12,30
1777,12,12,30
1778,12,12,30
1779,12,12,30
1780,12,12,30
1781,12,12,30
1782,12,12,30
1783,12,12,30
1784,12,12,30
1785,12,12,30
1786,12,12,30
1787,12,12,30
1788,12,12,30
1789,12,12,30
1790,12,12,30
1791,12,12,30
1792,12,12,30
1793,12,12,30
1794,12,12,30
1795,12,12,30
1796,12,12,30
1797,12,12,30
1798,12,12,30
1799,12,12,30
1800,12,12,30
1801,12,12,30
1802,12,12,30
1803,12,12,30
1804,12,12,30
1805,12,12,30
1806,12,12,30
1807,12,12,30
1808,12,12,30
1809,12,12,30
1810,12,12,30
1811,12,12,30
1812,12,12,30
1813,12,12,30
1814,12,12,30
1815,12,12,30
1816,12,12,30
1817,12,12,30
1818,12,12,30
1819,12,12,30
1820,12,12,30
1821,12,12,30
1822,12,12,30
1823,12,12,30
1824,12,12,30
1825,12,12,30
1826,12,12,30
1827,12,12,30
1828,12,12,30
1829,12,12,30
1830,12,12,30
1831,12,12,30
1832,12,12,30
1833,12,12,30
1834,12,12,30
1835,12,12,30
1836,12,12,30
1837,12,12,30
1838,12,12,30
1839,12,12,30
1840,12,12,30
1841,12,12,30
1842,12,12,30
1843,12,12,30
1844,12,12,30
1845,12,12,30
1846,12,12,30
1847,12,12,30
1848,12,12,30
1849,12,12,30
1850,12,12,30
1851,12,12,30
1852,12,12,30
1853,12,12,30
1854,12,12,30
1855,12,12,30
1856,12,12,30
1857,12,12,30
1858,12,12,30
1859,12,12,30
1860,12,12,30
1861,12,12,30
1862,12,12,30
1863,12,12,30
1864,12,12,30
1865,12,12,30
1866,12,12,30
1867,12,12,30
1868,12,12,30
1869,12,12,30
1870,12,12,30
1871,12,12,30
1872,12,12,30
1873,12,12,30
1874,12,12,30
1875,12,12,30
1876,12,12,30
1877,12,12,30
1878,12,12,29
1879,12,12,30
1880,12,12,30
1881,12,12,30
1882,12,12,30
1883,12,12,30
1884,12,12,30
1885,12,12,30
1886,12,12,30
1887,12,12,30
1888,12,12,30
1889,12,12,30
1890,12,12,30
1891,12,12,30
1892,12,12,30
1893,12,12,30
1894,12,12,30
1895,12,12,30
1896,12,12,30
1897,12,12,30
1898,12,12,30
1899,12,12,30
1900,12,12,30
1901,12,12,30
1902,12,12,30
1903,12,12,30
1904,12,12,30
1905,12,12,30
1906,12,12,30
1907,12,12,30
1908,12,12,30
1909,12,12,30
1910,12,12,30
1911,12,12,30
1912,12,12,30
1913,12,12,30
1914,12,12,30
1915,12,12,30
1916,12,12,30
1917,12,12,30
1918,12,12,30
1919,12,12,30
1920,12,12,30
1921,12,12,30
1922,12,12,30
1923,12,12,30
1924,12,12,30
1925,12,12,30
1926,12,12,30
1927,12,12,30
1928,12,12,30
1929,12,12,30
1930,12,12,30
1931,12,12,30
1932,12,12,30
1933,12,12,30
1934,12,12,30
1935,12,12,29
1936,12,12,30
1937,12,12,30
1938,12,12,30
1939,12,12,29
1940,12,12,30
1941,12,12,30
1942,12,12,30
1943,12,12,30
1944,12,12,30
1945,12,12,29
1946,12,12,30
1947,12,12,30
1948,12,12,30
1949,12,12,30
1950,12,12,30
1951,12,12,30
1952,12,12,30
1953,12,12,30
1954,12,12,30
1955,12,12,30
1956,12,12,30
1957,12,12,30
1958,12,12,30
1959,12,12,30
1960,12,12,30
1961,12,12,30
1962,12,12,30
1963,12,12,30
1964,12,12,30
1965,12,12,30
1966,12,12,30
1967,12,12,30
1968,12,12,30
1969,12,12,30
1970,12,12,30
1971,12,12,30
1972,12,12,30
1973,12,12,30
1974,12,12,30
1975,12,12,30
1976,12,12,30
1977,12,12,30
1978,12,12,30
1979,12,12,30
1980,12,12,30
1981,12,12,30
1982,12,12,30
1983,12,12,30
1984,12,12,30
1985,12,12,30
1986,12,12,30
1987,12,12,30
1988,12,12,30
1989,12,12,30
1990,12,12,30
1991,12,12,30
1992,12,12,30
1993,12,12,30
1994,12,12,30
1995,12,12,30
1996,12,12,30
1997,12,12,30
1998,12,12,30
1999,12,12,30
