0,0,0,0
1,1,0,0
2,0,0,0
3,0,0,0
4,0,0,0
5,0,0,0
6,0,0,0
7,0,0,0
8,0,0,0
9,1,0,0
10,0,0,0
11,0,0,0
12,1,0,0
13,0,0,0
14,0,0,0
15,0,0,0
16,0,0,0
17,1,0,0
18,0,0,0
19,0,0,0
20,0,0,0
21,0,0,0
22,0,0,0
23,1,0,0
24,1,0,0
25,1,0,0
26,1,0,0
27,1,0,0
28,1,0,0
29,1,0,0
30,1,0,0
31,1,0,0
32,0,0,0
33,0,0,0
34,0,0,0
35,1,0,0
36,1,0,0
37,0,0,0
38,1,0,0
39,1,0,0
40,1,0,0
41,2,0,0
42,2,0,0
43,2,0,0
44,3,0,0
45,2,0,0
46,1,0,0
47,1,0,0
48,2,0,0
49,2,0,0
50,1,0,0
51,1,0,0
52,1,0,0
53,1,0,0
54,1,0,0
55,1,0,0
56,1,0,0
57,1,0,0
58,1,0,0
59,1,0,0
60,1,0,0
61,1,0,0
62,1,0,0
63,2,0,0
64,2,0,0
65,2,0,0
66,2,0,0
67,2,0,0
68,2,0,0
69,2,0,0
70,3,0,0
71,3,0,0
72,3,0,0
73,3,0,0
74,3,0,0
75,3,0,0
76,3,0,0
77,3,0,0
78,2,2,1
79,2,0,0
80,2,0,0
81,3,0,0
82,3,0,0
83,3,0,0
84,2,0,0
85,3,0,0
86,3,0,0
87,3,0,0
88,3,0,0
89,3,0,0
90,3,0,0
91,3,0,0
92,3,0,0
93,3,2,1
94,3,2,1
95,3,0,0
96,3,0,0
97,3,2,1
98,3,2,1
99,3,2,1
100,3,0,0
101,3,0,0
102,4,0,0
103,4,0,0
104,4,0,0
105,4,0,0
106,4,0,0
107,4,0,0
108,4,2,1
109,4,2,1
110,4,2,1
111,4,2,1
112,4,2,1
113,4,2,1
114,4,2,1
115,5,0,0
116,4,3,2
117,4,0,0
118,4,0,0
119,3,0,0
120,4,0,0
121,4,0,0
122,4,0,0
123,4,0,0
124,3,0,0
125,3,0,0
126,2,0,0
127,2,2,1
128,2,2,1
129,4,2,1
130,4,0,0
131,4,2,1
132,4,0,0
133,4,0,0
134,4,2,1
135,4,0,0
136,4,2,1
137,4,3,2
138,4,2,1
139,4,2,1
140,4,0,0
141,5,2,1
142,5,2,1
143,5,0,0
144,4,0,0
145,3,0,0
146,4,0,0
147,3,0,0
148,3,0,0
149,4,0,0
150,3,0,0
151,3,0,0
152,3,2,1
153,3,0,0
154,3,0,0
155,3,0,0
156,3,0,0
157,3,0,0
158,4,0,0
159,3,0,0
160,3,0,0
161,3,0,0
162,3,0,0
163,2,0,0
164,2,2,1
165,2,0,0
166,3,0,0
167,2,0,0
168,2,0,0
169,2,0,0
170,2,0,0
171,2,0,0
172,2,0,0
173,2,0,0
174,2,0,0
175,2,0,0
176,2,0,0
177,2,0,0
178,2,0,0
179,1,0,0
180,1,0,0
181,2,0,0
182,2,0,0
183,2,0,0
184,2,0,0
185,2,0,0
186,2,0,0
187,2,0,0
188,2,0,0
189,2,0,0
190,2,0,0
191,2,0,0
192,3,0,0
193,2,0,0
194,2,0,0
195,2,0,0
196,2,0,0
197,2,0,0
198,2,0,0
199,2,0,0
200,1,0,0
201,0,0,0
202,1,0,0
203,2,0,0
204,2,0,0
205,1,0,0
206,1,0,0
207,1,0,0
208,2,0,0
209,3,2,1
210,3,0,0
211,2,0,0
212,2,0,0
213,2,0,0
214,2,0,0
215,2,0,0
216,2,0,0
217,3,0,0
218,3,0,0
219,3,0,0
220,2,0,0
221,2,0,0
222,2,0,0
223,3,0,0
224,2,0,0
225,2,0,0
226,3,0,0
227,4,2,1
228,4,0,0
229,4,0,0
230,4,0,0
231,4,0,0
232,3,2,1
233,2,2,1
234,2,2,1
235,3,2,1
236,4,2,1
237,4,4,3
238,4,3,2
239,4,3,2
240,4,4,4
241,4,4,3
242,5,4,4
243,4,4,3
244,5,4,4
245,4,4,5
246,4,4,4
247,4,4,4
248,4,4,5
249,4,4,4
250,4,4,4
251,4,4,4
252,4,4,5
253,4,4,4
254,4,4,4
255,4,4,4
256,3,3,2
257,3,3,3
258,4,4,4
259,4,4,4
260,4,4,4
261,4,4,3
262,4,4,5
263,4,4,4
264,4,4,4
265,4,4,5
266,4,4,5
267,4,4,4
268,4,4,3
269,4,4,4
270,4,4,4
271,4,4,5
272,4,4,3
273,4,4,4
274,4,4,4
275,4,4,4
276,4,4,5
277,4,4,4
278,4,4,3
279,5,4,5
280,5,4,4
281,4,4,4
282,5,4,5
283,5,4,3
284,5,4,4
285,5,4,4
286,5,4,5
287,5,4,5
288,4,4,4
289,4,4,5
290,4,4,4
291,4,4,3
292,4,4,5
293,5,4,4
294,5,4,5
295,5,4,5
296,5,4,5
297,5,4,4
298,5,4,4
299,5,4,5
300,5,4,5
301,5,4,5
302,6,4,3
303,6,3,3
304,6,3,3
305,6,3,3
306,6,3,3
307,6,3,2
308,6,5,4
309,6,6,6
310,6,6,8
311,6,6,9
312,6,6,8
313,6,6,8
314,6,6,8
315,6,5,7
316,6,5,7
317,6,5,7
318,6,5,7
319,6,5,6
320,5,5,6
321,5,5,7
322,4,4,4
323,5,5,5
324,5,5,7
325,5,5,7
326,5,5,6
327,5,5,7
328,6,5,7
329,5,5,7
330,6,5,7
331,6,5,7
332,6,6,8
333,6,6,8
334,7,7,9
335,7,7,12
336,7,7,11
337,7,7,12
338,7,7,11
339,7,7,11
340,7,7,12
341,7,7,12
342,7,7,12
343,7,7,12
344,7,7,11
345,7,7,12
346,7,7,12
347,7,7,12
348,7,7,12
349,7,7,12
350,7,7,11
351,7,7,11
352,7,7,12
353,7,7,11
354,7,7,12
355,7,7,11
356,7,7,12
357,7,7,12
358,7,7,12
359,7,7,12
360,8,8,14
361,8,8,15
362,8,8,15
363,8,8,15
364,8,8,15
365,8,8,15
366,8,8,15
367,8,8,15
368,8,8,15
369,8,8,15
370,8,8,15
371,8,8,15
372,8,8,15
373,8,8,15
374,8,8,15
375,8,8,13
376,8,8,14
377,8,8,15
378,9,9,16
379,9,9,16
380,9,9,17
381,9,9,16
382,9,9,17
383,9,9,16
384,9,9,15
385,8,8,15
386,9,9,16
387,9,9,16
388,9,9,17
389,9,9,17
390,9,9,17
391,9,9,17
392,9,9,16
393,9,9,16
394,9,8,15
395,9,9,16
396,9,8,15
397,9,8,15
398,8,8,15
399,8,8,15
400,8,8,15
401,8,8,15
402,8,8,15
403,8,8,15
404,8,8,15
405,8,8,15
406,8,8,15
407,8,8,15
408,8,8,15
409,8,8,15
410,8,8,15
411,8,8,15
412,8,8,15
413,8,8,14
414,8,8,15
415,9,9,16
416,9,9,17
417,9,9,18
418,9,9,18
419,9,9,18
420,9,9,18
421,9,9,18
422,9,9,18
423,9,9,18
424,9,9,18
425,9,9,18
426,9,9,17
427,9,9,18
428,9,9,18
429,9,9,18
430,9,9,17
431,9,9,18
432,9,9,18
433,9,9,17
434,9,9,18
435,9,9,18
436,9,9,18
437,9,9,18
438,9,9,18
439,9,9,18
440,9,9,16
441,9,9,18
442,9,9,18
443,9,9,18
444,9,9,18
445,9,9,18
446,9,9,18
447,9,9,18
448,9,9,18
449,9,9,18
450,9,9,18
451,9,9,18
452,9,9,18
453,9,9,18
454,9,9,18
455,9,9,18
456,9,9,18
457,9,9,17
458,9,9,18
459,9,9,18
460,9,9,18
461,9,9,18
462,9,9,18
463,9,9,18
464,9,9,18
465,9,9,18
466,9,9,18
467,9,9,18
468,9,9,18
469,9,9,18
470,9,9,18
471,9,9,18
472,9,9,18
473,9,9,18
474,9,9,18
475,9,9,18
476,9,9,18
477,9,9,18
478,9,9,18
479,9,9,18
480,9,9,18
481,9,9,18
482,9,9,18
483,9,9,18
484,9,9,18
485,9,9,18
486,9,9,18
487,9,9,18
488,9,9,18
489,9,9,18
490,9,9,18
491,9,9,18
492,9,9,18
493,9,9,18
494,9,9,18
495,9,9,18
496,9,9,18
497,9,9,18
498,9,9,18
499,9,9,18
500,9,9,18
501,9,9,18
502,9,9,18
503,9,9,18
504,9,9,18
505,9,9,18
506,9,9,18
507,9,9,18
508,9,9,18
509,9,9,18
510,9,9,18
511,9,9,17
512,9,9,18
513,9,9,18
514,9,9,18
515,9,9,18
516,9,9,18
517,9,9,18
518,9,9,18
519,9,9,18
520,9,9,18
521,9,9,18
522,9,9,18
523,9,9,16
524,9,9,18
525,9,9,18
526,9,9,18
527,9,9,18
528,9,9,18
529,9,9,18
530,9,9,18
531,9,9,18
532,9,9,18
533,9,9,18
534,9,9,18
535,9,9,18
536,9,9,18
537,9,9,18
538,9,9,18
539,9,9,18
540,9,9,18
541,9,9,18
542,9,9,18
543,9,9,18
544,9,9,18
545,9,9,17
546,9,9,18
547,9,9,18
548,9,9,18
549,9,9,18
550,9,9,18
551,9,9,18
552,9,9,18
553,9,9,18
554,9,9,18
555,9,9,17
556,9,9,17
557,9,9,18
558,9,9,18
559,9,9,18
560,9,9,18
561,9,9,18
562,9,9,18
563,9,9,18
564,9,9,18
565,9,9,18
566,9,9,18
567,9,9,18
568,9,9,18
569,9,9,18
570,9,9,18
571,9,9,18
572,9,9,18
573,9,9,18
574,9,9,18
575,9,9,18
576,9,9,18
577,9,9,17
578,9,9,18
579,9,9,18
580,9,9,17
581,9,9,18
582,9,9,18
583,9,9,18
584,9,9,18
585,9,9,18
586,9,9,18
587,9,9,18
588,9,9,18
589,9,9,17
590,9,9,18
591,9,9,17
592,9,9,18
593,9,9,18
594,9,9,18
595,9,9,18
596,9,9,18
597,9,9,18
598,9,9,18
599,9,9,18
600,9,9,18
601,10,9,18
602,10,9,18
603,9,9,18
604,9,9,17
605,9,9,17
606,9,9,17
607,9,9,17
608,9,9,18
609,9,9,18
610,9,9,18
611,9,9,18
612,9,9,18
613,9,9,18
614,9,9,18
615,9,9,18
616,9,9,18
617,9,9,18
618,9,9,18
619,9,9,18
620,9,9,18
621,9,9,18
622,9,9,18
623,9,9,17
624,9,9,18
625,9,9,18
626,9,9,18
627,9,9,18
628,9,9,18
629,9,9,17
630,9,9,18
631,9,9,18
632,9,9,18
633,9,9,18
634,9,9,18
635,9,9,17
636,9,9,16
637,9,9,18
638,9,9,18
639,9,9,18
640,9,9,18
641,9,9,18
642,9,9,18
643,9,9,18
644,9,9,18
645,9,9,18
646,9,9,18
647,9,9,18
648,9,9,18
649,9,9,18
650,9,9,18
651,9,9,18
652,9,9,18
653,9,9,18
654,9,9,18
655,9,9,18
656,9,9,17
657,9,9,18
658,9,9,18
659,9,9,17
660,9,9,18
661,9,9,18
662,9,9,18
663,9,9,18
664,9,9,18
665,9,9,18
666,9,9,18
667,9,9,18
668,9,9,17
669,9,9,17
670,9,9,18
671,9,9,17
672,9,9,18
673,9,9,18
674,9,9,18
675,9,9,18
676,9,9,17
677,9,9,18
678,9,9,18
679,9,9,17
680,9,9,18
681,9,9,18
682,9,9,18
683,9,9,18
684,9,9,18
685,9,9,17
686,9,9,17
687,9,9,18
688,9,9,17
689,9,9,17
690,9,9,18
691,9,9,18
692,9,9,18
693,9,9,18
694,9,9,18
695,9,9,18
696,10,9,18
697,10,9,18
698,10,9,18
699,10,9,17
700,9,9,18
701,9,9,18
702,9,9,18
703,9,9,18
704,9,9,18
705,9,9,18
706,9,9,17
707,9,9,18
708,9,9,18
709,9,9,16
710,9,9,18
711,9,9,17
712,9,9,18
713,9,9,18
714,9,9,18
715,9,9,18
716,9,9,18
717,9,9,18
718,9,9,17
719,9,9,17
720,9,9,17
721,9,9,18
722,9,9,17
723,9,9,18
724,9,9,17
725,9,9,18
726,9,9,17
727,9,9,18
728,9,9,18
729,9,9,18
730,9,9,18
731,9,9,18
732,10,9,18
733,10,9,18
734,10,9,18
735,10,9,18
736,10,9,18
737,9,9,18
738,10,9,17
739,10,9,18
740,10,9,18
741,10,9,18
742,10,9,18
743,10,9,18
744,10,9,18
745,10,9,18
746,10,9,18
747,10,9,18
748,10,9,18
749,10,10,21
750,10,10,21
751,10,10,21
752,10,10,21
753,10,10,21
754,10,10,21
755,10,10,21
756,10,10,21
757,10,10,21
758,10,10,21
759,10,10,21
760,10,10,20
761,10,10,21
762,10,10,21
763,10,10,21
764,10,10,21
765,10,10,21
766,10,10,21
767,10,10,21
768,10,10,21
769,10,10,21
770,10,10,21
771,10,10,21
772,10,10,21
773,10,10,21
774,10,10,21
775,10,10,21
776,10,10,21
777,10,10,19
778,10,10,20
779,10,10,21
780,10,10,21
781,10,10,21
782,10,10,21
783,10,10,20
784,10,10,21
785,10,10,21
786,10,10,21
787,10,10,19
788,10,10,21
789,10,10,21
790,10,10,21
791,10,10,21
792,10,10,21
793,10,10,21
794,10,10,21
795,10,10,21
796,10,10,21
797,10,10,21
798,10,10,21
799,10,10,21
800,10,10,21
801,10,10,20
802,10,10,21
803,10,10,21
804,10,10,21
805,10,10,20
806,10,10,21
807,10,10,21
808,10,10,21
809,10,10,21
810,10,10,21
811,10,10,21
812,10,10,21
813,10,10,21
814,10,10,21
815,10,10,21
816,10,10,21
817,10,10,21
818,10,10,21
819,10,10,21
820,10,10,21
821,10,10,21
822,10,10,20
823,10,10,21
824,10,10,21
825,10,10,21
826,10,10,21
827,10,10,19
828,10,10,19
829,10,10,21
830,10,10,21
831,10,10,21
832,10,10,21
833,10,10,20
834,10,10,21
835,10,10,21
836,10,10,21
837,10,10,21
838,10,10,21
839,10,10,21
840,10,10,21
841,10,10,21
842,10,10,21
843,10,10,21
844,10,10,21
845,10,10,21
846,10,10,21
847,10,10,21
848,10,10,21
849,10,10,21
850,10,10,21
851,10,10,21
852,10,10,21
853,10,10,21
854,10,10,21
855,10,10,21
856,10,10,21
857,10,10,21
858,10,10,20
859,10,10,21
860,10,10,20
861,10,10,21
862,10,10,21
863,10,10,21
864,10,10,21
865,10,10,21
866,10,10,21
867,10,10,21
868,10,10,20
869,10,10,21
870,10,10,19
871,10,10,20
872,10,10,21
873,10,10,19
874,10,10,21
875,10,10,21
876,10,10,21
877,10,10,21
878,10,10,21
879,10,10,21
880,10,10,21
881,10,10,21
882,10,10,21
883,10,10,21
884,10,10,21
885,10,10,21
886,10,10,19
887,10,10,20
888,10,10,20
889,10,10,20
890,10,10,21
891,10,10,21
892,10,10,21
893,10,10,21
894,10,10,21
895,10,10,21
896,10,10,21
897,10,10,21
898,10,10,20
899,10,10,21
900,10,10,21
901,10,10,21
902,10,10,20
903,10,10,21
904,10,10,21
905,10,10,21
906,10,10,21
907,10,10,21
908,10,10,21
909,10,10,21
910,10,10,21
911,10,10,21
912,10,10,21
913,10,10,21
914,10,10,21
915,10,10,20
916,10,10,20
917,10,10,20
918,10,10,21
919,10,10,21
920,10,10,21
921,10,10,21
922,10,10,21
923,10,10,21
924,10,10,21
925,10,10,21
926,10,10,21
927,10,10,21
928,10,10,20
929,10,10,21
930,10,10,21
931,10,10,21
932,10,10,21
933,10,10,21
934,10,10,21
935,10,10,21
936,10,10,21
937,10,10,21
938,10,10,21
939,10,10,21
940,10,10,20
941,10,10,21
942,10,10,21
943,10,10,21
944,10,10,21
945,10,10,21
946,10,10,21
947,10,10,21
948,10,10,21
949,10,10,21
950,10,10,19
951,10,10,21
952,10,10,21
953,10,10,21
954,10,10,21
955,10,10,21
956,10,10,21
957,10,10,21
958,10,10,21
959,10,10,21
960,10,10,21
961,10,10,21
962,10,10,21
963,10,10,21
964,10,10,21
965,10,10,21
966,10,10,21
967,10,10,21
968,10,10,21
969,10,10,21
970,10,10,21
971,10,10,21
972,10,10,21
973,10,10,20
974,10,10,21
975,10,10,21
976,10,10,21
977,10,10,21
978,10,10,21
979,10,10,21
980,10,10,21
981,10,10,20
982,10,10,21
983,10,10,18
984,10,10,21
985,10,10,20
986,10,10,21
987,10,10,21
988,10,10,21
989,10,10,21
990,10,10,21
991,10,10,21
992,10,10,21
993,10,10,21
994,10,10,21
995,10,10,21
996,10,10,21
997,10,10,21
998,10,10,21
999,10,10,21
1000,10,10,21
1001,10,10,21
1002,10,10,21
1003,10,10,21
1004,10,10,21
1005,10,10,21
1006,10,10,21
1007,10,10,21
1008,10,10,21
1009,10,10,21
1010,10,10,21
1011,10,10,21
1012,10,10,21
1013,10,10,20
1014,10,10,21
1015,10,10,21
1016,10,10,21
1017,10,10,21
1018,10,10,21
1019,10,10,21
1020,10,10,21
1021,10,10,21
1022,10,10,20
1023,10,10,20
1024,10,10,20
1025,10,10,20
1026,10,10,21
1027,10,10,21
1028,10,10,20
1029,10,10,21
1030,10,10,21
1031,10,10,21
1032,10,10,21
1033,10,10,21
1034,10,10,21
1035,10,10,21
1036,10,10,21
1037,10,10,21
1038,10,10,21
1039,10,10,20
1040,10,10,21
1041,10,10,20
1042,10,10,21
1043,10,10,21
1044,10,10,21
1045,10,10,21
1046,10,10,21
1047,10,10,21
1048,10,10,20
1049,10,10,21
1050,10,10,21
1051,10,10,21
1052,10,10,21
1053,10,10,21
1054,10,10,21
1055,10,10,21
1056,10,10,21
1057,10,10,21
1058,10,10,21
1059,10,10,21
1060,10,10,21
1061,10,10,21
1062,10,10,21
1063,10,10,21
1064,10,10,21
1065,10,10,21
1066,10,10,21
1067,10,10,21
1068,10,10,21
1069,10,10,20
1070,10,10,21
1071,10,10,21
1072,10,10,21
1073,10,10,20
1074,10,10,21
1075,10,10,21
1076,10,10,21
1077,10,10,21
1078,10,10,21
1079,10,10,20
1080,10,10,21
1081,10,10,21
1082,10,10,21
1083,10,10,21
1084,10,10,21
1085,10,10,20
1086,10,10,21
1087,10,10,20
1088,10,10,21
1089,10,10,21
1090,10,10,21
1091,10,10,21
1092,10,10,21
1093,10,10,21
1094,10,10,21
1095,10,10,20
1096,10,10,21
1097,10,10,21
1098,10,10,21
1099,10,10,21
1100,10,10,21
1101,10,10,21
1102,10,10,18
1103,10,10,19
1104,10,10,21
1105,10,10,21
1106,10,10,21
1107,10,10,21
1108,10,10,21
1109,10,10,21
1110,10,10,21
1111,10,10,21
1112,10,10,21
1113,10,10,21
1114,10,10,21
1115,10,10,21
1116,10,10,21
1117,10,10,19
1118,10,10,21
1119,10,10,21
1120,10,10,21
1121,10,10,21
1122,10,10,21
1123,10,10,21
1124,10,10,21
1125,10,10,20
1126,10,10,21
1127,10,10,21
1128,10,10,20
1129,10,10,21
1130,10,10,21
1131,10,10,21
1132,10,10,21
1133,10,10,21
1134,10,10,21
1135,10,10,21
1136,10,10,21
1137,10,10,20
1138,10,10,21
1139,10,10,21
1140,10,10,21
1141,10,10,21
1142,10,10,20
1143,10,10,21
1144,10,10,21
1145,10,10,21
1146,10,10,20
1147,10,10,21
1148,10,10,21
1149,11,11,21
1150,11,10,21
1151,10,10,21
1152,10,10,21
1153,10,10,21
1154,10,10,21
1155,10,10,21
1156,10,10,21
1157,10,10,21
1158,10,10,21
1159,10,10,21
1160,10,10,21
1161,10,10,21
1162,10,10,21
1163,10,10,20
1164,10,10,21
1165,10,10,21
1166,10,10,21
1167,10,10,19
1168,10,10,20
1169,10,10,21
1170,10,10,21
1171,10,10,21
1172,10,10,21
1173,10,10,21
1174,10,10,21
1175,10,10,21
1176,10,10,21
1177,10,10,21
1178,10,10,21
1179,10,10,21
1180,10,10,21
1181,10,10,21
1182,10,10,21
1183,10,10,21
1184,10,10,21
1185,10,10,21
1186,10,10,21
1187,10,10,21
1188,10,10,21
1189,10,10,21
1190,10,10,21
1191,10,10,21
1192,10,10,21
1193,10,10,21
1194,10,10,21
1195,10,10,21
1196,10,10,21
1197,10,10,21
1198,10,10,21
1199,10,10,21
1200,10,10,21
1201,10,10,21
1202,10,10,21
1203,10,10,21
1204,10,10,21
1205,10,10,21
1206,10,10,21
1207,10,10,21
1208,10,10,21
1209,10,10,21
1210,10,10,21
1211,10,10,20
1212,10,10,21
1213,10,10,20
1214,10,10,21
1215,10,10,21
1216,10,10,21
1217,10,10,21
1218,10,10,20
1219,10,10,21
1220,10,10,21
1221,10,10,21
1222,10,10,21
1223,10,10,20
1224,10,10,20
1225,10,10,20
1226,10,10,21
1227,10,10,21
1228,10,10,21
1229,10,10,21
1230,10,10,21
1231,10,10,21
1232,10,10,21
1233,10,10,21
1234,10,10,21
1235,10,10,21
1236,10,10,21
1237,10,10,21
1238,10,10,21
1239,10,10,21
1240,10,10,21
1241,10,10,21
1242,10,10,21
1243,10,10,21
1244,10,10,21
1245,10,10,21
1246,10,10,21
1247,10,10,21
1248,10,10,20
1249,10,10,21
1250,10,10,21
1251,10,10,20
1252,10,10,20
1253,10,10,21
1254,10,10,21
1255,9,9,18
1256,10,10,20
1257,10,10,21
1258,10,10,21
1259,10,10,21
1260,10,10,21
1261,10,10,21
1262,10,10,21
1263,10,10,21
1264,10,10,21
1265,10,10,21
1266,10,10,21
1267,10,10,21
1268,10,10,21
1269,10,10,21
1270,10,10,21
1271,10,10,21
1272,10,10,21
1273,10,10,20
1274,10,10,21
1275,10,10,21
1276,10,10,21
1277,10,10,21
1278,10,10,21
1279,10,10,20
1280,10,10,21
1281,10,10,21
1282,10,10,20
1283,10,10,21
1284,10,10,21
1285,10,10,21
1286,10,10,21
1287,10,10,21
1288,10,10,21
1289,10,10,21
1290,10,10,20
1291,10,10,21
1292,10,10,21
1293,10,10,21
1294,10,10,21
1295,10,10,20
1296,10,10,21
1297,10,10,21
1298,10,10,21
1299,10,10,21
1300,10,10,20
1301,10,10,21
1302,10,10,21
1303,10,10,21
1304,10,10,21
1305,10,10,21
1306,10,10,20
1307,10,10,21
1308,10,10,20
1309,10,10,21
1310,10,10,21
1311,10,10,21
1312,10,10,21
1313,10,10,21
1314,10,10,21
1315,10,10,20
1316,10,10,21
1317,10,10,21
1318,10,10,20
1319,10,10,21
1320,10,10,21
1321,10,10,21
1322,10,10,20
1323,10,10,21
1324,10,10,21
1325,10,10,20
1326,10,10,21
1327,10,10,21
1328,10,10,19
1329,10,10,21
1330,10,10,21
1331,10,10,21
1332,10,10,21
1333,10,10,20
1334,10,10,21
1335,10,10,20
1336,10,10,21
1337,10,10,21
1338,10,10,21
1339,10,10,21
1340,10,10,21
1341,10,10,21
1342,10,10,21
1343,10,10,21
1344,10,10,21
1345,10,10,21
1346,10,10,21
1347,10,10,21
1348,10,10,21
1349,10,10,21
1350,10,10,21
1351,10,10,21
1352,10,10,21
1353,10,10,21
1354,10,10,21
1355,10,10,21
1356,10,10,21
1357,10,10,21
1358,10,10,21
1359,10,10,21
1360,10,10,21
1361,10,10,20
1362,10,10,21
1363,10,10,21
1364,10,10,21
1365,10,10,21
1366,10,10,21
1367,10,10,21
1368,10,10,21
1369,10,10,21
1370,10,10,21
1371,10,10,21
1372,10,10,20
1373,10,10,21
1374,10,10,21
1375,10,10,21
1376,10,10,21
1377,10,10,21
1378,10,10,21
1379,10,10,21
1380,10,10,21
1381,10,10,21
1382,10,10,21
1383,10,10,21
1384,10,10,21
1385,10,10,21
1386,10,10,21
1387,10,10,21
1388,10,10,21
1389,10,10,21
1390,10,10,21
1391,10,10,21
1392,10,10,21
1393,10,10,21
1394,10,10,21
1395,10,10,21
1396,10,10,21
1397,10,10,21
1398,10,10,21
1399,10,10,21
1400,10,10,21
1401,10,10,21
1402,10,10,21
1403,10,10,21
1404,10,10,21
1405,10,10,20
1406,10,10,20
1407,10,10,21
1408,10,10,21
1409,10,10,21
1410,10,10,21
1411,10,10,20
1412,10,10,20
1413,10,10,21
1414,10,10,21
1415,10,10,21
1416,10,10,20
1417,10,10,21
1418,10,10,20
1419,10,10,19
1420,10,10,20
1421,10,10,21
1422,10,10,21
1423,10,10,20
1424,10,10,19
1425,10,10,21
1426,10,10,20
1427,10,10,21
1428,10,10,20
1429,10,10,21
1430,10,10,20
1431,10,10,21
1432,10,10,21
1433,10,10,21
1434,10,10,21
1435,10,10,21
1436,10,10,21
1437,10,10,21
1438,10,10,21
1439,10,10,21
1440,10,10,21
1441,10,10,21
1442,10,10,20
1443,10,10,20
1444,10,10,21
1445,10,10,21
1446,10,10,21
1447,10,10,21
1448,10,10,21
1449,10,10,21
1450,10,10,21
1451,10,10,21
1452,10,10,21
1453,10,10,21
1454,10,10,21
1455,10,10,21
1456,10,10,21
1457,10,10,21
1458,10,10,21
1459,10,10,20
1460,11,11,21
1461,11,11,23
1462,11,11,23
1463,11,11,25
1464,11,11,25
1465,11,11,25
1466,11,11,25
1467,11,11,25
1468,11,11,25
1469,11,11,25
1470,11,11,24
1471,11,11,25
1472,11,11,25
1473,11,11,25
1474,11,11,25
1475,11,11,25
1476,11,11,25
1477,11,11,24
1478,11,11,25
1479,11,11,25
1480,11,11,25
1481,11,11,25
1482,11,11,25
1483,11,11,25
1484,11,11,25
1485,11,11,25
1486,11,11,25
1487,11,11,25
1488,11,11,25
1489,11,11,25
1490,11,11,25
1491,11,11,25
1492,11,11,25
1493,11,11,25
1494,11,11,25
1495,11,11,25
1496,11,11,25
1497,11,11,25
1498,11,11,25
1499,11,11,25
1500,11,11,25
1501,11,11,25
1502,11,11,25
1503,11,11,25
1504,12,12,26
1505,12,12,30
1506,12,12,30
1507,12,12,30
1508,12,12,30
1509,12,12,30
1510,12,12,30
1511,12,12,30
1512,12,12,30
1513,12,12,30
1514,12,12,30
1515,12,12,30
1516,12,12,30
1517,12,12,30
1518,12,12,30
1519,12,12,30
1520,12,12,30
1521,12,12,30
1522,12,12,30
1523,12,12,30
1524,12,12,30
1525,12,12,30
1526,12,12,30
1527,12,12,30
1528,12,12,30
1529,12,12,30
1530,12,12,30
1531,12,12,30
1532,12,12,30
1533,12,12,30
1534,12,12,30
1535,12,12,30
1536,12,12,30
1537,12,12,30
1538,12,12,30
1539,12,12,30
1540,12,12,30
1541,12,12,30
1542,12,12,30
1543,12,12,30
1544,12,12,30
1545,12,12,30
1546,12,12,30
1547,12,12,30
1548,12,12,30
1549,12,12,30
1550,12,12,30
1551,12,12,30
1552,12,12,30
1553,12,12,30
1554,12,12,30
1555,12,12,30
1556,12,12,30
1557,12,12,30
1558,12,12,30
1559,12,12,30
1560,12,12,30
1561,12,12,30
1562,12,12,30
1563,12,12,30
1564,12,12,30
1565,12,12,30
1566,12,12,30
1567,12,12,30
1568,12,12,30
1569,12,12,30
1570,12,12,30
1571,12,12,30
1572,12,12,30
1573,12,12,30
1574,12,12,30
1575,12,12,30
1576,12,12,30
1577,12,12,30
1578,12,12,30
1579,12,12,30
1580,12,12,30
1581,12,12,30
1582,12,12,30
1583,12,12,30
1584,12,12,30
1585,12,12,30
1586,12,12,30
1587,12,12,30
1588,12,12,30
1589,12,12,30
1590,12,12,30
1591,12,12,30
1592,12,12,30
1593,12,12,30
1594,12,12,30
1595,12,12,30
1596,12,12,30
1597,12,12,30
1598,12,12,30
1599,12,12,30
1600,12,12,30
1601,12,12,30
1602,12,12,30
1603,12,12,30
1604,12,12,30
1605,12,12,30
1606,12,12,30
1607,12,12,30
1608,12,12,30
1609,12,12,30
1610,12,12,30
1611,12,12,30
1612,12,12,30
1613,12,12,29
1614,12,12,30
1615,12,12,30
1616,12,12,30
1617,12,12,30
1618,12,12,30
1619,12,12,30
1620,12,12,30
1621,12,12,30
1622,12,12,30
1623,12,12,30
1624,12,12,30
1625,12,12,30
1626,12,12,30
1627,12,12,30
1628,12,12,30
1629,12,12,30
1630,12,12,30
1631,12,12,30
1632,12,12,30
1633,12,12,30
1634,12,12,30
1635,12,12,30
1636,12,12,30
1637,12,12,30
1638,12,12,30
1639,12,12,30
1640,12,12,30
1641,12,12,30
1642,12,12,30
1643,12,12,30
1644,12,12,30
1645,12,12,30
1646,12,12,30
1647,12,12,30
1648,12,12,30
1649,12,12,30
1650,12,12,30
1651,12,12,30
1652,12,12,30
1653,12,12,30
1654,12,12,30
1655,12,12,30
1656,12,12,30
1657,12,12,30
1658,12,12,30
1659,12,12,30
1660,12,12,30
1661,12,12,30
1662,12,12,30
1663,12,12,30
1664,12,12,30
1665,12,12,30
1666,12,12,30
1667,12,12,30
1668,12,12,30
1669,12,12,30
1670,12,12,30
1671,12,12,30
1672,12,12,30
1673,12,12,30
1674,12,12,30
1675,12,12,30
1676,12,12,30
1677,12,12,30
1678,12,12,30
1679,12,12,30
1680,12,12,30
1681,12,12,30
1682,12,12,30
1683,12,12,30
1684,12,12,30
1685,12,12,30
1686,12,12,30
1687,12,12,30
1688,12,12,30
1689,12,12,30
1690,12,12,30
1691,12,12,30
1692,12,12,30
1693,12,12,30
1694,12,12,30
1695,12,12,30
1696,12,12,30
1697,12,12,30
1698,12,12,30
1699,12,12,30
1700,12,12,30
1701,12,12,30
1702,12,12,30
1703,12,12,30
1704,12,12,30
1705,12,12,30
1706,12,12,30
1707,12,12,30
1708,12,12,30
1709,12,12,30
1710,12,12,30
1711,12,12,30
1712,12,12,30
1713,12,12,30
1714,12,12,30
1715,12,12,30
1716,12,12,30
1717,12,12,30
1718,12,12,30
1719,12,12,30
1720,12,12,30
1721,12,12,30
1722,12,12,30
1723,12,12,30
1724,12,12,30
1725,12,12,30
1726,12,12,30
1727,12,12,30
1728,12,12,30
1729,12,12,30
1730,12,12,30
1731,12,12,30
1732,12,12,30
1733,12,12,30
1734,12,12,30
1735,12,12,30
1736,12,12,30
1737,12,12,30
1738,12,12,30
1739,12,12,30
1740,12,12,30
1741,12,12,30
1742,12,12,30
1743,12,12,30
1744,12,12,30
1745,12,12,30
1746,12,12,30
1747,12,12,30
1748,12,12,30
1749,12,12,30
1750,12,12,30
1751,12,12,30
1752,12,12,30
1753,12,12,30
1754,12,12,30
1755,12,12,30
1756,12,12,30
1757,12,12,30
1758,12,12,30
1759,12,12,30
1760,12,12,30
1761,12,12,30
1762,12,12,30
1763,12,12,30
1764,12,12,30
1765,12,12,30
1766,12,12,30
1767,12,12,30
1768,12,12,30
1769,12,12,30
1770,12,12,30
1771,12,12,30
1772,12,12,30
1773,12,12,30
1774,12,12,30
1775,12,12,30
1776,12,12,30
1777,12,12,30
1778,12,12,30
1779,12,12,30
1780,12,12,30
1781,12,12,30
1782,12,12,30
1783,12,12,30
1784,12,12,30
1785,12,12,30
1786,12,12,30
1787,12,12,30
1788,12,12,30
1789,12,12,30
1790,12,12,30
1791,12,12,30
1792,12,12,30
1793,12,12,30
1794,12,12,30
1795,12,12,30
1796,12,12,30
1797,12,12,30
1798,12,12,30
1799,12,12,30
1800,12,12,30
1801,12,12,30
1802,12,12,30
1803,12,12,30
1804,12,12,30
1805,12,12,30
1806,12,12,30
1807,12,12,30
1808,12,12,30
1809,12,12,30
1810,12,12,30
1811,12,12,30
1812,12,12,30
1813,12,12,30
1814,12,12,30
1815,12,12,30
1816,12,12,30
1817,12,12,30
1818,12,12,30
1819,12,12,30
1820,12,12,30
1821,12,12,30
1822,12,12,30
1823,12,12,30
1824,12,12,30
1825,12,12,30
1826,12,12,30
1827,12,12,30
1828,12,12,30
1829,12,12,30
1830,12,12,30
1831,12,12,30
1832,12,12,30
1833,12,12,30
1834,12,12,30
1835,12,12,30
1836,12,12,30
1837,12,12,30
1838,12,12,30
1839,12,12,30
1840,12,12,30
1841,12,12,30
1842,12,12,30
1843,12,12,30
1844,12,12,30
1845,12,12,30
1846,12,12,30
1847,12,12,30
1848,12,12,30
1849,12,12,30
1850,12,12,30
1851,12,12,30
1852,12,12,30
1853,12,12,30
1854,12,12,30
1855,12,12,30
1856,12,12,30
1857,12,12,30
1858,12,12,30
1859,12,12,30
1860,12,12,30
1861,12,12,30
1862,12,12,30
1863,12,12,30
1864,12,12,30
1865,12,12,30
1866,12,12,30
1867,12,12,30
1868,12,12,30
1869,12,12,30
1870,12,12,30
1871,12,12,30
1872,12,12,30
1873,12,12,30
1874,12,12,30
1875,12,12,30
1876,12,12,30
1877,12,12,30
1878,12,12,30
1879,12,12,30
1880,12,12,30
1881,12,12,30
1882,12,12,30
1883,12,12,30
1884,12,12,30
1885,12,12,30
1886,12,12,30
1887,12,12,30
1888,12,12,30
1889,12,12,30
1890,12,12,30
1891,12,12,30
1892,12,12,30
1893,12,12,30
1894,12,12,30
1895,12,12,30
1896,12,12,30
1897,12,12,30
1898,12,12,30
1899,12,12,30
1900,12,12,30
1901,12,12,30
1902,12,12,30
1903,12,12,30
1904,12,12,30
1905,12,12,30
1906,12,12,30
1907,12,12,30
1908,12,12,30
1909,12,12,30
1910,12,12,30
1911,12,12,30
1912,12,12,30
1913,12,12,30
1914,12,12,30
1915,12,12,30
1916,12,12,30
1917,12,12,30
1918,12,12,30
1919,12,12,30
1920,12,12,30
1921,12,12,30
1922,12,12,30
1923,12,12,30
1924,12,12,30
1925,12,12,30
1926,12,12,30
1927,12,12,30
1928,12,12,30
1929,12,12,30
1930,12,12,30
1931,12,12,30
1932,12,12,30
1933,12,12,30
1934,12,12,30
1935,12,12,30
1936,12,12,30
1937,12,12,30
1938,12,12,30
1939,12,12,30
1940,12,12,30
1941,12,12,30
1942,12,12,30
1943,12,12,30
1944,12,12,30
1945,12,12,30
1946,12,12,30
1947,12,12,30
1948,12,12,30
1949,12,12,30
1950,12,12,30
1951,12,12,30
1952,12,12,30
1953,12,12,30
1954,12,12,30
1955,12,12,30
1956,12,12,30
1957,12,12,30
1958,12,12,30
1959,12,12,30
1960,12,12,30
1961,12,12,30
1962,12,12,30
1963,12,12,30
1964,12,12,30
1965,12,12,30
1966,12,12,30
1967,12,12,30
1968,12,12,30
1969,12,12,30
1970,12,12,30
1971,12,12,30
1972,12,12,30
1973,12,12,30
1974,12,12,30
1975,12,12,30
1976,12,12,30
1977,12,12,30
1978,12,12,30
1979,12,12,30
1980,12,12,30
1981,12,12,30
1982,12,12,30
1983,12,12,30
1984,12,12,30
1985,12,12,30
1986,12,12,30
1987,12,12,30
1988,12,12,30
1989,12,12,30
1990,12,12,30
1991,12,12,30
1992,12,12,30
1993,12,12,30
1994,12,12,30
1995,12,12,30
1996,12,12,30
1997,12,12,30
1998,12,12,30
1999,12,12,30
