0,0,0,0
1,1,0,0
2,0,0,0
3,1,0,0
4,1,0,0
5,1,0,0
6,1,0,0
7,1,0,0
8,1,0,0
9,1,0,0
10,2,0,0
11,1,0,0
12,1,0,0
13,2,0,0
14,2,0,0
15,1,0,0
16,1,0,0
17,1,0,0
18,1,0,0
19,1,0,0
20,2,0,0
21,3,0,0
22,3,0,0
23,3,0,0
24,3,0,0
25,3,0,0
26,3,0,0
27,3,0,0
28,3,0,0
29,3,0,0
30,4,0,0
31,3,0,0
32,3,0,0
33,3,0,0
34,5,0,0
35,3,0,0
36,3,0,0
37,3,0,0
38,2,0,0
39,2,0,0
40,2,0,0
41,2,0,0
42,2,0,0
43,2,2,1
44,2,2,1
45,3,2,1
46,2,2,1
47,2,2,1
48,2,0,0
49,2,0,0
50,2,0,0
51,2,0,0
52,2,0,0
53,2,0,0
54,2,0,0
55,2,0,0
56,2,0,0
57,2,0,0
58,2,0,0
59,3,0,0
60,3,0,0
61,2,0,0
62,2,0,0
63,2,0,0
64,2,0,0
65,1,0,0
66,2,0,0
67,2,0,0
68,2,0,0
69,2,0,0
70,3,0,0
71,3,0,0
72,3,0,0
73,3,0,0
74,2,0,0
75,2,2,1
76,3,2,1
77,3,0,0
78,3,0,0
79,3,0,0
80,2,0,0
81,1,0,0
82,1,0,0
83,1,0,0
84,1,0,0
85,1,0,0
86,1,0,0
87,1,0,0
88,1,0,0
89,1,0,0
90,1,0,0
91,2,0,0
92,2,0,0
93,2,0,0
94,3,0,0
95,3,0,0
96,3,0,0
97,3,0,0
98,3,0,0
99,3,2,1
100,3,0,0
101,3,0,0
102,2,0,0
103,3,0,0
104,2,0,0
105,2,0,0
106,2,2,1
107,3,0,0
108,2,0,0
109,2,0,0
110,2,0,0
111,3,0,0
112,3,0,0
113,3,0,0
114,3,0,0
115,3,0,0
116,3,0,0
117,1,0,0
118,2,0,0
119,3,2,1
120,3,0,0
121,3,0,0
122,3,0,0
123,3,0,0
124,3,0,0
125,3,0,0
126,3,0,0
127,3,0,0
128,3,2,1
129,4,0,0
130,4,0,0
131,2,0,0
132,2,0,0
133,3,0,0
134,2,0,0
135,2,0,0
136,3,0,0
137,2,0,0
138,2,0,0
139,2,0,0
140,2,0,0
141,2,0,0
142,2,0,0
143,2,0,0
144,2,0,0
145,2,0,0
146,2,0,0
147,2,0,0
148,2,0,0
149,2,0,0
150,2,0,0
151,2,0,0
152,2,0,0
153,2,0,0
154,2,0,0
155,2,0,0
156,1,0,0
157,1,0,0
158,1,0,0
159,2,0,0
160,2,0,0
161,2,0,0
162,2,0,0
163,2,0,0
164,2,0,0
165,3,0,0
166,3,0,0
167,4,0,0
168,4,0,0
169,3,0,0
170,2,0,0
171,2,0,0
172,2,0,0
173,3,0,0
174,3,0,0
175,4,0,0
176,3,0,0
177,2,0,0
178,2,0,0
179,4,0,0
180,3,2,1
181,3,0,0
182,3,0,0
183,2,0,0
184,2,0,0
185,2,0,0
186,2,0,0
187,2,0,0
188,2,0,0
189,2,0,0
190,2,0,0
191,2,0,0
192,2,0,0
193,3,0,0
194,2,0,0
195,3,0,0
196,2,0,0
197,3,0,0
198,2,0,0
199,2,0,0
200,1,0,0
201,1,0,0
202,1,0,0
203,2,0,0
204,2,0,0
205,3,0,0
206,4,0,0
207,4,0,0
208,4,0,0
209,3,0,0
210,2,0,0
211,2,0,0
212,2,0,0
213,3,0,0
214,2,0,0
215,2,0,0
216,2,0,0
217,2,0,0
218,2,0,0
219,2,0,0
220,2,0,0
221,2,0,0
222,3,0,0
223,3,0,0
224,3,0,0
225,2,0,0
226,2,0,0
227,2,0,0
228,2,0,0
229,2,2,1
230,2,0,0
231,2,0,0
232,2,0,0
233,2,0,0
234,2,0,0
235,1,0,0
236,1,0,0
237,1,0,0
238,2,0,0
239,2,0,0
240,2,0,0
241,2,0,0
242,2,0,0
243,2,0,0
244,2,0,0
245,2,0,0
246,2,0,0
247,2,0,0
248,2,2,1
249,2,0,0
250,2,0,0
251,2,0,0
252,2,0,0
253,2,0,0
254,2,0,0
255,2,0,0
256,2,0,0
257,2,0,0
258,2,0,0
259,2,0,0
260,2,0,0
261,2,0,0
262,2,0,0
263,2,0,0
264,2,0,0
265,2,0,0
266,2,0,0
267,3,0,0
268,2,0,0
269,2,0,0
270,2,0,0
271,2,0,0
272,2,0,0
273,2,0,0
274,2,0,0
275,2,0,0
276,2,0,0
277,2,0,0
278,2,0,0
279,2,0,0
280,4,2,1
281,3,0,0
282,3,0,0
283,3,0,0
284,3,0,0
285,3,0,0
286,3,0,0
287,3,0,0
288,3,0,0
289,3,0,0
290,3,0,0
291,3,0,0
292,3,0,0
293,3,0,0
294,3,0,0
295,3,2,1
296,3,0,0
297,3,2,1
298,3,2,1
299,3,2,1
300,3,0,0
301,3,0,0
302,3,0,0
303,3,0,0
304,3,0,0
305,3,0,0
306,2,0,0
307,2,0,0
308,1,0,0
309,0,0,0
310,0,0,0
311,0,0,0
312,0,0,0
313,0,0,0
314,0,0,0
315,0,0,0
316,0,0,0
317,0,0,0
318,0,0,0
319,0,0,0
320,1,0,0
321,1,0,0
322,1,0,0
323,2,0,0
324,1,0,0
325,1,0,0
326,1,0,0
327,1,0,0
328,1,0,0
329,1,0,0
330,1,0,0
331,1,0,0
332,1,0,0
333,1,0,0
334,1,0,0
335,1,0,0
336,1,0,0
337,1,0,0
338,1,0,0
339,1,0,0
340,1,0,0
341,1,0,0
342,2,0,0
343,1,0,0
344,1,0,0
345,1,0,0
346,1,0,0
347,1,0,0
348,1,0,0
349,1,0,0
350,1,0,0
351,2,0,0
352,2,0,0
353,3,0,0
354,3,0,0
355,3,0,0
356,3,0,0
357,3,0,0
358,3,2,1
359,3,2,1
360,3,0,0
361,3,0,0
362,3,0,0
363,3,0,0
364,3,0,0
365,3,0,0
366,3,0,0
367,3,0,0
368,3,0,0
369,2,0,0
370,3,0,0
371,2,0,0
372,2,0,0
373,2,0,0
374,2,0,0
375,1,0,0
376,1,0,0
377,2,0,0
378,2,0,0
379,2,0,0
380,2,0,0
381,2,0,0
382,2,0,0
383,2,0,0
384,2,0,0
385,2,0,0
386,2,0,0
387,2,0,0
388,2,0,0
389,2,0,0
390,3,0,0
391,2,0,0
392,2,0,0
393,2,2,1
394,2,2,1
395,2,2,1
396,2,0,0
397,2,0,0
398,2,0,0
399,2,0,0
400,2,2,1
401,2,2,1
402,2,0,0
403,1,0,0
404,2,0,0
405,2,0,0
406,2,0,0
407,2,0,0
408,2,0,0
409,2,0,0
410,2,0,0
411,1,0,0
412,2,0,0
413,2,0,0
414,2,0,0
415,2,0,0
416,2,0,0
417,2,0,0
418,2,0,0
419,2,2,1
420,2,0,0
421,2,0,0
422,2,0,0
423,2,0,0
424,2,0,0
425,2,0,0
426,2,0,0
427,2,0,0
428,2,0,0
429,2,0,0
430,2,0,0
431,2,0,0
432,2,0,0
433,2,0,0
434,2,0,0
435,2,0,0
436,2,0,0
437,2,0,0
438,2,2,1
439,2,0,0
440,2,0,0
441,2,0,0
442,2,0,0
443,2,0,0
444,2,0,0
445,2,0,0
446,2,0,0
447,2,0,0
448,2,0,0
449,2,0,0
450,2,0,0
451,2,0,0
452,2,0,0
453,2,0,0
454,2,0,0
455,2,0,0
456,2,0,0
457,2,0,0
458,2,0,0
459,2,0,0
460,2,0,0
461,2,0,0
462,2,0,0
463,2,0,0
464,2,0,0
465,2,0,0
466,2,0,0
467,4,0,0
468,3,0,0
469,3,0,0
470,3,0,0
471,3,0,0
472,3,0,0
473,4,0,0
474,3,0,0
475,3,0,0
476,3,0,0
477,3,0,0
478,3,0,0
479,3,0,0
480,3,0,0
481,3,0,0
482,3,0,0
483,3,0,0
484,3,0,0
485,3,0,0
486,2,2,1
487,3,0,0
488,2,0,0
489,2,0,0
490,2,0,0
491,2,0,0
492,2,0,0
493,2,0,0
494,2,0,0
495,2,0,0
496,2,0,0
497,3,0,0
498,3,0,0
499,3,0,0
500,2,0,0
501,1,0,0
502,1,0,0
503,1,0,0
504,1,0,0
505,1,0,0
506,1,0,0
507,1,0,0
508,1,0,0
509,1,0,0
510,2,0,0
511,2,0,0
512,2,0,0
513,3,0,0
514,3,0,0
515,3,0,0
516,3,0,0
517,3,0,0
518,3,0,0
519,3,0,0
520,4,0,0
521,4,0,0
522,4,0,0
523,4,0,0
524,3,0,0
525,3,0,0
526,3,0,0
527,3,0,0
528,3,2,1
529,2,0,0
530,2,0,0
531,2,0,0
532,2,0,0
533,2,0,0
534,2,0,0
535,2,0,0
536,2,0,0
537,2,0,0
538,2,0,0
539,2,0,0
540,2,0,0
541,2,0,0
542,2,0,0
543,2,0,0
544,2,0,0
545,2,0,0
546,2,0,0
547,2,0,0
548,2,0,0
549,2,0,0
550,2,0,0
551,2,0,0
552,2,0,0
553,2,0,0
554,1,0,0
555,2,0,0
556,1,0,0
557,1,0,0
558,1,0,0
559,1,0,0
560,2,0,0
561,2,0,0
562,2,0,0
563,1,0,0
564,2,0,0
565,2,0,0
566,2,0,0
567,2,0,0
568,2,0,0
569,1,0,0
570,1,0,0
571,1,0,0
572,1,0,0
573,1,0,0
574,1,0,0
575,1,0,0
576,2,0,0
577,2,0,0
578,1,0,0
579,2,0,0
580,2,2,1
581,2,0,0
582,3,0,0
583,3,0,0
584,3,0,0
585,2,0,0
586,2,0,0
587,2,0,0
588,1,0,0
589,1,0,0
590,1,0,0
591,1,0,0
592,1,0,0
593,2,0,0
594,1,0,0
595,1,0,0
596,1,0,0
597,2,0,0
598,2,0,0
599,2,0,0
600,3,0,0
601,3,0,0
602,3,0,0
603,3,0,0
604,3,0,0
605,3,0,0
606,3,0,0
607,4,3,2
608,4,2,1
609,4,2,1
610,4,2,1
611,4,0,0
612,4,0,0
613,4,0,0
614,4,0,0
615,2,0,0
616,2,0,0
617,3,0,0
618,3,2,1
619,3,0,0
620,3,0,0
621,3,0,0
622,4,2,1
623,3,0,0
624,3,0,0
625,3,0,0
626,4,0,0
627,4,2,1
628,4,2,1
629,3,0,0
630,3,0,0
631,5,0,0
632,4,0,0
633,4,0,0
634,4,0,0
635,4,0,0
636,4,0,0
637,4,0,0
638,4,0,0
639,4,0,0
640,4,0,0
641,4,0,0
642,6,2,1
643,5,4,3
644,4,0,0
645,5,2,1
646,3,2,1
647,2,0,0
648,2,0,0
649,2,2,1
650,2,0,0
651,2,0,0
652,2,0,0
653,2,0,0
654,3,0,0
655,2,0,0
656,2,0,0
657,2,0,0
658,3,0,0
659,2,0,0
660,2,0,0
661,2,0,0
662,2,0,0
663,2,0,0
664,1,0,0
665,1,0,0
666,1,0,0
667,1,0,0
668,1,0,0
669,2,0,0
670,2,0,0
671,1,0,0
672,1,0,0
673,1,0,0
674,1,0,0
675,1,0,0
676,2,0,0
677,2,0,0
678,1,0,0
679,1,0,0
680,2,0,0
681,2,0,0
682,1,0,0
683,1,0,0
684,1,0,0
685,1,0,0
686,1,0,0
687,1,0,0
688,1,0,0
689,1,0,0
690,2,0,0
691,1,0,0
692,3,0,0
693,2,0,0
694,1,0,0
695,1,0,0
696,1,0,0
697,1,0,0
698,1,0,0
699,1,0,0
700,1,0,0
701,2,0,0
702,1,0,0
703,1,0,0
704,1,0,0
705,2,0,0
706,2,0,0
707,2,0,0
708,2,0,0
709,2,0,0
710,1,0,0
711,1,0,0
712,1,0,0
713,1,0,0
714,1,0,0
715,1,0,0
716,1,0,0
717,1,0,0
718,1,0,0
719,1,0,0
720,1,0,0
721,1,0,0
722,1,0,0
723,1,0,0
724,1,0,0
725,1,0,0
726,1,0,0
727,1,0,0
728,1,0,0
729,1,0,0
730,1,0,0
731,1,0,0
732,1,0,0
733,2,0,0
734,2,0,0
735,3,0,0
736,3,0,0
737,3,0,0
738,3,0,0
739,3,0,0
740,3,0,0
741,3,0,0
742,3,0,0
743,3,0,0
744,3,0,0
745,4,0,0
746,3,0,0
747,5,2,1
748,4,2,1
749,3,0,0
750,3,0,0
751,3,0,0
752,3,0,0
753,3,0,0
754,3,0,0
755,3,0,0
756,2,2,1
757,2,2,1
758,2,0,0
759,2,0,0
760,3,0,0
761,3,0,0
762,3,0,0
763,3,0,0
764,3,0,0
765,3,2,1
766,3,3,3
767,3,3,2
768,3,0,0
769,3,3,2
770,3,3,2
771,3,3,2
772,3,3,2
773,3,3,2
774,3,3,3
775,3,3,3
776,3,3,3
777,3,3,2
778,3,3,3
779,4,3,2
780,4,3,2
781,3,2,1
782,3,2,1
783,3,3,2
784,3,3,2
785,4,3,2
786,4,3,2
787,4,3,2
788,4,3,3
789,4,3,3
790,4,3,2
791,4,3,3
792,4,3,3
793,4,3,2
794,4,3,3
795,4,3,2
796,4,3,2
797,4,3,3
798,4,3,3
799,4,3,2
800,4,3,3
801,4,3,3
802,4,2,1
803,4,2,1
804,4,0,0
805,3,2,1
806,4,2,1
807,4,0,0
808,3,0,0
809,3,0,0
810,3,0,0
811,3,0,0
812,3,0,0
813,3,0,0
814,2,0,0
815,2,0,0
816,1,0,0
817,1,0,0
818,1,0,0
819,2,0,0
820,1,0,0
821,1,0,0
822,2,0,0
823,2,0,0
824,2,0,0
825,2,0,0
826,1,0,0
827,2,0,0
828,1,0,0
829,1,0,0
830,1,0,0
831,1,0,0
832,1,0,0
833,1,0,0
834,1,0,0
835,1,0,0
836,1,0,0
837,2,0,0
838,2,0,0
839,2,0,0
840,2,0,0
841,2,0,0
842,2,0,0
843,2,0,0
844,2,0,0
845,2,0,0
846,1,0,0
847,1,0,0
848,1,0,0
849,1,0,0
850,1,0,0
851,1,0,0
852,1,0,0
853,2,0,0
854,2,0,0
855,2,0,0
856,2,2,1
857,2,0,0
858,2,0,0
859,2,0,0
860,2,0,0
861,3,0,0
862,3,0,0
863,3,0,0
864,4,3,2
865,4,2,1
866,3,0,0
867,3,2,1
868,2,0,0
869,2,0,0
870,3,0,0
871,3,0,0
872,3,0,0
873,2,0,0
874,2,0,0
875,3,0,0
876,3,0,0
877,2,0,0
878,3,0,0
879,2,0,0
880,2,0,0
881,3,0,0
882,3,0,0
883,3,0,0
884,3,0,0
885,3,0,0
886,3,0,0
887,3,2,1
888,4,0,0
889,4,2,1
890,4,0,0
891,3,0,0
892,4,0,0
893,4,0,0
894,3,0,0
895,3,2,1
896,3,2,1
897,3,2,1
898,3,0,0
899,3,0,0
900,4,0,0
901,3,0,0
902,3,0,0
903,3,0,0
904,3,0,0
905,3,2,1
906,3,0,0
907,2,0,0
908,2,0,0
909,3,0,0
910,3,0,0
911,2,0,0
912,1,0,0
913,2,0,0
914,2,0,0
915,1,0,0
916,2,0,0
917,2,0,0
918,3,0,0
919,1,0,0
920,1,0,0
921,1,0,0
922,1,0,0
923,1,0,0
924,1,0,0
925,1,0,0
926,1,0,0
927,2,0,0
928,2,0,0
929,1,0,0
930,1,0,0
931,1,0,0
932,1,0,0
933,1,0,0
934,1,0,0
935,1,0,0
936,1,0,0
937,1,0,0
938,1,0,0
939,1,0,0
940,1,0,0
941,1,0,0
942,1,0,0
943,1,0,0
944,1,0,0
945,1,0,0
946,1,0,0
947,1,0,0
948,1,0,0
949,1,0,0
950,1,0,0
951,1,0,0
952,1,0,0
953,1,0,0
954,1,0,0
955,1,0,0
956,1,0,0
957,1,0,0
958,2,0,0
959,1,0,0
960,1,0,0
961,1,0,0
962,1,0,0
963,1,0,0
964,1,0,0
965,1,0,0
966,1,0,0
967,2,0,0
968,1,0,0
969,2,0,0
970,2,0,0
971,2,0,0
972,2,0,0
973,2,0,0
974,2,0,0
975,2,0,0
976,3,0,0
977,3,0,0
978,2,0,0
979,2,0,0
980,2,0,0
981,2,0,0
982,2,0,0
983,2,0,0
984,2,0,0
985,2,0,0
986,2,0,0
987,2,0,0
988,2,0,0
989,2,0,0
990,2,0,0
991,2,0,0
992,2,0,0
993,2,0,0
994,2,0,0
995,2,0,0
996,2,0,0
997,1,0,0
998,1,0,0
999,1,0,0
1000,1,0,0
1001,1,0,0
1002,1,0,0
1003,1,0,0
1004,1,0,0
1005,1,0,0
1006,1,0,0
1007,1,0,0
1008,2,0,0
1009,3,0,0
1010,2,0,0
1011,2,0,0
1012,2,0,0
1013,2,0,0
1014,2,0,0
1015,2,0,0
1016,2,0,0
1017,2,0,0
1018,2,0,0
1019,2,0,0
1020,2,0,0
1021,2,0,0
1022,2,0,0
1023,1,0,0
1024,2,0,0
1025,1,0,0
1026,1,0,0
1027,1,0,0
1028,2,0,0
1029,3,0,0
1030,3,0,0
1031,2,0,0
1032,2,0,0
1033,2,0,0
1034,2,0,0
1035,2,0,0
1036,3,0,0
1037,2,0,0
1038,2,0,0
1039,2,0,0
1040,2,0,0
1041,3,0,0
1042,2,0,0
1043,2,0,0
1044,2,0,0
1045,2,0,0
1046,2,0,0
1047,3,0,0
1048,3,0,0
1049,3,0,0
1050,3,2,1
1051,3,0,0
1052,3,0,0
1053,2,0,0
1054,2,2,1
1055,2,0,0
1056,1,0,0
1057,2,0,0
1058,1,0,0
1059,1,0,0
1060,1,0,0
1061,1,0,0
1062,2,0,0
1063,1,0,0
1064,1,0,0
1065,1,0,0
1066,1,0,0
1067,1,0,0
1068,1,0,0
1069,1,0,0
1070,1,0,0
1071,1,0,0
1072,1,0,0
1073,1,0,0
1074,2,0,0
1075,2,0,0
1076,2,0,0
1077,2,0,0
1078,2,0,0
1079,2,0,0
1080,2,0,0
1081,2,0,0
1082,2,0,0
1083,2,0,0
1084,2,0,0
1085,2,0,0
1086,2,0,0
1087,2,0,0
1088,2,0,0
1089,2,0,0
1090,2,0,0
1091,2,0,0
1092,1,0,0
1093,2,0,0
1094,2,0,0
1095,2,0,0
1096,2,0,0
1097,2,0,0
1098,2,0,0
1099,2,0,0
1100,2,0,0
1101,2,0,0
1102,2,0,0
1103,1,0,0
1104,2,0,0
1105,3,0,0
1106,2,0,0
1107,1,0,0
1108,2,0,0
1109,2,0,0
1110,2,0,0
1111,2,0,0
1112,2,0,0
1113,2,0,0
1114,2,0,0
1115,2,0,0
1116,2,0,0
1117,2,0,0
1118,2,0,0
1119,2,0,0
1120,2,0,0
1121,1,0,0
1122,1,0,0
1123,1,0,0
1124,1,0,0
1125,1,0,0
1126,1,0,0
1127,1,0,0
1128,1,0,0
1129,2,0,0
1130,2,0,0
1131,2,0,0
1132,2,0,0
1133,2,0,0
1134,2,0,0
1135,2,0,0
1136,2,0,0
1137,2,0,0
1138,1,0,0
1139,1,0,0
1140,1,0,0
1141,2,0,0
1142,2,0,0
1143,2,0,0
1144,2,0,0
1145,2,0,0
1146,2,0,0
1147,2,0,0
1148,2,0,0
1149,1,0,0
1150,1,0,0
1151,1,0,0
1152,1,0,0
1153,2,0,0
1154,2,0,0
1155,2,0,0
1156,2,0,0
1157,2,2,1
1158,3,0,0
1159,4,0,0
1160,4,0,0
1161,4,2,1
1162,4,2,1
1163,4,2,1
1164,4,2,1
1165,5,2,1
1166,4,0,0
1167,3,0,0
1168,4,0,0
1169,5,2,1
1170,4,0,0
1171,5,0,0
1172,4,0,0
1173,4,0,0
1174,4,2,1
1175,4,3,2
1176,4,3,3
1177,4,3,3
1178,5,3,2
1179,5,5,4
1180,5,5,6
1181,4,4,4
1182,3,3,2
1183,5,5,7
1184,5,5,7
1185,5,5,7
1186,5,5,7
1187,5,5,5
1188,5,5,7
1189,5,5,6
1190,5,5,7
1191,5,5,7
1192,5,5,6
1193,5,5,7
1194,5,5,7
1195,5,5,7
1196,5,5,6
1197,5,5,6
1198,4,4,3
1199,5,5,6
1200,5,5,6
1201,5,5,7
1202,4,4,4
1203,5,5,7
1204,5,5,7
1205,5,5,5
1206,5,5,6
1207,4,4,4
1208,5,5,7
1209,5,4,5
1210,5,5,6
1211,6,4,5
1212,4,4,4
1213,5,4,5
1214,5,5,6
1215,5,5,5
1216,5,5,7
1217,5,5,7
1218,5,5,7
1219,6,5,6
1220,5,5,7
1221,6,5,6
1222,6,5,7
1223,6,5,7
1224,6,5,6
1225,6,5,6
1226,6,5,7
1227,6,5,7
1228,6,5,7
1229,6,5,7
1230,6,5,7
1231,6,5,7
1232,6,5,7
1233,6,6,9
1234,6,6,9
1235,6,6,9
1236,6,6,9
1237,7,6,10
1238,6,6,10
1239,7,7,12
1240,7,7,12
1241,7,7,12
1242,7,7,12
1243,7,7,12
1244,7,7,12
1245,7,7,11
1246,7,7,12
1247,7,7,12
1248,7,7,11
1249,7,7,12
1250,7,7,12
1251,7,7,11
1252,7,7,11
1253,7,7,12
1254,7,7,11
1255,7,7,12
1256,7,7,12
1257,7,7,12
1258,7,7,12
1259,7,7,12
1260,7,7,12
1261,7,7,11
1262,7,7,12
1263,7,7,12
1264,7,7,12
1265,7,7,12
1266,7,7,12
1267,7,7,12
1268,7,7,12
1269,7,7,12
1270,7,7,12
1271,7,7,12
1272,7,7,12
1273,7,7,12
1274,7,7,12
1275,7,7,12
1276,7,7,12
1277,7,7,12
1278,7,7,12
1279,7,7,12
1280,7,7,12
1281,7,7,12
1282,7,7,11
1283,7,7,12
1284,7,7,12
1285,7,7,12
1286,8,7,12
1287,8,7,12
1288,8,7,12
1289,8,7,12
1290,8,7,12
1291,8,7,12
1292,8,7,11
1293,8,7,11
1294,7,7,10
1295,7,7,11
1296,7,7,12
1297,7,7,11
1298,7,7,12
1299,7,7,12
1300,7,7,11
1301,7,7,12
1302,7,7,11
1303,7,7,10
1304,8,7,10
1305,7,7,11
1306,7,7,10
1307,7,7,12
1308,7,7,12
1309,7,7,11
1310,7,7,12
1311,7,7,11
1312,7,7,12
1313,7,7,12
1314,7,7,12
1315,7,7,11
1316,7,7,11
1317,7,7,11
1318,7,7,11
1319,7,7,11
1320,7,7,12
1321,7,7,11
1322,7,7,11
1323,7,7,12
1324,7,7,12
1325,7,7,12
1326,7,7,12
1327,7,7,12
1328,7,7,12
1329,7,7,11
1330,7,7,12
1331,7,7,12
1332,7,7,12
1333,7,7,12
1334,7,7,12
1335,8,7,11
1336,8,7,12
1337,8,7,12
1338,8,7,12
1339,8,7,12
1340,8,7,12
1341,8,7,12
1342,8,7,12
1343,7,7,12
1344,7,7,11
1345,7,7,12
1346,7,7,12
1347,7,7,12
1348,7,7,12
1349,7,7,12
1350,7,7,12
1351,7,7,11
1352,8,7,12
1353,8,7,12
1354,8,7,12
1355,8,7,11
1356,8,7,11
1357,7,7,12
1358,7,7,12
1359,7,7,12
1360,7,7,12
1361,7,7,12
1362,7,6,10
1363,7,6,9
1364,7,6,9
1365,7,6,10
1366,6,6,9
1367,6,6,10
1368,6,6,10
1369,6,6,10
1370,6,6,10
1371,6,6,10
1372,6,6,10
1373,6,6,10
1374,6,6,9
1375,6,6,10
1376,6,6,10
1377,6,6,10
1378,6,6,10
1379,6,6,10
1380,6,6,10
1381,6,6,10
1382,6,6,10
1383,6,6,10
1384,6,6,9
1385,6,6,10
1386,6,6,9
1387,6,6,10
1388,6,6,10
1389,6,6,10
1390,6,6,10
1391,6,6,9
1392,6,6,9
1393,6,6,10
1394,6,6,9
1395,6,6,10
1396,6,6,10
1397,7,6,10
1398,7,6,10
1399,7,6,10
1400,7,6,10
1401,7,6,10
1402,7,6,10
1403,7,6,10
1404,7,6,10
1405,7,6,10
1406,7,6,9
1407,7,6,10
1408,7,6,10
1409,7,6,10
1410,6,6,10
1411,6,6,9
1412,6,6,10
1413,6,6,10
1414,6,6,10
1415,6,6,10
1416,6,6,10
1417,6,6,10
1418,6,6,10
1419,6,6,9
1420,7,6,9
1421,7,7,12
1422,7,7,12
1423,7,6,10
1424,7,6,10
1425,7,6,10
1426,7,7,12
1427,7,7,12
1428,7,7,12
1429,7,7,12
1430,7,7,12
1431,7,7,12
1432,6,6,10
1433,7,7,12
1434,7,7,12
1435,7,7,12
1436,7,7,11
1437,7,7,11
1438,7,7,11
1439,7,7,12
1440,7,7,12
1441,7,7,12
1442,7,7,12
1443,7,7,12
1444,7,7,12
1445,7,7,12
1446,7,7,12
1447,7,7,12
1448,7,7,11
1449,7,7,12
1450,7,7,12
1451,7,7,12
1452,7,7,12
1453,7,7,12
1454,7,7,11
1455,7,7,10
1456,7,7,11
1457,7,7,11
1458,6,6,10
1459,6,6,10
1460,6,6,10
1461,6,6,9
1462,6,6,9
1463,6,6,9
1464,6,6,10
1465,6,6,10
1466,6,6,10
1467,6,6,10
1468,6,6,9
1469,6,6,10
1470,7,6,10
1471,7,6,10
1472,7,7,10
1473,7,7,11
1474,7,7,12
1475,7,7,12
1476,7,7,12
1477,7,7,12
1478,7,7,12
1479,7,7,12
1480,7,7,12
1481,8,7,12
1482,7,7,11
1483,8,7,12
1484,8,8,14
1485,8,8,15
1486,7,7,10
1487,8,8,14
1488,8,8,15
1489,8,8,14
1490,8,8,15
1491,8,8,14
1492,8,8,14
1493,8,8,15
1494,8,8,15
1495,8,8,15
1496,8,8,14
1497,8,8,15
1498,8,8,15
1499,8,8,15
1500,8,8,15
1501,8,8,15
1502,8,8,15
1503,8,8,14
1504,8,8,15
1505,8,8,15
1506,8,8,15
1507,8,8,15
1508,8,8,15
1509,8,8,15
1510,8,8,15
1511,8,8,15
1512,8,8,15
1513,8,8,15
1514,8,8,15
1515,8,8,15
1516,8,8,14
1517,8,8,15
1518,8,8,15
1519,8,8,15
1520,8,8,15
1521,8,8,15
1522,8,8,15
1523,8,8,15
1524,8,8,15
1525,8,8,15
1526,8,8,14
1527,8,8,15
1528,8,8,15
1529,8,8,15
1530,8,8,15
1531,9,9,17
1532,9,9,18
1533,9,9,18
1534,9,9,18
1535,9,9,18
1536,9,9,18
1537,9,9,18
1538,9,9,18
1539,9,9,18
1540,9,9,18
1541,9,9,18
1542,9,9,18
1543,9,9,18
1544,9,9,18
1545,9,9,18
1546,9,9,18
1547,9,9,18
1548,9,9,18
1549,9,9,18
1550,9,9,18
1551,9,9,18
1552,9,9,18
1553,9,9,18
1554,9,9,18
1555,9,9,18
1556,9,9,18
1557,9,9,17
1558,9,9,18
1559,9,9,17
1560,9,9,18
1561,9,9,18
1562,9,9,18
1563,9,9,18
1564,9,9,18
1565,9,9,17
1566,9,9,18
1567,9,9,18
1568,9,9,18
1569,9,9,18
1570,9,9,16
1571,9,9,18
1572,9,9,18
1573,9,9,18
1574,9,9,17
1575,9,9,18
1576,9,9,18
1577,9,9,18
1578,9,9,17
1579,9,9,17
1580,9,9,17
1581,10,9,18
1582,9,9,18
1583,9,9,18
1584,9,9,18
1585,10,9,18
1586,9,9,18
1587,9,9,18
1588,9,9,18
1589,9,9,18
1590,9,9,18
1591,9,9,18
1592,9,9,18
1593,9,9,18
1594,9,9,18
1595,9,9,18
1596,9,9,18
1597,9,9,18
1598,10,9,18
1599,10,9,18
1600,10,9,17
1601,10,9,18
1602,10,9,18
1603,10,9,18
1604,10,9,18
1605,10,9,18
1606,10,9,17
1607,10,9,18
1608,9,9,18
1609,9,9,18
1610,9,9,18
1611,9,9,17
1612,9,9,17
1613,9,9,18
1614,9,9,18
1615,9,9,18
1616,9,9,17
1617,9,9,18
1618,9,9,18
1619,9,9,17
1620,9,9,17
1621,9,9,18
1622,9,9,18
1623,9,9,18
1624,9,9,18
1625,10,9,18
1626,10,10,19
1627,10,10,21
1628,10,10,21
1629,10,10,20
1630,10,10,21
1631,10,10,21
1632,10,10,21
1633,10,10,21
1634,10,10,21
1635,10,10,21
1636,10,10,21
1637,10,10,21
1638,10,10,21
1639,10,10,21
1640,10,10,21
1641,10,10,21
1642,10,10,21
1643,10,10,21
1644,10,10,21
1645,10,10,21
1646,10,10,21
1647,10,10,21
1648,10,10,21
1649,10,10,21
1650,10,10,21
1651,10,10,21
1652,10,10,21
1653,10,10,21
1654,10,10,21
1655,10,10,21
1656,10,10,21
1657,10,10,20
1658,10,10,21
1659,10,10,21
1660,10,10,21
1661,10,10,21
1662,10,10,20
1663,10,10,21
1664,10,10,21
1665,10,10,21
1666,10,10,21
1667,10,10,21
1668,10,10,21
1669,10,10,21
1670,10,10,21
1671,10,10,21
1672,10,10,21
1673,10,10,21
1674,10,10,21
1675,10,10,21
1676,10,10,21
1677,10,10,21
1678,10,10,21
1679,10,10,21
1680,10,10,21
1681,10,10,21
1682,10,10,21
1683,9,9,17
1684,10,10,21
1685,10,10,21
1686,10,10,21
1687,10,10,21
1688,10,10,21
1689,10,10,20
1690,10,10,21
1691,10,10,21
1692,10,10,21
1693,10,10,21
1694,10,10,21
1695,10,10,21
1696,10,10,21
1697,10,10,21
1698,10,10,21
1699,10,10,21
1700,10,10,21
1701,10,10,21
1702,10,10,21
1703,10,10,21
1704,10,10,21
1705,10,10,20
1706,10,10,21
1707,10,10,21
1708,10,10,21
1709,10,10,21
1710,10,10,21
1711,10,10,21
1712,10,10,21
1713,10,10,21
1714,10,10,21
1715,10,10,21
1716,10,10,21
1717,10,10,21
1718,10,10,20
1719,10,10,20
1720,10,10,21
1721,10,10,21
1722,10,10,21
1723,10,10,19
1724,10,10,21
1725,10,10,21
1726,10,10,20
1727,10,10,21
1728,10,10,21
1729,10,10,21
1730,10,10,21
1731,10,10,21
1732,10,10,21
1733,10,10,20
1734,10,10,21
1735,10,10,21
1736,10,10,21
1737,10,10,21
1738,10,10,21
1739,10,10,21
1740,10,10,21
1741,10,10,21
1742,10,10,21
1743,10,10,21
1744,10,10,21
1745,10,10,21
1746,10,10,21
1747,10,10,21
1748,10,10,21
1749,10,10,21
1750,10,10,21
1751,10,10,21
1752,10,10,21
1753,10,10,21
1754,10,10,20
1755,10,10,19
1756,10,10,21
1757,10,10,21
1758,10,10,21
1759,10,10,21
1760,10,10,21
1761,10,10,21
1762,10,10,21
1763,10,10,21
1764,10,10,21
1765,10,10,21
1766,10,10,21
1767,10,10,21
1768,10,10,21
1769,10,10,21
1770,10,10,21
1771,10,10,21
1772,10,10,21
1773,10,10,21
1774,10,10,21
1775,10,10,21
1776,10,10,21
1777,10,10,21
1778,10,10,21
1779,10,10,21
1780,10,10,21
1781,10,10,21
1782,10,10,21
1783,10,10,21
1784,10,10,21
1785,10,10,20
1786,10,10,21
1787,10,10,21
1788,10,10,21
1789,10,10,21
1790,10,10,21
1791,10,10,21
1792,10,10,21
1793,10,10,21
1794,10,10,21
1795,10,10,21
1796,10,10,21
1797,10,10,21
1798,10,10,21
1799,10,10,21
1800,10,10,21
1801,10,10,21
1802,10,10,21
1803,10,10,21
1804,10,10,21
1805,10,10,21
1806,10,10,21
1807,10,10,21
1808,10,10,21
1809,10,10,21
1810,10,10,21
1811,10,10,21
1812,10,10,21
1813,10,10,21
1814,10,10,21
1815,10,10,21
1816,10,10,21
1817,10,10,21
1818,10,10,21
1819,10,10,21
1820,10,10,21
1821,10,10,21
1822,10,10,19
1823,10,10,20
1824,10,10,21
1825,10,10,21
1826,10,10,21
1827,10,10,21
1828,10,10,21
1829,10,10,21
1830,10,10,21
1831,10,10,21
1832,10,10,21
1833,10,10,21
1834,10,10,21
1835,10,10,21
1836,10,10,21
1837,10,10,20
1838,10,10,21
1839,10,10,21
1840,10,10,21
1841,10,10,21
1842,10,10,21
1843,10,10,21
1844,10,10,20
1845,10,10,21
1846,10,10,21
1847,10,10,21
1848,10,10,21
1849,10,10,21
1850,10,10,21
1851,10,10,21
1852,10,10,20
1853,10,10,21
1854,10,10,21
1855,10,10,21
1856,10,10,21
1857,10,10,21
1858,10,10,21
1859,10,10,21
1860,10,10,21
1861,10,10,21
1862,10,10,21
1863,10,10,21
1864,10,10,21
1865,9,9,18
1866,10,10,20
1867,11,11,25
1868,11,11,25
1869,11,11,25
1870,11,11,25
1871,11,11,25
1872,11,11,25
1873,12,12,27
1874,12,12,30
1875,12,12,29
1876,12,12,30
1877,12,12,30
1878,12,12,30
1879,12,12,30
1880,12,12,30
1881,12,12,30
1882,12,12,30
1883,12,12,30
1884,12,12,30
1885,12,12,30
1886,12,12,30
1887,12,12,30
1888,12,12,30
1889,12,12,30
1890,12,12,30
1891,12,12,30
1892,12,12,30
1893,12,12,30
1894,12,12,30
1895,12,12,30
1896,12,12,30
1897,12,12,30
1898,12,12,30
1899,12,12,30
1900,12,12,30
1901,12,12,30
1902,12,12,30
1903,12,12,30
1904,12,12,30
1905,12,12,30
1906,12,12,30
1907,12,12,30
1908,12,12,30
1909,12,12,30
1910,12,12,30
1911,12,12,30
1912,12,12,30
1913,12,12,30
1914,12,12,30
1915,12,12,30
1916,12,12,30
1917,12,12,30
1918,12,12,30
1919,12,12,30
1920,12,12,30
1921,12,12,30
1922,12,12,30
1923,12,12,30
1924,12,12,30
1925,12,12,30
1926,12,12,30
1927,12,12,30
1928,12,12,30
1929,12,12,30
1930,12,12,30
1931,12,12,30
1932,12,12,30
1933,12,12,30
1934,12,12,30
1935,12,12,30
1936,12,12,30
1937,12,12,30
1938,12,12,30
1939,12,12,30
1940,12,12,30
1941,12,12,30
1942,12,12,30
1943,12,12,30
1944,12,12,30
1945,12,12,30
1946,12,12,30
1947,12,12,30
1948,12,12,30
1949,12,12,30
1950,12,12,30
1951,12,12,30
1952,12,12,30
1953,12,12,30
1954,12,12,30
1955,12,12,30
1956,12,12,30
1957,12,12,30
1958,12,12,30
1959,12,12,30
1960,12,12,30
1961,12,12,30
1962,12,12,30
1963,12,12,30
1964,12,12,30
1965,12,12,30
1966,12,12,30
1967,12,12,30
1968,12,12,30
1969,12,12,30
1970,12,12,30
1971,12,12,30
1972,12,12,30
1973,12,12,30
1974,12,12,30
1975,12,12,30
1976,12,12,30
1977,12,12,30
1978,12,12,30
1979,12,12,30
1980,12,12,30
1981,12,12,30
1982,12,12,30
1983,12,12,30
1984,12,12,30
1985,12,12,30
1986,12,12,30
1987,12,12,30
1988,12,12,30
1989,12,12,30
1990,12,12,30
1991,12,12,30
1992,12,12,30
1993,12,12,30
1994,12,12,30
1995,12,12,30
1996,12,12,30
1997,12,12,30
1998,12,12,30
1999,12,12,30
