0,0,0,0
1,1,0,0
2,1,0,0
3,1,0,0
4,1,0,0
5,1,0,0
6,1,0,0
7,1,0,0
8,2,0,0
9,3,0,0
10,2,0,0
11,2,0,0
12,2,0,0
13,1,0,0
14,2,0,0
15,1,0,0
16,2,0,0
17,3,0,0
18,2,0,0
19,3,0,0
20,4,0,0
21,3,0,0
22,3,0,0
23,3,0,0
24,3,0,0
25,3,0,0
26,2,0,0
27,2,0,0
28,2,0,0
29,2,0,0
30,3,0,0
31,1,0,0
32,1,0,0
33,1,0,0
34,1,0,0
35,1,0,0
36,1,0,0
37,1,0,0
38,2,0,0
39,3,0,0
40,2,0,0
41,2,0,0
42,2,0,0
43,2,0,0
44,1,0,0
45,1,0,0
46,1,0,0
47,1,0,0
48,2,0,0
49,1,0,0
50,1,0,0
51,1,0,0
52,1,0,0
53,1,0,0
54,1,0,0
55,2,0,0
56,1,0,0
57,2,0,0
58,1,0,0
59,1,0,0
60,2,0,0
61,1,0,0
62,1,0,0
63,1,0,0
64,1,0,0
65,1,0,0
66,2,0,0
67,3,0,0
68,3,0,0
69,4,0,0
70,3,0,0
71,3,2,1
72,2,0,0
73,2,0,0
74,2,0,0
75,2,0,0
76,2,0,0
77,2,0,0
78,2,0,0
79,2,0,0
80,2,0,0
81,2,0,0
82,2,0,0
83,2,0,0
84,2,0,0
85,2,0,0
86,2,2,1
87,2,0,0
88,3,0,0
89,3,0,0
90,2,0,0
91,2,0,0
92,2,0,0
93,2,0,0
94,2,0,0
95,2,0,0
96,2,0,0
97,2,0,0
98,2,0,0
99,2,0,0
100,1,0,0
101,1,0,0
102,2,0,0
103,1,0,0
104,2,0,0
105,2,0,0
106,1,0,0
107,2,0,0
108,2,0,0
109,2,0,0
110,2,0,0
111,2,0,0
112,2,0,0
113,2,0,0
114,2,0,0
115,2,0,0
116,2,0,0
117,2,0,0
118,2,0,0
119,2,0,0
120,1,0,0
121,1,0,0
122,2,0,0
123,2,0,0
124,1,0,0
125,1,0,0
126,2,0,0
127,1,0,0
128,1,0,0
129,1,0,0
130,2,0,0
131,2,0,0
132,2,0,0
133,2,0,0
134,2,0,0
135,2,0,0
136,2,0,0
137,3,0,0
138,3,0,0
139,3,0,0
140,2,0,0
141,2,0,0
142,3,0,0
143,2,0,0
144,3,2,1
145,3,0,0
146,4,0,0
147,3,0,0
148,2,0,0
149,2,0,0
150,2,0,0
151,2,0,0
152,2,0,0
153,1,0,0
154,1,0,0
155,1,0,0
156,1,0,0
157,1,0,0
158,2,0,0
159,2,0,0
160,2,0,0
161,2,0,0
162,2,0,0
163,2,0,0
164,2,0,0
165,2,0,0
166,2,0,0
167,2,0,0
168,2,0,0
169,2,0,0
170,2,0,0
171,2,0,0
172,1,0,0
173,1,0,0
174,1,0,0
175,1,0,0
176,1,0,0
177,2,0,0
178,2,0,0
179,2,0,0
180,2,0,0
181,2,0,0
182,2,0,0
183,2,0,0
184,2,0,0
185,2,0,0
186,3,0,0
187,3,0,0
188,3,0,0
189,3,0,0
190,3,0,0
191,3,2,1
192,3,2,1
193,3,2,1
194,3,2,1
195,3,2,1
196,3,3,2
197,3,3,3
198,3,3,3
199,3,3,3
200,3,2,1
201,3,3,2
202,3,3,3
203,3,3,3
204,3,3,3
205,3,3,3
206,3,3,2
207,3,3,3
208,3,3,3
209,3,3,2
210,4,3,2
211,4,3,3
212,4,3,2
213,4,2,1
214,4,3,3
215,4,3,2
216,4,3,3
217,4,3,2
218,4,4,4
219,4,4,4
220,4,3,2
221,4,4,5
222,4,4,4
223,4,4,4
224,5,5,6
225,5,5,6
226,5,5,5
227,4,4,4
228,5,4,5
229,5,4,5
230,4,4,4
231,4,4,4
232,4,4,4
233,5,4,4
234,5,4,4
235,5,4,5
236,5,4,5
237,5,4,4
238,5,4,5
239,5,4,5
240,4,4,5
241,4,4,4
242,4,4,5
243,4,4,4
244,4,4,4
245,4,4,5
246,4,4,4
247,4,4,5
248,4,4,4
249,4,4,5
250,4,4,5
251,5,4,5
252,5,4,5
253,5,4,4
254,5,4,5
255,4,4,3
256,5,4,4
257,5,4,4
258,5,4,5
259,5,4,5
260,5,4,4
261,5,4,5
262,5,4,5
263,5,4,5
264,5,4,5
265,5,4,5
266,5,4,4
267,4,4,4
268,4,4,4
269,4,4,4
270,4,3,3
271,4,3,2
272,4,3,2
273,4,3,2
274,4,3,2
275,3,2,1
276,4,3,2
277,4,3,2
278,4,3,3
279,4,2,1
280,4,0,0
281,4,0,0
282,3,0,0
283,3,2,1
284,3,0,0
285,3,0,0
286,3,0,0
287,3,0,0
288,3,2,1
289,3,2,1
290,4,2,1
291,3,2,1
292,3,2,1
293,3,0,0
294,3,0,0
295,3,0,0
296,3,0,0
297,4,0,0
298,4,0,0
299,4,0,0
300,4,0,0
301,5,0,0
302,4,0,0
303,3,0,0
304,2,0,0
305,2,0,0
306,2,0,0
307,2,0,0
308,2,0,0
309,2,0,0
310,1,0,0
311,1,0,0
312,2,0,0
313,2,0,0
314,1,0,0
315,1,0,0
316,1,0,0
317,2,0,0
318,1,0,0
319,1,0,0
320,1,0,0
321,1,0,0
322,2,0,0
323,2,0,0
324,1,0,0
325,2,0,0
326,3,0,0
327,1,0,0
328,1,0,0
329,1,0,0
330,2,0,0
331,2,0,0
332,2,0,0
333,2,0,0
334,2,0,0
335,2,0,0
336,2,0,0
337,2,0,0
338,2,0,0
339,2,0,0
340,3,0,0
341,3,0,0
342,4,0,0
343,3,0,0
344,3,0,0
345,3,0,0
346,4,0,0
347,4,2,1
348,3,0,0
349,2,0,0
350,2,0,0
351,2,2,1
352,2,0,0
353,2,0,0
354,2,0,0
355,2,0,0
356,2,0,0
357,3,0,0
358,2,0,0
359,2,0,0
360,2,0,0
361,1,0,0
362,1,0,0
363,2,0,0
364,2,0,0
365,2,0,0
366,2,0,0
367,2,0,0
368,2,0,0
369,2,0,0
370,2,0,0
371,2,2,1
372,2,0,0
373,2,0,0
374,2,0,0
375,3,0,0
376,2,0,0
377,2,0,0
378,2,0,0
379,2,0,0
380,2,0,0
381,2,0,0
382,2,0,0
383,1,0,0
384,1,0,0
385,1,0,0
386,1,0,0
387,1,0,0
388,1,0,0
389,2,0,0
390,2,0,0
391,2,0,0
392,3,0,0
393,3,0,0
394,3,0,0
395,3,0,0
396,3,0,0
397,3,0,0
398,3,0,0
399,3,0,0
400,3,0,0
401,3,2,1
402,3,0,0
403,2,0,0
404,2,0,0
405,3,0,0
406,3,0,0
407,3,2,1
408,3,0,0
409,3,0,0
410,3,0,0
411,3,0,0
412,3,0,0
413,4,0,0
414,4,0,0
415,4,0,0
416,4,0,0
417,4,0,0
418,3,0,0
419,3,0,0
420,3,0,0
421,3,0,0
422,3,0,0
423,2,0,0
424,2,0,0
425,3,0,0
426,4,0,0
427,3,0,0
428,3,0,0
429,3,0,0
430,3,0,0
431,4,0,0
432,3,0,0
433,2,0,0
434,3,0,0
435,2,0,0
436,3,0,0
437,3,0,0
438,3,0,0
439,3,0,0
440,3,0,0
441,3,0,0
442,2,0,0
443,2,0,0
444,2,0,0
445,2,0,0
446,2,0,0
447,2,0,0
448,1,0,0
449,2,0,0
450,2,0,0
451,2,0,0
452,2,0,0
453,2,0,0
454,2,0,0
455,1,0,0
456,1,0,0
457,1,0,0
458,1,0,0
459,2,0,0
460,2,0,0
461,2,0,0
462,2,0,0
463,2,0,0
464,2,0,0
465,2,0,0
466,2,0,0
467,2,0,0
468,2,0,0
469,2,0,0
470,3,0,0
471,4,0,0
472,4,0,0
473,3,0,0
474,4,0,0
475,3,0,0
476,3,0,0
477,3,2,1
478,3,2,1
479,3,0,0
480,3,0,0
481,3,0,0
482,3,0,0
483,3,0,0
484,2,0,0
485,1,0,0
486,3,0,0
487,1,0,0
488,1,0,0
489,1,0,0
490,2,0,0
491,2,0,0
492,2,0,0
493,3,0,0
494,2,0,0
495,3,0,0
496,3,0,0
497,2,0,0
498,2,2,1
499,2,0,0
500,2,0,0
501,2,0,0
502,2,0,0
503,2,0,0
504,2,0,0
505,2,0,0
506,2,0,0
507,2,0,0
508,2,0,0
509,2,0,0
510,2,0,0
511,2,0,0
512,2,0,0
513,1,0,0
514,1,0,0
515,2,0,0
516,2,0,0
517,2,0,0
518,1,0,0
519,1,0,0
520,1,0,0
521,1,0,0
522,1,0,0
523,2,0,0
524,2,0,0
525,2,2,1
526,2,0,0
527,2,0,0
528,2,0,0
529,2,0,0
530,2,0,0
531,2,0,0
532,2,0,0
533,2,0,0
534,2,0,0
535,2,0,0
536,2,0,0
537,2,0,0
538,2,0,0
539,2,0,0
540,2,0,0
541,1,0,0
542,1,0,0
543,2,0,0
544,3,0,0
545,2,0,0
546,2,0,0
547,1,0,0
548,0,0,0
549,0,0,0
550,1,0,0
551,1,0,0
552,2,0,0
553,3,0,0
554,2,0,0
555,2,0,0
556,2,0,0
557,2,0,0
558,2,0,0
559,2,0,0
560,2,0,0
561,2,0,0
562,2,0,0
563,2,0,0
564,2,0,0
565,2,0,0
566,2,0,0
567,2,0,0
568,2,0,0
569,2,0,0
570,2,0,0
571,2,0,0
572,2,0,0
573,2,0,0
574,3,0,0
575,1,0,0
576,3,0,0
577,3,0,0
578,2,0,0
579,2,0,0
580,2,0,0
581,2,0,0
582,1,0,0
583,1,0,0
584,1,0,0
585,1,0,0
586,1,0,0
587,2,0,0
588,3,0,0
589,2,0,0
590,2,0,0
591,1,0,0
592,1,0,0
593,1,0,0
594,1,0,0
595,1,0,0
596,1,0,0
597,1,0,0
598,1,0,0
599,1,0,0
600,1,0,0
601,1,0,0
602,1,0,0
603,1,0,0
604,1,0,0
605,1,0,0
606,1,0,0
607,1,0,0
608,1,0,0
609,2,0,0
610,1,0,0
611,2,0,0
612,3,0,0
613,2,0,0
614,2,0,0
615,2,0,0
616,2,0,0
617,3,0,0
618,3,0,0
619,3,0,0
620,3,0,0
621,3,0,0
622,3,0,0
623,3,2,1
624,2,0,0
625,2,2,1
626,2,0,0
627,2,0,0
628,2,0,0
629,2,0,0
630,3,0,0
631,2,0,0
632,2,0,0
633,2,0,0
634,2,0,0
635,2,0,0
636,2,0,0
637,2,0,0
638,2,0,0
639,2,0,0
640,2,0,0
641,2,0,0
642,1,0,0
643,1,0,0
644,1,0,0
645,1,0,0
646,1,0,0
647,1,0,0
648,1,0,0
649,1,0,0
650,1,0,0
651,1,0,0
652,1,0,0
653,1,0,0
654,1,0,0
655,1,0,0
656,1,0,0
657,1,0,0
658,1,0,0
659,1,0,0
660,1,0,0
661,1,0,0
662,2,0,0
663,1,0,0
664,1,0,0
665,1,0,0
666,1,0,0
667,1,0,0
668,1,0,0
669,1,0,0
670,1,0,0
671,0,0,0
672,0,0,0
673,0,0,0
674,1,0,0
675,1,0,0
676,0,0,0
677,2,0,0
678,1,0,0
679,1,0,0
680,1,0,0
681,1,0,0
682,1,0,0
683,2,0,0
684,1,0,0
685,0,0,0
686,0,0,0
687,1,0,0
688,1,0,0
689,1,0,0
690,1,0,0
691,1,0,0
692,2,0,0
693,2,0,0
694,1,0,0
695,1,0,0
696,1,0,0
697,1,0,0
698,1,0,0
699,1,0,0
700,1,0,0
701,2,0,0
702,2,0,0
703,2,0,0
704,2,0,0
705,2,0,0
706,2,0,0
707,1,0,0
708,1,0,0
709,1,0,0
710,1,0,0
711,1,0,0
712,1,0,0
713,1,0,0
714,2,0,0
715,2,0,0
716,1,0,0
717,1,0,0
718,1,0,0
719,1,0,0
720,1,0,0
721,1,0,0
722,0,0,0
723,1,0,0
724,2,0,0
725,1,0,0
726,1,0,0
727,1,0,0
728,1,0,0
729,1,0,0
730,1,0,0
731,1,0,0
732,1,0,0
733,2,0,0
734,1,0,0
735,2,0,0
736,3,0,0
737,1,0,0
738,1,0,0
739,1,0,0
740,1,0,0
741,1,0,0
742,1,0,0
743,1,0,0
744,1,0,0
745,3,2,1
746,3,2,1
747,3,2,1
748,3,2,1
749,2,0,0
750,2,0,0
751,2,0,0
752,3,0,0
753,3,0,0
754,2,0,0
755,2,0,0
756,2,0,0
757,2,0,0
758,2,0,0
759,2,0,0
760,2,0,0
761,2,0,0
762,2,0,0
763,2,0,0
764,2,0,0
765,4,0,0
766,4,0,0
767,4,0,0
768,4,0,0
769,4,0,0
770,4,0,0
771,5,0,0
772,3,0,0
773,3,0,0
774,3,0,0
775,3,0,0
776,2,0,0
777,2,0,0
778,2,0,0
779,1,0,0
780,2,0,0
781,2,0,0
782,2,0,0
783,2,0,0
784,2,0,0
785,2,0,0
786,2,0,0
787,2,0,0
788,2,0,0
789,2,0,0
790,2,0,0
791,2,0,0
792,2,0,0
793,3,0,0
794,4,0,0
795,3,0,0
796,2,0,0
797,2,0,0
798,3,0,0
799,3,0,0
800,3,0,0
801,3,0,0
802,3,0,0
803,3,0,0
804,3,0,0
805,3,0,0
806,3,0,0
807,3,0,0
808,3,0,0
809,4,2,1
810,3,0,0
811,3,0,0
812,2,0,0
813,2,0,0
814,2,0,0
815,2,0,0
816,2,0,0
817,2,0,0
818,2,0,0
819,2,0,0
820,2,0,0
821,2,0,0
822,2,0,0
823,2,0,0
824,2,0,0
825,2,2,1
826,2,0,0
827,2,0,0
828,2,0,0
829,1,0,0
830,1,0,0
831,1,0,0
832,1,0,0
833,2,0,0
834,2,0,0
835,2,0,0
836,2,0,0
837,2,0,0
838,2,0,0
839,2,0,0
840,2,0,0
841,2,0,0
842,2,0,0
843,2,0,0
844,2,0,0
845,2,2,1
846,2,2,1
847,2,0,0
848,2,0,0
849,2,0,0
850,2,0,0
851,2,0,0
852,2,0,0
853,2,0,0
854,2,0,0
855,1,0,0
856,1,0,0
857,1,0,0
858,1,0,0
859,1,0,0
860,1,0,0
861,1,0,0
862,1,0,0
863,3,0,0
864,2,0,0
865,2,0,0
866,1,0,0
867,2,0,0
868,2,0,0
869,2,0,0
870,1,0,0
871,1,0,0
872,2,0,0
873,1,0,0
874,1,0,0
875,1,0,0
876,2,0,0
877,2,0,0
878,2,0,0
879,2,0,0
880,2,0,0
881,2,0,0
882,2,0,0
883,1,0,0
884,1,0,0
885,1,0,0
886,1,0,0
887,1,0,0
888,2,0,0
889,3,0,0
890,3,0,0
891,3,0,0
892,2,2,1
893,2,0,0
894,2,0,0
895,2,0,0
896,2,0,0
897,2,0,0
898,2,0,0
899,1,0,0
900,1,0,0
901,1,0,0
902,2,0,0
903,2,0,0
904,2,0,0
905,2,0,0
906,2,0,0
907,2,0,0
908,1,0,0
909,1,0,0
910,2,0,0
911,2,0,0
912,1,0,0
913,2,0,0
914,1,0,0
915,1,0,0
916,1,0,0
917,2,0,0
918,2,0,0
919,1,0,0
920,1,0,0
921,2,0,0
922,2,0,0
923,1,0,0
924,3,0,0
925,2,0,0
926,3,0,0
927,2,0,0
928,1,0,0
929,2,0,0
930,2,0,0
931,2,0,0
932,3,0,0
933,3,0,0
934,3,0,0
935,3,0,0
936,4,0,0
937,2,0,0
938,3,0,0
939,3,0,0
940,3,0,0
941,3,0,0
942,3,2,1
943,4,2,1
944,4,2,1
945,4,2,1
946,4,2,1
947,4,2,1
948,4,0,0
949,4,0,0
950,4,0,0
951,4,2,1
952,4,0,0
953,4,0,0
954,3,0,0
955,3,0,0
956,3,0,0
957,3,0,0
958,3,2,1
959,3,0,0
960,3,0,0
961,3,0,0
962,2,0,0
963,3,0,0
964,3,0,0
965,3,0,0
966,2,0,0
967,2,0,0
968,2,0,0
969,2,0,0
970,2,0,0
971,2,0,0
972,2,0,0
973,2,0,0
974,2,0,0
975,2,0,0
976,2,0,0
977,2,0,0
978,3,2,1
979,2,0,0
980,2,0,0
981,2,0,0
982,2,0,0
983,2,0,0
984,2,0,0
985,2,0,0
986,3,0,0
987,2,0,0
988,2,0,0
989,2,0,0
990,2,2,1
991,2,0,0
992,2,0,0
993,2,0,0
994,2,0,0
995,2,0,0
996,2,2,1
997,2,0,0
998,2,0,0
999,2,0,0
1000,2,0,0
1001,2,0,0
1002,2,0,0
1003,2,0,0
1004,2,0,0
1005,2,0,0
1006,2,0,0
1007,2,0,0
1008,2,0,0
1009,3,2,1
1010,4,2,1
1011,4,2,1
1012,4,0,0
1013,3,0,0
1014,3,0,0
1015,3,0,0
1016,3,0,0
1017,3,0,0
1018,3,2,1
1019,4,0,0
1020,3,0,0
1021,3,2,1
1022,3,0,0
1023,3,0,0
1024,3,0,0
1025,4,0,0
1026,3,0,0
1027,2,0,0
1028,3,0,0
1029,3,0,0
1030,2,0,0
1031,2,0,0
1032,2,0,0
1033,2,0,0
1034,2,0,0
1035,2,0,0
1036,3,0,0
1037,2,0,0
1038,2,0,0
1039,2,0,0
1040,2,0,0
1041,0,0,0
1042,2,0,0
1043,1,0,0
1044,1,0,0
1045,1,0,0
1046,1,0,0
1047,1,0,0
1048,2,0,0
1049,3,0,0
1050,2,0,0
1051,2,0,0
1052,2,0,0
1053,2,2,1
1054,2,0,0
1055,2,0,0
1056,2,0,0
1057,2,0,0
1058,3,0,0
1059,1,0,0
1060,2,0,0
1061,3,2,1
1062,3,0,0
1063,2,0,0
1064,3,0,0
1065,3,0,0
1066,3,0,0
1067,3,2,1
1068,3,0,0
1069,3,2,1
1070,3,2,1
1071,3,0,0
1072,3,0,0
1073,3,0,0
1074,3,0,0
1075,3,0,0
1076,3,0,0
1077,3,0,0
1078,4,0,0
1079,3,0,0
1080,3,0,0
1081,3,0,0
1082,2,0,0
1083,2,0,0
1084,2,0,0
1085,1,0,0
1086,1,0,0
1087,1,0,0
1088,1,0,0
1089,1,0,0
1090,3,0,0
1091,2,0,0
1092,2,0,0
1093,2,0,0
1094,2,0,0
1095,1,0,0
1096,1,0,0
1097,1,0,0
1098,2,0,0
1099,1,0,0
1100,1,0,0
1101,1,0,0
1102,2,0,0
1103,1,0,0
1104,1,0,0
1105,2,0,0
1106,2,0,0
1107,1,0,0
1108,1,0,0
1109,1,0,0
1110,1,0,0
1111,1,0,0
1112,1,0,0
1113,1,0,0
1114,1,0,0
1115,1,0,0
1116,1,0,0
1117,1,0,0
1118,1,0,0
1119,1,0,0
1120,1,0,0
1121,2,0,0
1122,3,0,0
1123,3,2,1
1124,4,0,0
1125,3,0,0
1126,3,0,0
1127,3,0,0
1128,3,2,1
1129,3,0,0
1130,3,0,0
1131,3,0,0
1132,3,0,0
1133,3,0,0
1134,3,3,2
1135,4,2,1
1136,4,2,1
1137,4,0,0
1138,3,0,0
1139,2,0,0
1140,2,0,0
1141,3,0,0
1142,3,0,0
1143,2,0,0
1144,3,0,0
1145,2,0,0
1146,2,0,0
1147,2,0,0
1148,2,0,0
1149,2,0,0
1150,3,0,0
1151,2,0,0
1152,2,0,0
1153,2,0,0
1154,2,0,0
1155,2,0,0
1156,4,0,0
1157,3,0,0
1158,3,0,0
1159,3,0,0
1160,3,0,0
1161,3,0,0
1162,3,0,0
1163,3,0,0
1164,4,0,0
1165,4,0,0
1166,4,0,0
1167,4,0,0
1168,4,0,0
1169,3,0,0
1170,3,0,0
1171,3,0,0
1172,2,0,0
1173,2,0,0
1174,2,0,0
1175,2,0,0
1176,2,0,0
1177,2,0,0
1178,2,0,0
1179,3,0,0
1180,2,0,0
1181,3,0,0
1182,4,2,1
1183,4,0,0
1184,3,2,1
1185,3,0,0
1186,2,0,0
1187,2,0,0
1188,2,0,0
1189,2,0,0
1190,2,0,0
1191,2,0,0
1192,2,0,0
1193,2,0,0
1194,2,0,0
1195,3,0,0
1196,2,0,0
1197,2,0,0
1198,2,0,0
1199,2,0,0
1200,2,0,0
1201,2,0,0
1202,2,0,0
1203,2,0,0
1204,2,0,0
1205,2,0,0
1206,3,0,0
1207,3,0,0
1208,3,0,0
1209,2,2,1
1210,2,0,0
1211,2,0,0
1212,2,0,0
1213,2,0,0
1214,2,0,0
1215,2,0,0
1216,3,0,0
1217,3,0,0
1218,2,0,0
1219,2,0,0
1220,2,0,0
1221,2,0,0
1222,2,2,1
1223,2,0,0
1224,3,0,0
1225,2,0,0
1226,2,0,0
1227,3,0,0
1228,3,2,1
1229,3,2,1
1230,3,2,1
1231,3,0,0
1232,4,0,0
1233,3,0,0
1234,3,0,0
1235,3,0,0
1236,3,0,0
1237,3,0,0
1238,3,0,0
1239,3,0,0
1240,2,0,0
1241,2,0,0
1242,2,0,0
1243,2,0,0
1244,2,0,0
1245,2,0,0
1246,2,0,0
1247,2,0,0
1248,2,0,0
1249,2,0,0
1250,2,0,0
1251,2,0,0
1252,2,0,0
1253,2,0,0
1254,2,0,0
1255,2,0,0
1256,2,0,0
1257,2,0,0
1258,2,0,0
1259,2,0,0
1260,2,0,0
1261,2,0,0
1262,2,0,0
1263,2,0,0
1264,2,0,0
1265,2,0,0
1266,5,0,0
1267,5,0,0
1268,4,0,0
1269,4,0,0
1270,4,2,1
1271,4,2,1
1272,4,3,2
1273,4,3,3
1274,3,3,3
1275,3,3,3
1276,3,3,2
1277,3,3,2
1278,3,3,2
1279,3,3,3
1280,3,3,2
1281,3,3,2
1282,3,3,2
1283,3,3,3
1284,3,3,3
1285,3,3,3
1286,3,3,2
1287,3,3,2
1288,3,3,2
1289,3,3,2
1290,3,3,3
1291,3,3,3
1292,3,3,2
1293,3,3,2
1294,3,3,3
1295,3,3,2
1296,3,3,2
1297,3,3,2
1298,3,3,2
1299,3,2,1
1300,3,3,2
1301,3,3,3
1302,3,3,3
1303,3,2,1
1304,3,3,2
1305,3,3,3
1306,3,3,2
1307,4,3,3
1308,4,3,2
1309,4,4,3
1310,4,4,3
1311,4,0,0
1312,4,0,0
1313,4,0,0
1314,4,0,0
1315,4,0,0
1316,4,0,0
1317,4,2,1
1318,4,0,0
1319,4,2,1
1320,5,0,0
1321,4,2,1
1322,4,3,3
1323,4,3,3
1324,5,3,3
1325,4,3,3
1326,4,3,2
1327,4,3,3
1328,4,3,3
1329,5,3,3
1330,5,3,2
1331,4,3,3
1332,4,3,3
1333,4,3,3
1334,5,3,3
1335,5,4,4
1336,5,4,4
1337,5,4,5
1338,5,4,4
1339,5,4,5
1340,5,4,4
1341,4,4,3
1342,4,4,5
1343,4,4,5
1344,4,4,4
1345,4,4,5
1346,4,4,4
1347,4,4,5
1348,4,4,5
1349,4,4,4
1350,4,4,4
1351,4,4,5
1352,4,4,4
1353,4,4,4
1354,4,4,3
1355,4,4,4
1356,4,3,3
1357,4,3,2
1358,4,4,4
1359,5,4,5
1360,5,4,5
1361,5,4,5
1362,5,4,4
1363,5,4,5
1364,5,4,5
1365,5,4,5
1366,5,4,3
1367,4,4,4
1368,4,4,4
1369,4,4,4
1370,4,4,5
1371,4,4,4
1372,4,3,3
1373,4,4,4
1374,4,4,3
1375,4,4,4
1376,5,4,5
1377,5,4,5
1378,4,4,5
1379,4,4,4
1380,4,4,4
1381,4,4,4
1382,4,4,4
1383,4,4,4
1384,4,4,4
1385,5,4,5
1386,5,4,5
1387,5,4,4
1388,3,3,3
1389,4,4,4
1390,4,4,3
1391,4,3,2
1392,4,4,4
1393,4,4,4
1394,4,4,4
1395,4,4,4
1396,4,4,4
1397,5,4,5
1398,5,4,5
1399,5,4,5
1400,5,4,5
1401,5,4,5
1402,5,4,5
1403,5,4,5
1404,5,4,5
1405,5,4,5
1406,5,4,5
1407,5,4,5
1408,5,4,5
1409,5,4,5
1410,5,4,5
1411,6,4,4
1412,6,4,4
1413,6,4,4
1414,6,5,6
1415,6,5,5
1416,6,5,6
1417,6,5,6
1418,5,5,6
1419,4,4,5
1420,5,5,6
1421,5,4,5
1422,6,5,6
1423,6,5,6
1424,6,5,6
1425,4,4,4
1426,5,5,6
1427,5,5,7
1428,5,5,7
1429,6,5,6
1430,5,5,6
1431,5,5,7
1432,5,5,7
1433,5,5,6
1434,5,5,6
1435,5,5,7
1436,5,5,7
1437,5,5,7
1438,5,5,7
1439,5,5,6
1440,5,5,7
1441,5,5,7
1442,5,5,7
1443,5,5,6
1444,5,5,7
1445,5,5,7
1446,5,5,7
1447,5,5,7
1448,5,5,7
1449,5,5,6
1450,5,5,7
1451,5,5,7
1452,5,5,6
1453,5,5,6
1454,5,5,6
1455,5,5,6
1456,4,4,4
1457,4,4,5
1458,5,5,6
1459,4,4,5
1460,5,5,7
1461,5,5,7
1462,5,5,6
1463,5,5,6
1464,5,5,7
1465,5,5,7
1466,5,5,6
1467,4,3,3
1468,5,5,6
1469,5,5,7
1470,5,5,6
1471,5,5,5
1472,6,5,7
1473,6,5,6
1474,6,5,5
1475,6,4,4
1476,6,4,5
1477,6,4,5
1478,6,6,7
1479,5,4,5
1480,5,4,5
1481,5,4,5
1482,5,4,5
1483,6,5,5
1484,6,4,4
1485,6,3,3
1486,6,4,5
1487,6,4,5
1488,6,4,5
1489,6,4,5
1490,6,4,5
1491,5,4,4
1492,5,4,4
1493,4,2,1
1494,4,4,3
1495,4,4,5
1496,4,4,5
1497,5,4,5
1498,6,4,4
1499,6,4,5
1500,6,4,5
1501,6,4,4
1502,5,4,5
1503,5,4,3
1504,5,4,4
1505,5,4,5
1506,5,4,5
1507,5,4,5
1508,5,4,4
1509,5,4,5
1510,6,4,4
1511,6,3,3
1512,6,3,3
1513,6,3,3
1514,6,3,2
1515,6,3,2
1516,6,3,2
1517,6,3,3
1518,6,3,3
1519,6,3,3
1520,6,3,3
1521,6,3,3
1522,6,3,3
1523,6,3,2
1524,6,3,2
1525,6,3,3
1526,6,3,2
1527,6,3,2
1528,6,3,3
1529,6,3,2
1530,6,3,3
1531,5,3,3
1532,6,3,3
1533,6,3,3
1534,6,3,3
1535,6,3,2
1536,6,3,3
1537,6,3,3
1538,6,3,3
1539,6,3,3
1540,6,3,3
1541,6,3,3
1542,6,3,2
1543,6,3,2
1544,6,3,2
1545,6,3,3
1546,6,3,3
1547,6,3,2
1548,6,3,2
1549,6,3,3
1550,6,3,3
1551,5,2,1
1552,6,3,2
1553,6,3,2
1554,6,3,2
1555,6,3,2
1556,6,3,3
1557,6,6,5
1558,6,5,7
1559,6,6,7
1560,6,6,7
1561,6,6,8
1562,7,6,8
1563,7,6,9
1564,7,6,9
1565,7,6,8
1566,6,6,8
1567,6,6,9
1568,6,6,9
1569,6,6,9
1570,6,6,9
1571,6,6,8
1572,6,6,8
1573,6,6,7
1574,6,6,8
1575,6,6,9
1576,6,6,8
1577,6,5,7
1578,6,6,8
1579,6,6,6
1580,6,6,8
1581,6,6,8
1582,6,6,9
1583,6,6,9
1584,6,6,8
1585,6,6,9
1586,7,6,9
1587,7,6,8
1588,7,6,9
1589,7,6,9
1590,7,6,9
1591,7,6,9
1592,7,6,9
1593,7,6,9
1594,7,6,8
1595,7,6,8
1596,6,5,6
1597,5,5,7
1598,5,5,5
1599,5,5,6
1600,5,5,7
1601,5,5,6
1602,5,5,7
1603,5,5,6
1604,5,5,6
1605,5,4,4
1606,5,4,4
1607,6,5,6
1608,6,5,7
1609,6,5,7
1610,6,5,6
1611,6,5,7
1612,6,6,9
1613,6,6,9
1614,6,6,9
1615,6,6,9
1616,6,6,9
1617,6,6,7
1618,6,6,9
1619,6,6,9
1620,6,6,9
1621,6,6,9
1622,6,6,9
1623,5,5,7
1624,6,6,9
1625,6,6,8
1626,6,6,8
1627,6,6,8
1628,6,6,9
1629,6,6,8
1630,6,6,9
1631,6,6,8
1632,6,6,9
1633,6,6,7
1634,6,6,8
1635,6,6,9
1636,6,6,9
1637,6,6,9
1638,6,6,9
1639,5,5,6
1640,5,5,7
1641,5,5,7
1642,5,5,5
1643,5,3,2
1644,6,3,3
1645,6,4,4
1646,5,5,6
1647,4,4,3
1648,4,4,3
1649,4,4,3
1650,4,4,4
1651,4,4,4
1652,4,4,5
1653,4,4,5
1654,4,4,5
1655,4,4,4
1656,4,4,5
1657,4,4,5
1658,4,4,5
1659,5,5,6
1660,5,4,5
1661,5,4,5
1662,5,4,4
1663,5,4,5
1664,5,4,4
1665,5,4,3
1666,5,4,5
1667,5,4,4
1668,5,4,4
1669,4,4,3
1670,4,4,4
1671,4,4,5
1672,4,3,2
1673,4,4,4
1674,5,4,4
1675,4,4,4
1676,3,2,1
1677,4,2,1
1678,4,3,2
1679,4,3,3
1680,4,3,3
1681,4,3,2
1682,4,3,3
1683,4,3,2
1684,4,3,3
1685,4,3,3
1686,4,4,4
1687,4,3,2
1688,4,4,4
1689,4,4,3
1690,4,4,5
1691,4,4,3
1692,4,4,4
1693,4,4,5
1694,5,3,2
1695,5,3,2
1696,5,4,4
1697,4,4,5
1698,4,4,5
1699,4,4,4
1700,4,4,5
1701,4,4,5
1702,4,4,5
1703,4,4,3
1704,4,4,5
1705,4,4,4
1706,4,4,5
1707,4,4,4
1708,4,4,4
1709,4,4,3
1710,4,4,5
1711,4,3,2
1712,4,4,3
1713,4,4,4
1714,4,4,4
1715,4,4,4
1716,4,4,5
1717,3,3,2
1718,4,4,4
1719,4,4,4
1720,4,4,5
1721,4,4,4
1722,4,4,5
1723,4,4,4
1724,4,4,5
1725,4,4,5
1726,4,4,4
1727,4,4,5
1728,4,4,4
1729,4,3,3
1730,4,4,3
1731,3,3,2
1732,4,4,4
1733,4,4,5
1734,4,4,4
1735,4,4,5
1736,4,4,5
1737,4,4,5
1738,4,4,4
1739,4,4,4
1740,4,4,5
1741,4,4,5
1742,4,4,4
1743,4,4,5
1744,4,4,4
1745,4,4,5
1746,4,4,4
1747,4,4,4
1748,5,4,4
1749,4,4,4
1750,4,4,4
1751,4,3,3
1752,4,3,3
1753,4,3,3
1754,4,3,2
1755,4,3,2
1756,4,3,2
1757,4,3,2
1758,4,3,3
1759,4,3,2
1760,4,3,2
1761,4,3,3
1762,4,3,3
1763,3,2,1
1764,3,2,1
1765,3,2,1
1766,3,0,0
1767,2,0,0
1768,1,0,0
1769,2,0,0
1770,2,0,0
1771,4,0,0
1772,3,0,0
1773,3,0,0
1774,3,0,0
1775,3,0,0
1776,3,0,0
1777,3,0,0
1778,3,0,0
1779,3,0,0
1780,3,0,0
1781,3,0,0
1782,3,0,0
1783,3,0,0
1784,3,0,0
1785,3,0,0
1786,4,0,0
1787,2,0,0
1788,3,0,0
1789,3,0,0
1790,3,0,0
1791,3,0,0
1792,3,2,1
1793,3,0,0
1794,3,0,0
1795,2,0,0
1796,2,0,0
1797,3,0,0
1798,2,0,0
1799,3,0,0
1800,3,0,0
1801,3,0,0
1802,3,2,1
1803,3,0,0
1804,3,0,0
1805,3,0,0
1806,3,0,0
1807,3,0,0
1808,3,0,0
1809,3,2,1
1810,3,0,0
1811,3,2,1
1812,4,0,0
1813,3,0,0
1814,4,0,0
1815,4,0,0
1816,4,0,0
1817,3,0,0
1818,2,0,0
1819,2,0,0
1820,2,0,0
1821,2,0,0
1822,2,0,0
1823,2,0,0
1824,2,0,0
1825,2,0,0
1826,2,0,0
1827,2,0,0
1828,2,0,0
1829,2,0,0
1830,2,0,0
1831,2,2,1
1832,2,0,0
1833,2,2,1
1834,2,0,0
1835,2,0,0
1836,2,0,0
1837,2,2,1
1838,3,0,0
1839,2,0,0
1840,2,0,0
1841,2,0,0
1842,2,0,0
1843,1,0,0
1844,1,0,0
1845,1,0,0
1846,1,0,0
1847,2,0,0
1848,2,0,0
1849,1,0,0
1850,1,0,0
1851,1,0,0
1852,1,0,0
1853,1,0,0
1854,1,0,0
1855,1,0,0
1856,1,0,0
1857,2,0,0
1858,2,0,0
1859,2,0,0
1860,2,0,0
1861,2,0,0
1862,2,0,0
1863,2,0,0
1864,2,0,0
1865,2,2,1
1866,3,0,0
1867,4,0,0
1868,3,0,0
1869,3,0,0
1870,3,0,0
1871,3,0,0
1872,3,0,0
1873,3,2,1
1874,3,2,1
1875,3,2,1
1876,3,0,0
1877,3,2,1
1878,4,0,0
1879,3,0,0
1880,3,0,0
1881,3,0,0
1882,2,0,0
1883,2,0,0
1884,2,0,0
1885,2,0,0
1886,2,0,0
1887,2,0,0
1888,2,0,0
1889,2,0,0
1890,2,0,0
1891,2,0,0
1892,2,0,0
1893,2,0,0
1894,3,0,0
1895,3,0,0
1896,3,0,0
1897,3,0,0
1898,2,0,0
1899,2,0,0
1900,2,0,0
1901,2,0,0
1902,2,0,0
1903,2,0,0
1904,2,0,0
1905,1,0,0
1906,2,0,0
1907,2,0,0
1908,2,0,0
1909,2,2,1
1910,3,0,0
1911,2,0,0
1912,2,0,0
1913,2,0,0
1914,2,0,0
1915,2,0,0
1916,2,0,0
1917,2,0,0
1918,2,0,0
1919,2,0,0
1920,3,0,0
1921,3,0,0
1922,4,0,0
1923,3,0,0
1924,2,0,0
1925,2,0,0
1926,2,0,0
1927,2,0,0
1928,1,0,0
1929,2,0,0
1930,2,0,0
1931,2,0,0
1932,2,0,0
1933,2,0,0
1934,2,0,0
1935,3,0,0
1936,3,0,0
1937,3,0,0
1938,3,2,1
1939,2,2,1
1940,2,2,1
1941,2,2,1
1942,2,2,1
1943,2,2,1
1944,2,2,1
1945,3,2,1
1946,3,2,1
1947,3,0,0
1948,3,0,0
1949,3,0,0
1950,4,0,0
1951,4,2,1
1952,4,0,0
1953,4,0,0
1954,4,0,0
1955,3,0,0
1956,3,0,0
1957,2,0,0
1958,2,0,0
1959,2,0,0
1960,2,0,0
1961,2,0,0
1962,2,0,0
1963,2,0,0
1964,2,0,0
1965,2,0,0
1966,3,0,0
1967,2,0,0
1968,2,0,0
1969,2,0,0
1970,2,2,1
1971,2,0,0
1972,3,0,0
1973,3,0,0
1974,3,0,0
1975,3,0,0
1976,3,0,0
1977,3,0,0
1978,3,0,0
1979,3,0,0
1980,3,0,0
1981,3,0,0
1982,3,0,0
1983,3,0,0
1984,3,0,0
1985,3,0,0
1986,3,0,0
1987,4,0,0
1988,3,0,0
1989,3,0,0
1990,4,2,1
1991,3,0,0
1992,4,0,0
1993,4,0,0
1994,3,0,0
1995,3,0,0
1996,3,0,0
1997,2,0,0
1998,2,0,0
1999,2,0,0
