0,0,0,0
1,1,0,0
2,1,0,0
3,2,0,0
4,2,0,0
5,1,0,0
6,2,0,0
7,1,0,0
8,1,0,0
9,1,0,0
10,1,0,0
11,1,0,0
12,2,0,0
13,0,0,0
14,0,0,0
15,0,0,0
16,1,0,0
17,1,0,0
18,1,0,0
19,1,0,0
20,1,0,0
21,0,0,0
22,0,0,0
23,0,0,0
24,0,0,0
25,0,0,0
26,0,0,0
27,1,0,0
28,0,0,0
29,2,0,0
30,1,0,0
31,1,0,0
32,1,0,0
33,1,0,0
34,1,0,0
35,2,0,0
36,2,0,0
37,2,0,0
38,1,0,0
39,1,0,0
40,1,0,0
41,1,0,0
42,1,0,0
43,1,0,0
44,1,0,0
45,1,0,0
46,1,0,0
47,1,0,0
48,1,0,0
49,1,0,0
50,1,0,0
51,1,0,0
52,1,0,0
53,1,0,0
54,1,0,0
55,1,0,0
56,1,0,0
57,1,0,0
58,1,0,0
59,1,0,0
60,1,0,0
61,1,0,0
62,1,0,0
63,1,0,0
64,1,0,0
65,1,0,0
66,1,0,0
67,1,0,0
68,3,0,0
69,2,0,0
70,1,0,0
71,1,0,0
72,3,0,0
73,1,0,0
74,2,2,1
75,1,0,0
76,1,0,0
77,1,0,0
78,1,0,0
79,1,0,0
80,3,0,0
81,1,0,0
82,1,0,0
83,2,0,0
84,1,0,0
85,1,0,0
86,1,0,0
87,1,0,0
88,1,0,0
89,0,0,0
90,1,0,0
91,1,0,0
92,1,0,0
93,1,0,0
94,2,0,0
95,2,0,0
96,2,0,0
97,2,2,1
98,2,0,0
99,2,2,1
100,2,2,1
101,3,0,0
102,2,0,0
103,2,0,0
104,1,0,0
105,1,0,0
106,2,0,0
107,2,0,0
108,2,0,0
109,2,0,0
110,2,0,0
111,2,0,0
112,2,0,0
113,2,0,0
114,2,0,0
115,3,0,0
116,2,0,0
117,2,0,0
118,2,0,0
119,2,2,1
120,2,0,0
121,2,0,0
122,2,0,0
123,2,0,0
124,2,0,0
125,2,0,0
126,2,0,0
127,2,0,0
128,3,0,0
129,3,0,0
130,3,0,0
131,3,0,0
132,3,0,0
133,3,0,0
134,3,0,0
135,3,0,0
136,3,0,0
137,3,2,1
138,3,0,0
139,3,0,0
140,3,0,0
141,2,2,1
142,2,0,0
143,2,0,0
144,2,0,0
145,2,0,0
146,2,2,1
147,2,0,0
148,3,0,0
149,3,0,0
150,2,0,0
151,2,0,0
152,2,0,0
153,2,0,0
154,2,0,0
155,2,2,1
156,3,0,0
157,1,0,0
158,1,0,0
159,2,0,0
160,3,0,0
161,2,0,0
162,2,0,0
163,2,0,0
164,2,2,1
165,1,0,0
166,3,0,0
167,3,0,0
168,3,2,1
169,2,0,0
170,2,0,0
171,2,0,0
172,2,0,0
173,3,0,0
174,3,0,0
175,1,0,0
176,1,0,0
177,1,0,0
178,1,0,0
179,1,0,0
180,2,0,0
181,1,0,0
182,2,0,0
183,2,0,0
184,2,0,0
185,2,0,0
186,2,0,0
187,3,0,0
188,3,0,0
189,3,0,0
190,3,0,0
191,3,0,0
192,3,2,1
193,3,0,0
194,3,0,0
195,3,0,0
196,3,0,0
197,3,0,0
198,4,0,0
199,2,0,0
200,2,0,0
201,1,0,0
202,1,0,0
203,1,0,0
204,2,0,0
205,1,0,0
206,1,0,0
207,1,0,0
208,2,0,0
209,2,0,0
210,2,0,0
211,2,0,0
212,1,0,0
213,2,0,0
214,2,0,0
215,2,0,0
216,2,0,0
217,2,0,0
218,2,0,0
219,2,0,0
220,2,0,0
221,2,0,0
222,2,0,0
223,2,2,1
224,2,2,1
225,2,0,0
226,3,0,0
227,3,0,0
228,2,0,0
229,2,0,0
230,2,2,1
231,2,0,0
232,1,0,0
233,1,0,0
234,2,0,0
235,2,0,0
236,2,0,0
237,2,0,0
238,2,0,0
239,2,0,0
240,2,0,0
241,2,0,0
242,3,0,0
243,2,0,0
244,2,0,0
245,3,2,1
246,2,0,0
247,2,0,0
248,3,0,0
249,3,2,1
250,3,2,1
251,3,2,1
252,3,2,1
253,3,3,2
254,3,0,0
255,3,0,0
256,3,0,0
257,3,0,0
258,4,0,0
259,3,0,0
260,3,0,0
261,3,0,0
262,3,0,0
263,3,0,0
264,3,0,0
265,4,0,0
266,3,0,0
267,3,0,0
268,3,0,0
269,3,0,0
270,3,0,0
271,3,0,0
272,3,0,0
273,3,0,0
274,4,0,0
275,4,0,0
276,4,0,0
277,4,2,1
278,4,2,1
279,4,2,1
280,4,2,1
281,4,2,1
282,4,3,2
283,4,0,0
284,4,2,1
285,4,0,0
286,4,2,1
287,4,2,1
288,4,4,3
289,4,3,2
290,5,4,4
291,5,4,5
292,4,3,2
293,4,3,2
294,4,2,1
295,4,2,1
296,4,3,2
297,4,2,1
298,4,2,1
299,5,0,0
300,4,2,1
301,4,2,1
302,4,0,0
303,4,0,0
304,4,2,1
305,4,2,1
306,4,2,1
307,4,2,1
308,3,0,0
309,3,0,0
310,2,2,1
311,2,0,0
312,3,0,0
313,2,0,0
314,3,0,0
315,2,0,0
316,3,0,0
317,2,0,0
318,2,0,0
319,3,0,0
320,2,0,0
321,2,0,0
322,2,0,0
323,2,0,0
324,3,0,0
325,3,0,0
326,2,0,0
327,3,0,0
328,3,0,0
329,2,0,0
330,2,0,0
331,2,0,0
332,2,0,0
333,2,0,0
334,2,0,0
335,2,0,0
336,2,0,0
337,2,0,0
338,2,0,0
339,2,0,0
340,2,0,0
341,2,0,0
342,2,0,0
343,1,0,0
344,1,0,0
345,2,0,0
346,1,0,0
347,1,0,0
348,1,0,0
349,1,0,0
350,1,0,0
351,2,0,0
352,3,0,0
353,2,0,0
354,2,0,0
355,2,0,0
356,2,0,0
357,2,0,0
358,2,0,0
359,3,0,0
360,2,0,0
361,2,0,0
362,2,0,0
363,2,0,0
364,2,0,0
365,2,0,0
366,3,0,0
367,2,0,0
368,2,0,0
369,2,0,0
370,2,0,0
371,2,0,0
372,2,0,0
373,2,0,0
374,2,0,0
375,2,0,0
376,2,0,0
377,2,0,0
378,2,0,0
379,2,0,0
380,3,0,0
381,1,0,0
382,2,0,0
383,1,0,0
384,1,0,0
385,2,0,0
386,2,0,0
387,2,0,0
388,2,0,0
389,2,0,0
390,2,0,0
391,2,0,0
392,2,0,0
393,2,0,0
394,2,0,0
395,2,0,0
396,2,0,0
397,2,0,0
398,1,0,0
399,1,0,0
400,2,0,0
401,2,0,0
402,3,0,0
403,3,0,0
404,3,0,0
405,3,0,0
406,3,0,0
407,3,0,0
408,4,0,0
409,3,0,0
410,3,2,1
411,3,0,0
412,3,2,1
413,3,2,1
414,3,0,0
415,3,0,0
416,3,0,0
417,3,0,0
418,3,2,1
419,3,2,1
420,3,2,1
421,3,0,0
422,3,0,0
423,3,0,0
424,3,0,0
425,3,2,1
426,3,0,0
427,3,0,0
428,2,0,0
429,3,0,0
430,2,0,0
431,2,0,0
432,2,0,0
433,2,0,0
434,2,0,0
435,2,0,0
436,2,0,0
437,2,0,0
438,2,0,0
439,2,0,0
440,2,0,0
441,3,0,0
442,2,0,0
443,2,0,0
444,2,0,0
445,2,2,1
446,2,0,0
447,3,0,0
448,3,0,0
449,3,0,0
450,3,0,0
451,3,0,0
452,3,2,1
453,3,0,0
454,3,0,0
455,3,0,0
456,3,0,0
457,3,0,0
458,2,0,0
459,2,0,0
460,2,0,0
461,2,0,0
462,3,0,0
463,3,0,0
464,3,0,0
465,2,0,0
466,2,0,0
467,2,0,0
468,2,0,0
469,3,0,0
470,3,2,1
471,3,0,0
472,3,0,0
473,3,0,0
474,3,2,1
475,3,0,0
476,2,0,0
477,2,0,0
478,2,0,0
479,2,0,0
480,2,0,0
481,2,0,0
482,2,0,0
483,2,0,0
484,2,0,0
485,2,0,0
486,2,0,0
487,2,2,1
488,3,2,1
489,3,2,1
490,3,0,0
491,2,0,0
492,1,0,0
493,2,0,0
494,1,0,0
495,1,0,0
496,1,0,0
497,1,0,0
498,1,0,0
499,1,0,0
500,1,0,0
501,1,0,0
502,1,0,0
503,1,0,0
504,1,0,0
505,1,0,0
506,0,0,0
507,1,0,0
508,1,0,0
509,1,0,0
510,1,0,0
511,1,0,0
512,1,0,0
513,1,0,0
514,1,0,0
515,2,0,0
516,1,0,0
517,1,0,0
518,1,0,0
519,2,0,0
520,2,0,0
521,1,0,0
522,1,0,0
523,2,0,0
524,1,0,0
525,1,0,0
526,1,0,0
527,1,0,0
528,1,0,0
529,1,0,0
530,1,0,0
531,1,0,0
532,2,0,0
533,2,0,0
534,2,0,0
535,3,0,0
536,3,2,1
537,3,2,1
538,3,2,1
539,3,3,2
540,3,0,0
541,3,0,0
542,3,0,0
543,3,0,0
544,3,0,0
545,3,0,0
546,2,0,0
547,2,0,0
548,2,0,0
549,2,0,0
550,2,0,0
551,2,0,0
552,2,0,0
553,2,0,0
554,2,0,0
555,2,0,0
556,2,0,0
557,2,0,0
558,2,0,0
559,2,0,0
560,2,0,0
561,2,0,0
562,2,0,0
563,3,0,0
564,3,0,0
565,3,0,0
566,1,0,0
567,2,0,0
568,2,0,0
569,1,0,0
570,1,0,0
571,2,0,0
572,1,0,0
573,1,0,0
574,1,0,0
575,1,0,0
576,1,0,0
577,1,0,0
578,2,0,0
579,1,0,0
580,1,0,0
581,1,0,0
582,1,0,0
583,1,0,0
584,1,0,0
585,1,0,0
586,1,0,0
587,2,0,0
588,3,0,0
589,3,2,1
590,3,0,0
591,2,0,0
592,3,0,0
593,2,0,0
594,2,0,0
595,2,0,0
596,2,0,0
597,2,0,0
598,2,0,0
599,2,0,0
600,2,0,0
601,2,0,0
602,2,0,0
603,1,0,0
604,1,0,0
605,2,0,0
606,1,0,0
607,2,0,0
608,3,0,0
609,2,0,0
610,2,0,0
611,1,0,0
612,2,0,0
613,2,0,0
614,1,0,0
615,1,0,0
616,2,0,0
617,2,0,0
618,2,0,0
619,2,0,0
620,2,0,0
621,2,0,0
622,2,2,1
623,2,0,0
624,2,0,0
625,2,0,0
626,2,0,0
627,2,0,0
628,3,0,0
629,1,0,0
630,2,0,0
631,1,0,0
632,1,0,0
633,1,0,0
634,1,0,0
635,1,0,0
636,1,0,0
637,1,0,0
638,1,0,0
639,1,0,0
640,1,0,0
641,1,0,0
642,1,0,0
643,1,0,0
644,2,0,0
645,1,0,0
646,1,0,0
647,2,0,0
648,1,0,0
649,1,0,0
650,1,0,0
651,1,0,0
652,1,0,0
653,2,0,0
654,2,0,0
655,3,0,0
656,2,0,0
657,1,0,0
658,1,0,0
659,1,0,0
660,1,0,0
661,1,0,0
662,2,0,0
663,2,0,0
664,2,0,0
665,2,0,0
666,2,0,0
667,2,0,0
668,2,0,0
669,4,0,0
670,3,0,0
671,3,0,0
672,3,0,0
673,3,0,0
674,3,0,0
675,3,0,0
676,2,0,0
677,2,0,0
678,2,0,0
679,2,0,0
680,2,0,0
681,2,0,0
682,2,0,0
683,2,0,0
684,2,0,0
685,2,0,0
686,3,2,1
687,3,0,0
688,3,0,0
689,2,0,0
690,2,0,0
691,3,0,0
692,2,0,0
693,2,0,0
694,2,0,0
695,2,0,0
696,2,0,0
697,2,0,0
698,2,0,0
699,2,0,0
700,2,0,0
701,2,0,0
702,2,0,0
703,2,0,0
704,2,0,0
705,2,0,0
706,2,0,0
707,2,0,0
708,3,0,0
709,2,0,0
710,2,0,0
711,2,0,0
712,2,0,0
713,2,0,0
714,2,0,0
715,1,0,0
716,1,0,0
717,1,0,0
718,1,0,0
719,1,0,0
720,1,0,0
721,1,0,0
722,1,0,0
723,2,0,0
724,3,0,0
725,2,0,0
726,2,0,0
727,1,0,0
728,1,0,0
729,1,0,0
730,1,0,0
731,1,0,0
732,1,0,0
733,1,0,0
734,1,0,0
735,1,0,0
736,1,0,0
737,1,0,0
738,1,0,0
739,1,0,0
740,1,0,0
741,2,0,0
742,1,0,0
743,0,0,0
744,0,0,0
745,0,0,0
746,0,0,0
747,0,0,0
748,0,0,0
749,1,0,0
750,1,0,0
751,1,0,0
752,2,0,0
753,1,0,0
754,2,0,0
755,1,0,0
756,2,0,0
757,1,0,0
758,1,0,0
759,1,0,0
760,1,0,0
761,1,0,0
762,1,0,0
763,2,0,0
764,1,0,0
765,2,0,0
766,2,0,0
767,1,0,0
768,2,0,0
769,2,0,0
770,3,0,0
771,2,0,0
772,2,0,0
773,2,0,0
774,2,0,0
775,2,0,0
776,2,0,0
777,2,0,0
778,2,0,0
779,2,0,0
780,3,0,0
781,1,0,0
782,1,0,0
783,1,0,0
784,3,0,0
785,3,0,0
786,3,0,0
787,3,0,0
788,3,0,0
789,3,2,1
790,3,0,0
791,4,0,0
792,3,0,0
793,2,0,0
794,2,0,0
795,2,0,0
796,2,0,0
797,1,0,0
798,1,0,0
799,2,0,0
800,2,0,0
801,2,0,0
802,2,0,0
803,2,0,0
804,2,0,0
805,3,2,1
806,2,0,0
807,2,0,0
808,2,0,0
809,2,0,0
810,2,0,0
811,3,0,0
812,1,0,0
813,2,0,0
814,2,0,0
815,2,0,0
816,2,0,0
817,2,2,1
818,3,0,0
819,3,0,0
820,2,0,0
821,2,0,0
822,2,0,0
823,2,0,0
824,2,0,0
825,2,0,0
826,2,0,0
827,2,0,0
828,2,0,0
829,2,0,0
830,2,0,0
831,2,0,0
832,2,0,0
833,1,0,0
834,1,0,0
835,1,0,0
836,1,0,0
837,1,0,0
838,2,0,0
839,2,0,0
840,2,0,0
841,2,0,0
842,2,0,0
843,2,0,0
844,2,0,0
845,2,0,0
846,2,0,0
847,2,0,0
848,2,0,0
849,2,0,0
850,2,0,0
851,2,0,0
852,2,0,0
853,2,0,0
854,2,0,0
855,2,2,1
856,2,2,1
857,2,2,1
858,2,2,1
859,2,2,1
860,2,2,1
861,2,2,1
862,2,0,0
863,3,2,1
864,3,2,1
865,3,2,1
866,3,2,1
867,3,0,0
868,3,0,0
869,3,0,0
870,3,0,0
871,3,0,0
872,3,0,0
873,4,2,1
874,4,0,0
875,4,0,0
876,4,0,0
877,4,0,0
878,4,2,1
879,3,0,0
880,3,0,0
881,3,2,1
882,3,2,1
883,3,2,1
884,3,0,0
885,3,0,0
886,3,0,0
887,3,0,0
888,3,0,0
889,3,0,0
890,3,2,1
891,3,0,0
892,3,0,0
893,3,2,1
894,3,0,0
895,2,0,0
896,2,0,0
897,3,0,0
898,3,0,0
899,3,0,0
900,3,2,1
901,3,2,1
902,3,3,3
903,3,3,2
904,3,3,2
905,3,3,2
906,3,3,3
907,3,0,0
908,2,0,0
909,3,0,0
910,3,0,0
911,3,2,1
912,3,0,0
913,3,0,0
914,3,0,0
915,3,0,0
916,3,0,0
917,3,0,0
918,4,0,0
919,3,0,0
920,2,0,0
921,2,0,0
922,2,0,0
923,2,0,0
924,2,0,0
925,2,0,0
926,2,0,0
927,2,0,0
928,2,0,0
929,2,0,0
930,3,0,0
931,3,0,0
932,2,0,0
933,3,0,0
934,3,2,1
935,3,0,0
936,2,2,1
937,2,0,0
938,3,0,0
939,3,2,1
940,3,0,0
941,2,0,0
942,3,0,0
943,2,0,0
944,2,0,0
945,2,0,0
946,2,0,0
947,2,0,0
948,2,2,1
949,3,0,0
950,2,0,0
951,3,2,1
952,3,2,1
953,3,0,0
954,3,0,0
955,3,0,0
956,3,0,0
957,3,0,0
958,2,0,0
959,2,0,0
960,2,0,0
961,2,0,0
962,2,0,0
963,2,0,0
964,3,0,0
965,3,0,0
966,2,2,1
967,2,0,0
968,2,0,0
969,2,0,0
970,2,0,0
971,2,0,0
972,2,0,0
973,2,0,0
974,2,0,0
975,2,0,0
976,2,0,0
977,2,0,0
978,2,0,0
979,2,0,0
980,2,0,0
981,2,0,0
982,3,0,0
983,3,0,0
984,3,0,0
985,3,0,0
986,2,0,0
987,2,0,0
988,2,0,0
989,2,0,0
990,2,0,0
991,2,0,0
992,2,0,0
993,1,0,0
994,2,0,0
995,3,0,0
996,1,0,0
997,1,0,0
998,2,0,0
999,2,0,0
1000,1,0,0
1001,1,0,0
1002,1,0,0
1003,2,0,0
1004,1,0,0
1005,1,0,0
1006,1,0,0
1007,3,0,0
1008,2,0,0
1009,0,0,0
1010,0,0,0
1011,0,0,0
1012,0,0,0
1013,0,0,0
1014,0,0,0
1015,0,0,0
1016,0,0,0
1017,0,0,0
1018,1,0,0
1019,0,0,0
1020,0,0,0
1021,1,0,0
1022,0,0,0
1023,2,0,0
1024,0,0,0
1025,0,0,0
1026,0,0,0
1027,0,0,0
1028,1,0,0
1029,1,0,0
1030,1,0,0
1031,1,0,0
1032,1,0,0
1033,1,0,0
1034,2,0,0
1035,2,0,0
1036,2,0,0
1037,2,0,0
1038,1,0,0
1039,1,0,0
1040,1,0,0
1041,1,0,0
1042,1,0,0
1043,1,0,0
1044,1,0,0
1045,1,0,0
1046,1,0,0
1047,2,0,0
1048,2,0,0
1049,2,0,0
1050,2,0,0
1051,2,0,0
1052,2,0,0
1053,1,0,0
1054,1,0,0
1055,1,0,0
1056,1,0,0
1057,2,0,0
1058,1,0,0
1059,1,0,0
1060,1,0,0
1061,1,0,0
1062,0,0,0
1063,0,0,0
1064,1,0,0
1065,1,0,0
1066,1,0,0
1067,1,0,0
1068,1,0,0
1069,1,0,0
1070,2,0,0
1071,2,0,0
1072,2,0,0
1073,1,0,0
1074,1,0,0
1075,2,0,0
1076,2,0,0
1077,1,0,0
1078,1,0,0
1079,2,0,0
1080,2,0,0
1081,2,0,0
1082,2,0,0
1083,1,0,0
1084,1,0,0
1085,1,0,0
1086,1,0,0
1087,2,0,0
1088,2,0,0
1089,2,0,0
1090,1,0,0
1091,1,0,0
1092,2,0,0
1093,2,0,0
1094,2,0,0
1095,2,0,0
1096,2,0,0
1097,2,0,0
1098,2,0,0
1099,2,0,0
1100,2,0,0
1101,2,0,0
1102,3,0,0
1103,2,0,0
1104,2,0,0
1105,2,0,0
1106,2,0,0
1107,2,0,0
1108,1,0,0
1109,2,0,0
1110,2,0,0
1111,3,2,1
1112,2,0,0
1113,2,0,0
1114,2,0,0
1115,3,2,1
1116,2,0,0
1117,3,0,0
1118,3,0,0
1119,2,0,0
1120,2,0,0
1121,3,0,0
1122,3,0,0
1123,3,2,1
1124,3,0,0
1125,2,0,0
1126,1,0,0
1127,0,0,0
1128,0,0,0
1129,0,0,0
1130,0,0,0
1131,0,0,0
1132,1,0,0
1133,1,0,0
1134,1,0,0
1135,1,0,0
1136,1,0,0
1137,1,0,0
1138,1,0,0
1139,1,0,0
1140,1,0,0
1141,1,0,0
1142,2,0,0
1143,2,0,0
1144,2,0,0
1145,2,0,0
1146,2,0,0
1147,2,0,0
1148,1,0,0
1149,1,0,0
1150,2,0,0
1151,2,0,0
1152,2,0,0
1153,1,0,0
1154,0,0,0
1155,0,0,0
1156,2,0,0
1157,1,0,0
1158,0,0,0
1159,1,0,0
1160,1,0,0
1161,1,0,0
1162,1,0,0
1163,1,0,0
1164,1,0,0
1165,1,0,0
1166,1,0,0
1167,1,0,0
1168,1,0,0
1169,2,0,0
1170,1,0,0
1171,1,0,0
1172,2,0,0
1173,2,0,0
1174,2,0,0
1175,1,0,0
1176,2,2,1
1177,2,2,1
1178,2,0,0
1179,2,0,0
1180,2,0,0
1181,3,0,0
1182,3,0,0
1183,4,0,0
1184,4,2,1
1185,4,2,1
1186,4,0,0
1187,4,0,0
1188,4,2,1
1189,3,0,0
1190,3,0,0
1191,3,0,0
1192,2,0,0
1193,2,0,0
1194,3,0,0
1195,2,0,0
1196,3,0,0
1197,3,0,0
1198,3,0,0
1199,3,0,0
1200,2,0,0
1201,2,0,0
1202,2,0,0
1203,2,0,0
1204,2,0,0
1205,1,0,0
1206,0,0,0
1207,0,0,0
1208,0,0,0
1209,1,0,0
1210,1,0,0
1211,2,0,0
1212,3,0,0
1213,2,0,0
1214,2,0,0
1215,2,0,0
1216,2,0,0
1217,2,0,0
1218,2,0,0
1219,2,0,0
1220,3,0,0
1221,2,0,0
1222,2,0,0
1223,3,0,0
1224,3,0,0
1225,3,0,0
1226,3,0,0
1227,2,0,0
1228,2,0,0
1229,2,0,0
1230,2,0,0
1231,1,0,0
1232,1,0,0
1233,1,0,0
1234,1,0,0
1235,1,0,0
1236,3,0,0
1237,2,0,0
1238,1,0,0
1239,1,0,0
1240,1,0,0
1241,1,0,0
1242,1,0,0
1243,1,0,0
1244,1,0,0
1245,1,0,0
1246,0,0,0
1247,0,0,0
1248,2,0,0
1249,1,0,0
1250,1,0,0
1251,1,0,0
1252,1,0,0
1253,1,0,0
1254,1,0,0
1255,1,0,0
1256,1,0,0
1257,1,0,0
1258,0,0,0
1259,1,0,0
1260,0,0,0
1261,0,0,0
1262,1,0,0
1263,1,0,0
1264,2,0,0
1265,1,0,0
1266,1,0,0
1267,2,0,0
1268,2,0,0
1269,2,0,0
1270,2,0,0
1271,3,0,0
1272,2,0,0
1273,3,2,1
1274,1,0,0
1275,2,0,0
1276,1,0,0
1277,1,0,0
1278,1,0,0
1279,1,0,0
1280,2,0,0
1281,2,0,0
1282,2,0,0
1283,2,0,0
1284,2,0,0
1285,2,0,0
1286,2,0,0
1287,2,0,0
1288,2,0,0
1289,2,2,1
1290,2,0,0
1291,1,0,0
1292,2,0,0
1293,2,0,0
1294,2,0,0
1295,3,0,0
1296,3,0,0
1297,3,2,1
1298,3,2,1
1299,3,0,0
1300,4,0,0
1301,4,0,0
1302,4,2,1
1303,4,2,1
1304,4,0,0
1305,4,0,0
1306,4,0,0
1307,4,0,0
1308,4,0,0
1309,3,0,0
1310,3,0,0
1311,3,2,1
1312,3,0,0
1313,3,0,0
1314,3,0,0
1315,3,0,0
1316,2,0,0
1317,2,2,1
1318,2,0,0
1319,2,0,0
1320,3,0,0
1321,2,0,0
1322,2,0,0
1323,2,0,0
1324,2,0,0
1325,2,0,0
1326,2,0,0
1327,2,2,1
1328,2,2,1
1329,2,0,0
1330,2,0,0
1331,2,0,0
1332,2,0,0
1333,2,0,0
1334,2,0,0
1335,2,0,0
1336,2,0,0
1337,2,0,0
1338,3,0,0
1339,3,0,0
1340,2,0,0
1341,3,0,0
1342,2,0,0
1343,2,0,0
1344,2,2,1
1345,2,0,0
1346,2,0,0
1347,2,0,0
1348,1,0,0
1349,1,0,0
1350,1,0,0
1351,1,0,0
1352,2,0,0
1353,3,0,0
1354,2,0,0
1355,2,0,0
1356,2,0,0
1357,2,0,0
1358,2,0,0
1359,3,0,0
1360,3,0,0
1361,3,0,0
1362,3,2,1
1363,3,0,0
1364,3,0,0
1365,3,0,0
1366,2,0,0
1367,2,0,0
1368,2,0,0
1369,2,0,0
1370,2,0,0
1371,2,0,0
1372,2,0,0
1373,3,0,0
1374,3,0,0
1375,3,0,0
1376,2,0,0
1377,2,0,0
1378,2,0,0
1379,2,0,0
1380,2,0,0
1381,2,0,0
1382,2,0,0
1383,1,0,0
1384,1,0,0
1385,2,0,0
1386,1,0,0
1387,2,0,0
1388,2,0,0
1389,3,0,0
1390,2,0,0
1391,2,0,0
1392,2,0,0
1393,2,0,0
1394,3,0,0
1395,2,0,0
1396,2,2,1
1397,2,0,0
1398,2,0,0
1399,2,0,0
1400,2,0,0
1401,2,0,0
1402,2,0,0
1403,2,0,0
1404,2,2,1
1405,2,0,0
1406,2,0,0
1407,2,0,0
1408,3,0,0
1409,4,0,0
1410,3,0,0
1411,4,0,0
1412,3,0,0
1413,2,0,0
1414,1,0,0
1415,2,0,0
1416,2,0,0
1417,2,0,0
1418,2,0,0
1419,2,0,0
1420,2,0,0
1421,2,0,0
1422,2,0,0
1423,2,0,0
1424,2,0,0
1425,2,0,0
1426,2,0,0
1427,2,0,0
1428,2,0,0
1429,2,0,0
1430,2,2,1
1431,2,2,1
1432,2,2,1
1433,2,0,0
1434,2,0,0
1435,2,0,0
1436,2,0,0
1437,2,0,0
1438,2,0,0
1439,2,0,0
1440,2,0,0
1441,2,0,0
1442,2,0,0
1443,2,0,0
1444,2,0,0
1445,2,0,0
1446,2,0,0
1447,2,0,0
1448,2,0,0
1449,2,0,0
1450,2,0,0
1451,2,0,0
1452,2,0,0
1453,2,0,0
1454,2,0,0
1455,2,0,0
1456,2,0,0
1457,2,0,0
1458,2,0,0
1459,2,0,0
1460,2,2,1
1461,3,0,0
1462,3,0,0
1463,3,2,1
1464,3,0,0
1465,3,0,0
1466,3,0,0
1467,3,0,0
1468,3,0,0
1469,3,0,0
1470,3,0,0
1471,3,0,0
1472,3,0,0
1473,3,0,0
1474,3,0,0
1475,3,0,0
1476,3,0,0
1477,3,0,0
1478,3,0,0
1479,3,0,0
1480,3,0,0
1481,3,0,0
1482,3,0,0
1483,3,0,0
1484,2,0,0
1485,2,0,0
1486,2,0,0
1487,2,0,0
1488,3,0,0
1489,3,0,0
1490,3,0,0
1491,2,0,0
1492,2,0,0
1493,2,0,0
1494,3,0,0
1495,3,0,0
1496,3,0,0
1497,3,0,0
1498,2,0,0
1499,2,2,1
1500,2,0,0
1501,2,0,0
1502,2,0,0
1503,2,0,0
1504,2,0,0
1505,2,0,0
1506,2,0,0
1507,2,0,0
1508,2,0,0
1509,2,0,0
1510,2,0,0
1511,2,0,0
1512,2,0,0
1513,2,0,0
1514,2,0,0
1515,2,0,0
1516,1,0,0
1517,2,0,0
1518,2,0,0
1519,1,0,0
1520,1,0,0
1521,1,0,0
1522,1,0,0
1523,1,0,0
1524,1,0,0
1525,1,0,0
1526,1,0,0
1527,1,0,0
1528,1,0,0
1529,1,0,0
1530,1,0,0
1531,1,0,0
1532,1,0,0
1533,1,0,0
1534,1,0,0
1535,1,0,0
1536,1,0,0
1537,1,0,0
1538,3,2,1
1539,2,0,0
1540,2,0,0
1541,2,2,1
1542,3,2,1
1543,3,3,2
1544,3,3,3
1545,3,3,2
1546,3,3,2
1547,3,3,3
1548,3,3,2
1549,3,3,3
1550,4,3,2
1551,4,3,2
1552,4,3,3
1553,4,3,3
1554,4,3,3
1555,4,3,2
1556,4,3,3
1557,4,3,2
1558,4,2,1
1559,4,3,2
1560,4,2,1
1561,4,3,2
1562,4,2,1
1563,3,2,1
1564,3,2,1
1565,3,2,1
1566,2,2,1
1567,2,2,1
1568,2,0,0
1569,2,0,0
1570,2,0,0
1571,2,0,0
1572,2,0,0
1573,2,0,0
1574,3,0,0
1575,2,0,0
1576,2,0,0
1577,3,0,0
1578,3,0,0
1579,3,0,0
1580,2,0,0
1581,2,0,0
1582,3,0,0
1583,2,0,0
1584,2,0,0
1585,2,0,0
1586,2,0,0
1587,1,0,0
1588,1,0,0
1589,2,0,0
1590,2,2,1
1591,2,0,0
1592,2,2,1
1593,2,0,0
1594,2,0,0
1595,2,0,0
1596,2,2,1
1597,2,0,0
1598,2,0,0
1599,2,0,0
1600,2,2,1
1601,2,0,0
1602,2,0,0
1603,2,0,0
1604,3,0,0
1605,3,0,0
1606,3,0,0
1607,3,0,0
1608,3,0,0
1609,2,0,0
1610,1,0,0
1611,1,0,0
1612,1,0,0
1613,2,0,0
1614,2,0,0
1615,2,0,0
1616,2,0,0
1617,2,0,0
1618,3,0,0
1619,3,0,0
1620,2,0,0
1621,2,0,0
1622,2,0,0
1623,2,0,0
1624,2,0,0
1625,1,0,0
1626,1,0,0
1627,2,0,0
1628,0,0,0
1629,0,0,0
1630,1,0,0
1631,2,0,0
1632,2,0,0
1633,3,0,0
1634,2,0,0
1635,2,0,0
1636,2,0,0
1637,2,0,0
1638,2,0,0
1639,2,0,0
1640,2,0,0
1641,2,0,0
1642,3,0,0
1643,3,0,0
1644,3,0,0
1645,2,0,0
1646,2,0,0
1647,2,0,0
1648,2,0,0
1649,3,0,0
1650,3,0,0
1651,3,0,0
1652,3,0,0
1653,3,0,0
1654,3,0,0
1655,3,0,0
1656,2,0,0
1657,2,0,0
1658,2,0,0
1659,2,0,0
1660,2,0,0
1661,2,0,0
1662,2,0,0
1663,2,0,0
1664,2,0,0
1665,2,0,0
1666,2,0,0
1667,2,0,0
1668,2,0,0
1669,1,0,0
1670,1,0,0
1671,1,0,0
1672,1,0,0
1673,1,0,0
1674,2,0,0
1675,3,0,0
1676,2,0,0
1677,1,0,0
1678,1,0,0
1679,1,0,0
1680,1,0,0
1681,1,0,0
1682,2,0,0
1683,2,0,0
1684,2,0,0
1685,1,0,0
1686,2,0,0
1687,1,0,0
1688,1,0,0
1689,2,0,0
1690,2,0,0
1691,1,0,0
1692,2,0,0
1693,2,0,0
1694,1,0,0
1695,1,0,0
1696,1,0,0
1697,1,0,0
1698,1,0,0
1699,1,0,0
1700,2,0,0
1701,2,0,0
1702,2,0,0
1703,2,0,0
1704,2,0,0
1705,2,0,0
1706,2,0,0
1707,2,0,0
1708,2,0,0
1709,1,0,0
1710,2,0,0
1711,1,0,0
1712,1,0,0
1713,1,0,0
1714,1,0,0
1715,1,0,0
1716,1,0,0
1717,1,0,0
1718,1,0,0
1719,1,0,0
1720,2,0,0
1721,1,0,0
1722,1,0,0
1723,2,0,0
1724,4,0,0
1725,2,0,0
1726,3,0,0
1727,2,0,0
1728,2,0,0
1729,1,0,0
1730,1,0,0
1731,1,0,0
1732,2,0,0
1733,2,0,0
1734,0,0,0
1735,0,0,0
1736,0,0,0
1737,0,0,0
1738,0,0,0
1739,0,0,0
1740,0,0,0
1741,1,0,0
1742,0,0,0
1743,0,0,0
1744,1,0,0
1745,1,0,0
1746,1,0,0
1747,1,0,0
1748,0,0,0
1749,0,0,0
1750,0,0,0
1751,1,0,0
1752,1,0,0
1753,2,0,0
1754,2,0,0
1755,2,0,0
1756,2,0,0
1757,2,0,0
1758,2,0,0
1759,1,0,0
1760,1,0,0
1761,1,0,0
1762,1,0,0
1763,1,0,0
1764,0,0,0
1765,0,0,0
1766,0,0,0
1767,1,0,0
1768,1,0,0
1769,1,0,0
1770,1,0,0
1771,1,0,0
1772,1,0,0
1773,1,0,0
1774,1,0,0
1775,1,0,0
1776,1,0,0
1777,1,0,0
1778,1,0,0
1779,1,0,0
1780,1,0,0
1781,1,0,0
1782,2,2,1
1783,2,0,0
1784,2,0,0
1785,2,0,0
1786,3,0,0
1787,2,0,0
1788,3,0,0
1789,3,0,0
1790,3,0,0
1791,1,0,0
1792,1,0,0
1793,1,0,0
1794,1,0,0
1795,1,0,0
1796,1,0,0
1797,1,0,0
1798,1,0,0
1799,1,0,0
1800,1,0,0
1801,2,0,0
1802,2,0,0
1803,2,0,0
1804,3,0,0
1805,3,0,0
1806,3,0,0
1807,3,0,0
1808,3,0,0
1809,2,0,0
1810,2,0,0
1811,2,0,0
1812,2,0,0
1813,2,0,0
1814,2,0,0
1815,2,0,0
1816,2,0,0
1817,2,0,0
1818,2,0,0
1819,2,0,0
1820,2,0,0
1821,2,0,0
1822,2,0,0
1823,3,0,0
1824,3,0,0
1825,3,0,0
1826,2,0,0
1827,2,0,0
1828,2,0,0
1829,2,0,0
1830,2,0,0
1831,2,0,0
1832,1,0,0
1833,1,0,0
1834,1,0,0
1835,2,0,0
1836,1,0,0
1837,2,0,0
1838,2,0,0
1839,2,0,0
1840,2,0,0
1841,2,0,0
1842,2,0,0
1843,3,0,0
1844,2,0,0
1845,2,0,0
1846,1,0,0
1847,2,0,0
1848,2,0,0
1849,2,0,0
1850,1,0,0
1851,1,0,0
1852,1,0,0
1853,1,0,0
1854,1,0,0
1855,1,0,0
1856,1,0,0
1857,2,0,0
1858,1,0,0
1859,1,0,0
1860,2,0,0
1861,1,0,0
1862,1,0,0
1863,2,0,0
1864,2,0,0
1865,2,0,0
1866,2,0,0
1867,2,0,0
1868,2,0,0
1869,2,0,0
1870,2,0,0
1871,2,0,0
1872,2,0,0
1873,2,0,0
1874,1,0,0
1875,1,0,0
1876,2,0,0
1877,1,0,0
1878,2,0,0
1879,2,0,0
1880,2,0,0
1881,1,0,0
1882,2,0,0
1883,1,0,0
1884,2,0,0
1885,1,0,0
1886,1,0,0
1887,1,0,0
1888,1,0,0
1889,1,0,0
1890,1,0,0
1891,1,0,0
1892,1,0,0
1893,1,0,0
1894,1,0,0
1895,1,0,0
1896,1,0,0
1897,1,0,0
1898,1,0,0
1899,1,0,0
1900,1,0,0
1901,1,0,0
1902,2,0,0
1903,1,0,0
1904,1,0,0
1905,1,0,0
1906,1,0,0
1907,1,0,0
1908,1,0,0
1909,3,2,1
1910,3,0,0
1911,2,0,0
1912,3,0,0
1913,2,0,0
1914,2,0,0
1915,2,0,0
1916,3,0,0
1917,3,0,0
1918,3,0,0
1919,3,0,0
1920,4,0,0
1921,3,0,0
1922,3,0,0
1923,3,0,0
1924,3,0,0
1925,3,0,0
1926,3,0,0
1927,2,0,0
1928,2,0,0
1929,2,0,0
1930,2,0,0
1931,2,0,0
1932,2,0,0
1933,2,0,0
1934,2,0,0
1935,3,0,0
1936,2,0,0
1937,2,0,0
1938,2,0,0
1939,2,0,0
1940,2,0,0
1941,2,0,0
1942,2,0,0
1943,2,0,0
1944,2,0,0
1945,2,0,0
1946,2,0,0
1947,3,0,0
1948,2,0,0
1949,2,0,0
1950,2,0,0
1951,2,0,0
1952,1,0,0
1953,1,0,0
1954,0,0,0
1955,0,0,0
1956,0,0,0
1957,0,0,0
1958,0,0,0
1959,2,0,0
1960,2,0,0
1961,1,0,0
1962,1,0,0
1963,2,0,0
1964,1,0,0
1965,1,0,0
1966,2,0,0
1967,2,0,0
1968,2,0,0
1969,1,0,0
1970,1,0,0
1971,1,0,0
1972,2,0,0
1973,1,0,0
1974,1,0,0
1975,1,0,0
1976,2,0,0
1977,2,0,0
1978,2,0,0
1979,2,0,0
1980,2,0,0
1981,3,0,0
1982,2,0,0
1983,2,0,0
1984,2,0,0
1985,2,0,0
1986,2,0,0
1987,2,0,0
1988,3,0,0
1989,2,0,0
1990,2,0,0
1991,1,0,0
1992,1,0,0
1993,1,0,0
1994,1,0,0
1995,1,0,0
1996,1,0,0
1997,1,0,0
1998,1,0,0
1999,1,0,0
