0,0,0,0
1,0,0,0
2,0,0,0
3,1,0,0
4,1,0,0
5,1,0,0
6,2,0,0
7,2,0,0
8,2,0,0
9,2,0,0
10,1,0,0
11,1,0,0
12,2,0,0
13,1,0,0
14,1,0,0
15,2,0,0
16,2,0,0
17,1,0,0
18,1,0,0
19,1,0,0
20,1,0,0
21,1,0,0
22,2,0,0
23,2,0,0
24,2,0,0
25,2,0,0
26,3,0,0
27,4,0,0
28,2,0,0
29,3,0,0
30,3,0,0
31,3,0,0
32,3,0,0
33,3,2,1
34,3,2,1
35,3,3,2
36,3,3,3
37,3,3,2
38,3,3,2
39,3,2,1
40,3,3,2
41,3,3,3
42,3,3,3
43,3,3,2
44,3,3,3
45,3,3,3
46,3,3,2
47,3,3,2
48,3,3,3
49,4,3,3
50,4,3,3
51,4,3,3
52,3,3,3
53,3,3,3
54,3,3,2
55,3,3,2
56,3,3,3
57,3,3,2
58,3,3,3
59,3,3,2
60,3,3,3
61,3,3,2
62,3,3,3
63,3,3,2
64,3,3,2
65,3,3,2
66,3,3,2
67,3,3,3
68,3,3,3
69,3,3,3
70,3,3,2
71,3,3,2
72,3,3,2
73,3,2,1
74,3,3,3
75,3,3,3
76,4,0,0
77,4,0,0
78,5,2,1
79,4,2,1
80,4,2,1
81,4,2,1
82,4,3,2
83,4,2,1
84,4,0,0
85,2,0,0
86,2,0,0
87,2,0,0
88,3,0,0
89,3,0,0
90,4,0,0
91,2,0,0
92,2,0,0
93,3,0,0
94,2,0,0
95,1,0,0
96,2,0,0
97,1,0,0
98,1,0,0
99,1,0,0
100,2,0,0
101,1,0,0
102,2,0,0
103,2,0,0
104,2,0,0
105,2,0,0
106,2,0,0
107,2,0,0
108,3,0,0
109,3,0,0
110,2,0,0
111,3,0,0
112,2,0,0
113,3,0,0
114,2,0,0
115,3,0,0
116,2,0,0
117,1,0,0
118,1,0,0
119,1,0,0
120,1,0,0
121,1,0,0
122,2,0,0
123,2,0,0
124,2,0,0
125,2,0,0
126,1,0,0
127,2,0,0
128,2,0,0
129,2,0,0
130,2,0,0
131,2,0,0
132,3,0,0
133,2,0,0
134,3,0,0
135,3,0,0
136,2,0,0
137,2,0,0
138,2,0,0
139,1,0,0
140,1,0,0
141,1,0,0
142,1,0,0
143,1,0,0
144,2,0,0
145,1,0,0
146,2,0,0
147,2,0,0
148,2,0,0
149,1,0,0
150,1,0,0
151,1,0,0
152,1,0,0
153,1,0,0
154,1,0,0
155,0,0,0
156,1,0,0
157,1,0,0
158,1,0,0
159,2,0,0
160,1,0,0
161,1,0,0
162,1,0,0
163,1,0,0
164,3,0,0
165,2,0,0
166,2,0,0
167,4,0,0
168,2,0,0
169,2,0,0
170,3,0,0
171,2,0,0
172,2,2,1
173,1,0,0
174,1,0,0
175,2,0,0
176,1,0,0
177,1,0,0
178,2,0,0
179,2,0,0
180,2,0,0
181,2,0,0
182,2,0,0
183,2,0,0
184,1,0,0
185,1,0,0
186,2,0,0
187,1,0,0
188,1,0,0
189,3,0,0
190,4,0,0
191,3,0,0
192,3,0,0
193,3,0,0
194,3,2,1
195,3,0,0
196,4,0,0
197,3,2,1
198,3,2,1
199,3,0,0
200,3,0,0
201,3,0,0
202,3,0,0
203,3,0,0
204,3,0,0
205,2,0,0
206,2,0,0
207,3,2,1
208,3,2,1
209,2,2,1
210,2,0,0
211,3,0,0
212,4,0,0
213,3,2,1
214,2,0,0
215,2,0,0
216,2,0,0
217,2,0,0
218,2,0,0
219,2,0,0
220,2,0,0
221,2,0,0
222,2,0,0
223,2,0,0
224,1,0,0
225,1,0,0
226,1,0,0
227,2,0,0
228,2,0,0
229,1,0,0
230,2,0,0
231,2,0,0
232,2,0,0
233,1,0,0
234,2,0,0
235,2,0,0
236,2,0,0
237,2,0,0
238,1,0,0
239,2,0,0
240,2,0,0
241,2,0,0
242,2,0,0
243,2,0,0
244,2,0,0
245,2,0,0
246,2,0,0
247,2,0,0
248,2,0,0
249,2,0,0
250,2,0,0
251,2,0,0
252,2,0,0
253,2,0,0
254,2,0,0
255,2,0,0
256,2,0,0
257,2,0,0
258,2,0,0
259,2,0,0
260,2,0,0
261,2,0,0
262,2,0,0
263,2,0,0
264,1,0,0
265,3,0,0
266,2,0,0
267,2,0,0
268,2,0,0
269,3,0,0
270,3,2,1
271,3,0,0
272,3,0,0
273,3,0,0
274,3,0,0
275,3,0,0
276,3,0,0
277,2,0,0
278,2,0,0
279,2,0,0
280,2,0,0
281,2,0,0
282,2,0,0
283,2,0,0
284,2,2,1
285,2,0,0
286,2,0,0
287,2,0,0
288,2,0,0
289,2,0,0
290,2,0,0
291,2,0,0
292,2,0,0
293,1,0,0
294,2,0,0
295,2,0,0
296,2,0,0
297,2,0,0
298,2,0,0
299,1,0,0
300,1,0,0
301,2,0,0
302,2,0,0
303,2,0,0
304,2,0,0
305,2,0,0
306,1,0,0
307,1,0,0
308,1,0,0
309,2,0,0
310,2,0,0
311,1,0,0
312,1,0,0
313,1,0,0
314,1,0,0
315,1,0,0
316,1,0,0
317,1,0,0
318,1,0,0
319,2,0,0
320,2,0,0
321,2,2,1
322,2,2,1
323,2,0,0
324,2,0,0
325,2,0,0
326,2,0,0
327,2,0,0
328,2,0,0
329,1,0,0
330,2,0,0
331,2,0,0
332,2,0,0
333,2,0,0
334,1,0,0
335,1,0,0
336,1,0,0
337,1,0,0
338,1,0,0
339,2,0,0
340,2,0,0
341,2,0,0
342,2,0,0
343,3,0,0
344,3,2,1
345,2,0,0
346,2,0,0
347,2,0,0
348,3,0,0
349,3,0,0
350,3,0,0
351,3,0,0
352,3,0,0
353,3,0,0
354,4,0,0
355,3,2,1
356,3,0,0
357,3,0,0
358,3,0,0
359,3,0,0
360,3,2,1
361,2,0,0
362,1,0,0
363,1,0,0
364,1,0,0
365,1,0,0
366,1,0,0
367,0,0,0
368,0,0,0
369,0,0,0
370,0,0,0
371,0,0,0
372,0,0,0
373,0,0,0
374,0,0,0
375,0,0,0
376,1,0,0
377,2,0,0
378,1,0,0
379,1,0,0
380,1,0,0
381,1,0,0
382,1,0,0
383,4,0,0
384,3,0,0
385,2,0,0
386,3,0,0
387,3,0,0
388,2,0,0
389,2,0,0
390,3,0,0
391,4,0,0
392,4,0,0
393,3,0,0
394,3,0,0
395,3,2,1
396,2,0,0
397,2,0,0
398,2,0,0
399,2,0,0
400,2,0,0
401,2,0,0
402,2,0,0
403,2,0,0
404,2,0,0
405,2,0,0
406,2,0,0
407,2,0,0
408,2,0,0
409,2,0,0
410,2,0,0
411,2,0,0
412,2,0,0
413,2,0,0
414,2,0,0
415,2,0,0
416,2,0,0
417,2,0,0
418,3,0,0
419,2,0,0
420,2,0,0
421,2,0,0
422,2,0,0
423,2,0,0
424,2,0,0
425,2,0,0
426,2,0,0
427,4,2,1
428,2,0,0
429,2,0,0
430,1,0,0
431,1,0,0
432,1,0,0
433,1,0,0
434,1,0,0
435,1,0,0
436,1,0,0
437,1,0,0
438,1,0,0
439,1,0,0
440,1,0,0
441,1,0,0
442,1,0,0
443,1,0,0
444,1,0,0
445,1,0,0
446,1,0,0
447,1,0,0
448,1,0,0
449,1,0,0
450,1,0,0
451,2,0,0
452,2,0,0
453,2,0,0
454,2,0,0
455,2,0,0
456,2,0,0
457,2,0,0
458,2,0,0
459,2,0,0
460,2,0,0
461,2,0,0
462,2,0,0
463,2,0,0
464,2,0,0
465,1,0,0
466,1,0,0
467,1,0,0
468,1,0,0
469,1,0,0
470,2,0,0
471,2,0,0
472,1,0,0
473,1,0,0
474,1,0,0
475,1,0,0
476,2,0,0
477,2,0,0
478,2,0,0
479,2,0,0
480,2,0,0
481,2,0,0
482,1,0,0
483,2,0,0
484,1,0,0
485,1,0,0
486,2,2,1
487,2,0,0
488,2,0,0
489,3,3,2
490,3,2,1
491,3,3,2
492,3,3,3
493,3,3,2
494,3,3,2
495,3,3,3
496,3,3,3
497,3,3,2
498,3,3,3
499,3,3,3
500,3,3,2
501,3,3,2
502,3,3,3
503,3,3,2
504,3,3,2
505,3,3,2
506,3,3,3
507,3,3,2
508,4,3,3
509,4,3,2
510,4,3,3
511,3,3,2
512,4,3,2
513,4,3,2
514,4,3,3
515,4,3,2
516,4,3,3
517,4,3,3
518,4,3,2
519,4,3,3
520,4,3,2
521,4,3,3
522,4,3,2
523,4,3,2
524,4,3,3
525,4,3,3
526,4,3,3
527,4,3,2
528,3,2,1
529,3,3,2
530,4,3,2
531,4,3,2
532,3,3,2
533,3,2,1
534,3,3,2
535,3,2,1
536,3,0,0
537,3,0,0
538,2,0,0
539,3,2,1
540,3,0,0
541,3,0,0
542,3,2,1
543,2,0,0
544,2,0,0
545,2,0,0
546,2,0,0
547,2,0,0
548,3,0,0
549,2,2,1
550,2,0,0
551,2,0,0
552,2,2,1
553,2,0,0
554,2,0,0
555,3,0,0
556,3,0,0
557,3,0,0
558,4,0,0
559,4,0,0
560,4,2,1
561,4,0,0
562,4,0,0
563,4,0,0
564,4,0,0
565,4,0,0
566,4,0,0
567,4,0,0
568,4,0,0
569,4,2,1
570,4,0,0
571,4,2,1
572,4,3,2
573,4,2,1
574,4,2,1
575,5,2,1
576,5,0,0
577,5,0,0
578,4,0,0
579,3,0,0
580,3,0,0
581,3,0,0
582,3,0,0
583,3,0,0
584,4,2,1
585,4,2,1
586,3,0,0
587,2,2,1
588,2,0,0
589,2,2,1
590,2,0,0
591,2,2,1
592,2,0,0
593,2,0,0
594,2,2,1
595,2,2,1
596,2,2,1
597,2,0,0
598,2,0,0
599,2,0,0
600,2,0,0
601,3,0,0
602,2,0,0
603,2,0,0
604,3,0,0
605,2,2,1
606,2,0,0
607,3,0,0
608,2,0,0
609,2,0,0
610,2,0,0
611,2,0,0
612,2,0,0
613,2,0,0
614,2,0,0
615,2,0,0
616,2,0,0
617,2,0,0
618,2,0,0
619,2,2,1
620,2,0,0
621,2,0,0
622,2,0,0
623,2,0,0
624,2,0,0
625,2,0,0
626,2,0,0
627,2,0,0
628,2,0,0
629,2,0,0
630,3,0,0
631,2,0,0
632,2,0,0
633,2,0,0
634,2,0,0
635,2,0,0
636,2,0,0
637,2,0,0
638,2,0,0
639,2,0,0
640,2,0,0
641,1,0,0
642,1,0,0
643,1,0,0
644,1,0,0
645,1,0,0
646,2,0,0
647,2,0,0
648,2,0,0
649,2,0,0
650,1,0,0
651,2,0,0
652,3,0,0
653,3,0,0
654,3,0,0
655,4,0,0
656,4,0,0
657,3,0,0
658,3,0,0
659,3,0,0
660,3,2,1
661,3,0,0
662,3,0,0
663,3,0,0
664,2,0,0
665,3,0,0
666,1,0,0
667,1,0,0
668,1,0,0
669,2,0,0
670,2,0,0
671,2,0,0
672,2,0,0
673,2,0,0
674,2,0,0
675,2,0,0
676,2,0,0
677,3,0,0
678,3,0,0
679,3,0,0
680,3,0,0
681,3,0,0
682,3,0,0
683,2,0,0
684,2,0,0
685,2,0,0
686,1,0,0
687,1,0,0
688,1,0,0
689,1,0,0
690,2,0,0
691,1,0,0
692,2,0,0
693,2,0,0
694,3,0,0
695,2,0,0
696,2,0,0
697,2,0,0
698,2,0,0
699,2,0,0
700,2,0,0
701,2,0,0
702,2,0,0
703,2,0,0
704,2,0,0
705,2,0,0
706,2,0,0
707,2,0,0
708,3,0,0
709,3,0,0
710,3,0,0
711,3,0,0
712,4,0,0
713,3,2,1
714,3,0,0
715,3,0,0
716,3,2,1
717,3,0,0
718,3,0,0
719,3,0,0
720,4,0,0
721,3,0,0
722,3,0,0
723,3,0,0
724,3,0,0
725,2,0,0
726,3,0,0
727,3,0,0
728,3,0,0
729,3,0,0
730,3,0,0
731,2,0,0
732,3,0,0
733,2,0,0
734,3,0,0
735,3,0,0
736,3,0,0
737,3,0,0
738,3,0,0
739,4,0,0
740,4,0,0
741,4,0,0
742,3,0,0
743,4,0,0
744,5,0,0
745,4,0,0
746,3,0,0
747,3,0,0
748,3,0,0
749,3,2,1
750,3,0,0
751,3,0,0
752,3,0,0
753,3,0,0
754,3,0,0
755,4,0,0
756,3,0,0
757,4,2,1
758,2,2,1
759,3,0,0
760,4,0,0
761,4,0,0
762,3,0,0
763,3,0,0
764,3,0,0
765,3,0,0
766,3,0,0
767,3,0,0
768,3,0,0
769,2,0,0
770,2,0,0
771,3,0,0
772,2,2,1
773,2,0,0
774,2,0,0
775,2,0,0
776,2,2,1
777,3,0,0
778,2,0,0
779,2,0,0
780,2,0,0
781,2,0,0
782,2,0,0
783,2,0,0
784,2,0,0
785,2,0,0
786,2,0,0
787,2,0,0
788,2,0,0
789,2,0,0
790,2,0,0
791,3,0,0
792,3,0,0
793,3,0,0
794,4,0,0
795,3,0,0
796,3,0,0
797,3,0,0
798,3,0,0
799,3,0,0
800,3,0,0
801,3,0,0
802,3,0,0
803,3,2,1
804,3,0,0
805,3,0,0
806,3,0,0
807,3,0,0
808,3,0,0
809,3,0,0
810,3,0,0
811,3,0,0
812,3,0,0
813,3,0,0
814,3,0,0
815,2,0,0
816,3,0,0
817,3,0,0
818,3,0,0
819,3,0,0
820,3,0,0
821,3,0,0
822,3,0,0
823,3,0,0
824,2,0,0
825,3,0,0
826,3,0,0
827,2,0,0
828,2,0,0
829,2,2,1
830,2,0,0
831,2,0,0
832,2,0,0
833,2,0,0
834,2,0,0
835,2,0,0
836,2,0,0
837,2,0,0
838,2,0,0
839,2,2,1
840,2,0,0
841,3,0,0
842,2,0,0
843,1,0,0
844,1,0,0
845,1,0,0
846,1,0,0
847,1,0,0
848,1,0,0
849,1,0,0
850,1,0,0
851,1,0,0
852,1,0,0
853,1,0,0
854,1,0,0
855,1,0,0
856,1,0,0
857,1,0,0
858,1,0,0
859,1,0,0
860,1,0,0
861,1,0,0
862,1,0,0
863,1,0,0
864,2,0,0
865,2,0,0
866,2,0,0
867,2,0,0
868,2,0,0
869,2,2,1
870,2,0,0
871,2,0,0
872,2,0,0
873,2,0,0
874,2,2,1
875,2,2,1
876,3,2,1
877,3,0,0
878,2,0,0
879,2,2,1
880,2,0,0
881,2,0,0
882,2,0,0
883,2,0,0
884,3,0,0
885,3,0,0
886,1,0,0
887,3,0,0
888,1,0,0
889,2,2,1
890,2,0,0
891,2,0,0
892,1,0,0
893,1,0,0
894,1,0,0
895,2,0,0
896,2,0,0
897,1,0,0
898,2,0,0
899,2,0,0
900,2,0,0
901,2,0,0
902,2,0,0
903,2,0,0
904,2,2,1
905,2,2,1
906,2,2,1
907,2,0,0
908,2,0,0
909,3,0,0
910,3,0,0
911,3,0,0
912,3,0,0
913,3,0,0
914,3,0,0
915,3,0,0
916,3,0,0
917,3,0,0
918,4,0,0
919,3,0,0
920,3,0,0
921,3,0,0
922,3,2,1
923,3,0,0
924,3,0,0
925,3,0,0
926,3,0,0
927,3,0,0
928,4,0,0
929,3,0,0
930,4,0,0
931,4,0,0
932,4,0,0
933,4,0,0
934,4,0,0
935,4,0,0
936,4,0,0
937,4,0,0
938,4,0,0
939,4,2,1
940,4,3,3
941,3,2,1
942,4,3,3
943,4,3,3
944,3,3,2
945,3,3,3
946,3,3,2
947,3,3,3
948,3,3,3
949,3,3,2
950,3,3,2
951,3,3,3
952,3,3,3
953,3,3,2
954,4,3,3
955,4,3,3
956,5,3,3
957,4,2,1
958,4,3,3
959,4,3,2
960,4,0,0
961,5,2,1
962,5,0,0
963,4,0,0
964,5,0,0
965,5,2,1
966,5,0,0
967,4,0,0
968,5,0,0
969,4,0,0
970,5,2,1
971,4,2,1
972,4,0,0
973,3,0,0
974,4,0,0
975,4,0,0
976,4,0,0
977,4,0,0
978,3,0,0
979,4,0,0
980,2,0,0
981,3,0,0
982,3,0,0
983,3,0,0
984,3,0,0
985,3,0,0
986,3,0,0
987,3,2,1
988,2,0,0
989,2,0,0
990,3,2,1
991,3,0,0
992,3,0,0
993,3,0,0
994,2,0,0
995,2,0,0
996,2,0,0
997,2,0,0
998,2,0,0
999,2,0,0
1000,2,0,0
1001,3,0,0
1002,3,0,0
1003,3,0,0
1004,3,0,0
1005,3,0,0
1006,3,0,0
1007,3,0,0
1008,3,0,0
1009,3,0,0
1010,3,0,0
1011,3,0,0
1012,2,0,0
1013,3,0,0
1014,2,0,0
1015,2,0,0
1016,2,0,0
1017,1,0,0
1018,1,0,0
1019,1,0,0
1020,1,0,0
1021,1,0,0
1022,2,0,0
1023,1,0,0
1024,1,0,0
1025,2,0,0
1026,3,0,0
1027,2,0,0
1028,1,0,0
1029,3,0,0
1030,2,0,0
1031,2,0,0
1032,2,0,0
1033,2,0,0
1034,3,0,0
1035,3,0,0
1036,2,0,0
1037,3,2,1
1038,2,0,0
1039,3,0,0
1040,3,0,0
1041,3,0,0
1042,3,0,0
1043,3,0,0
1044,3,0,0
1045,3,0,0
1046,3,0,0
1047,3,2,1
1048,3,0,0
1049,2,0,0
1050,2,0,0
1051,2,0,0
1052,2,0,0
1053,2,0,0
1054,2,0,0
1055,2,0,0
1056,2,0,0
1057,2,0,0
1058,1,0,0
1059,2,0,0
1060,2,0,0
1061,2,0,0
1062,1,0,0
1063,2,0,0
1064,3,0,0
1065,2,0,0
1066,1,0,0
1067,1,0,0
1068,1,0,0
1069,1,0,0
1070,1,0,0
1071,1,0,0
1072,2,0,0
1073,2,0,0
1074,3,0,0
1075,3,0,0
1076,2,0,0
1077,2,0,0
1078,2,0,0
1079,2,0,0
1080,2,2,1
1081,2,2,1
1082,2,2,1
1083,2,0,0
1084,1,0,0
1085,2,0,0
1086,1,0,0
1087,1,0,0
1088,1,0,0
1089,1,0,0
1090,1,0,0
1091,1,0,0
1092,1,0,0
1093,1,0,0
1094,2,0,0
1095,2,0,0
1096,2,0,0
1097,3,2,1
1098,2,2,1
1099,3,2,1
1100,3,2,1
1101,3,0,0
1102,3,0,0
1103,3,0,0
1104,2,0,0
1105,2,0,0
1106,2,0,0
1107,2,0,0
1108,2,0,0
1109,2,0,0
1110,2,0,0
1111,2,0,0
1112,2,0,0
1113,2,2,1
1114,2,0,0
1115,2,0,0
1116,2,0,0
1117,2,0,0
1118,2,0,0
1119,2,0,0
1120,3,0,0
1121,3,0,0
1122,1,0,0
1123,2,0,0
1124,3,0,0
1125,4,0,0
1126,3,0,0
1127,4,0,0
1128,4,0,0
1129,4,0,0
1130,3,0,0
1131,3,0,0
1132,3,0,0
1133,3,0,0
1134,3,0,0
1135,3,0,0
1136,2,0,0
1137,2,0,0
1138,2,0,0
1139,3,0,0
1140,2,0,0
1141,2,0,0
1142,2,0,0
1143,2,0,0
1144,2,0,0
1145,2,0,0
1146,3,0,0
1147,2,2,1
1148,2,0,0
1149,2,0,0
1150,2,0,0
1151,2,0,0
1152,2,0,0
1153,2,0,0
1154,2,0,0
1155,2,0,0
1156,3,0,0
1157,3,0,0
1158,3,2,1
1159,3,0,0
1160,3,0,0
1161,3,0,0
1162,3,0,0
1163,3,0,0
1164,3,0,0
1165,2,0,0
1166,2,0,0
1167,3,0,0
1168,3,0,0
1169,5,0,0
1170,3,0,0
1171,2,0,0
1172,2,0,0
1173,2,0,0
1174,2,0,0
1175,2,0,0
1176,2,0,0
1177,2,0,0
1178,2,0,0
1179,2,0,0
1180,1,0,0
1181,1,0,0
1182,2,0,0
1183,1,0,0
1184,1,0,0
1185,2,0,0
1186,2,0,0
1187,2,0,0
1188,2,0,0
1189,2,0,0
1190,2,0,0
1191,2,0,0
1192,2,0,0
1193,1,0,0
1194,1,0,0
1195,2,0,0
1196,2,0,0
1197,3,0,0
1198,3,0,0
1199,3,0,0
1200,3,0,0
1201,2,0,0
1202,2,0,0
1203,2,0,0
1204,2,0,0
1205,2,0,0
1206,2,0,0
1207,2,0,0
1208,1,0,0
1209,1,0,0
1210,1,0,0
1211,1,0,0
1212,2,0,0
1213,2,0,0
1214,2,0,0
1215,1,0,0
1216,1,0,0
1217,1,0,0
1218,1,0,0
1219,1,0,0
1220,1,0,0
1221,1,0,0
1222,1,0,0
1223,2,0,0
1224,1,0,0
1225,1,0,0
1226,1,0,0
1227,2,0,0
1228,2,0,0
1229,2,0,0
1230,2,0,0
1231,2,0,0
1232,2,0,0
1233,2,0,0
1234,2,0,0
1235,3,0,0
1236,3,0,0
1237,3,0,0
1238,2,0,0
1239,2,0,0
1240,2,0,0
1241,2,0,0
1242,2,0,0
1243,2,0,0
1244,2,0,0
1245,3,0,0
1246,3,0,0
1247,3,2,1
1248,3,0,0
1249,3,0,0
1250,3,0,0
1251,3,0,0
1252,2,0,0
1253,3,0,0
1254,3,0,0
1255,3,0,0
1256,3,0,0
1257,3,2,1
1258,3,0,0
1259,3,0,0
1260,3,0,0
1261,3,0,0
1262,2,0,0
1263,3,0,0
1264,3,0,0
1265,3,0,0
1266,3,0,0
1267,4,0,0
1268,4,0,0
1269,3,0,0
1270,4,2,1
1271,3,2,1
1272,3,2,1
1273,3,0,0
1274,4,0,0
1275,4,0,0
1276,3,2,1
1277,4,2,1
1278,4,0,0
1279,4,0,0
1280,4,0,0
1281,3,0,0
1282,3,0,0
1283,3,0,0
1284,3,0,0
1285,3,0,0
1286,3,0,0
1287,3,0,0
1288,3,0,0
1289,3,0,0
1290,3,0,0
1291,2,2,1
1292,2,0,0
1293,1,0,0
1294,1,0,0
1295,2,0,0
1296,1,0,0
1297,2,0,0
1298,2,0,0
1299,2,0,0
1300,2,0,0
1301,2,0,0
1302,2,0,0
1303,2,0,0
1304,2,0,0
1305,2,0,0
1306,2,0,0
1307,2,0,0
1308,2,0,0
1309,2,0,0
1310,3,0,0
1311,3,0,0
1312,3,0,0
1313,4,0,0
1314,4,0,0
1315,4,0,0
1316,3,0,0
1317,3,0,0
1318,3,0,0
1319,3,0,0
1320,3,0,0
1321,4,2,1
1322,4,2,1
1323,4,2,1
1324,4,2,1
1325,4,2,1
1326,4,0,0
1327,4,0,0
1328,4,2,1
1329,4,2,1
1330,3,2,1
1331,5,0,0
1332,4,0,0
1333,3,0,0
1334,3,0,0
1335,3,0,0
1336,3,0,0
1337,3,0,0
1338,4,0,0
1339,4,0,0
1340,5,0,0
1341,4,0,0
1342,5,0,0
1343,5,0,0
1344,4,0,0
1345,4,0,0
1346,4,3,3
1347,4,3,3
1348,4,3,3
1349,4,3,3
1350,4,3,3
1351,4,3,3
1352,3,3,3
1353,4,3,2
1354,3,3,2
1355,3,3,3
1356,3,3,2
1357,3,3,3
1358,3,3,3
1359,3,3,3
1360,3,3,3
1361,3,3,3
1362,3,3,3
1363,3,3,2
1364,3,3,2
1365,3,3,2
1366,3,3,2
1367,4,2,1
1368,4,3,3
1369,4,3,3
1370,4,3,2
1371,4,3,3
1372,4,3,3
1373,4,3,2
1374,4,3,2
1375,4,3,2
1376,4,3,3
1377,4,3,3
1378,4,3,2
1379,3,2,1
1380,3,2,1
1381,3,2,1
1382,3,2,1
1383,3,2,1
1384,3,3,2
1385,3,3,3
1386,3,3,3
1387,3,3,2
1388,4,3,3
1389,5,3,3
1390,3,3,3
1391,3,3,2
1392,3,3,3
1393,3,3,2
1394,3,3,3
1395,3,3,3
1396,3,3,2
1397,3,3,3
1398,4,3,2
1399,4,3,2
1400,5,2,1
1401,5,2,1
1402,5,3,3
1403,4,3,2
1404,4,3,3
1405,5,3,3
1406,6,3,3
1407,6,3,2
1408,6,3,3
1409,5,0,0
1410,4,0,0
1411,4,0,0
1412,4,0,0
1413,3,2,1
1414,3,0,0
1415,4,2,1
1416,4,2,1
1417,4,0,0
1418,4,0,0
1419,4,0,0
1420,3,0,0
1421,4,0,0
1422,4,0,0
1423,4,0,0
1424,4,0,0
1425,4,0,0
1426,3,0,0
1427,3,0,0
1428,3,2,1
1429,3,0,0
1430,3,0,0
1431,2,0,0
1432,3,2,1
1433,3,2,1
1434,2,0,0
1435,2,0,0
1436,2,0,0
1437,2,0,0
1438,2,0,0
1439,2,0,0
1440,2,0,0
1441,2,0,0
1442,3,0,0
1443,3,0,0
1444,3,0,0
1445,3,0,0
1446,3,0,0
1447,3,0,0
1448,3,0,0
1449,3,0,0
1450,3,0,0
1451,2,0,0
1452,2,0,0
1453,3,0,0
1454,3,0,0
1455,3,2,1
1456,3,2,1
1457,3,0,0
1458,2,0,0
1459,2,0,0
1460,2,0,0
1461,2,0,0
1462,2,0,0
1463,2,0,0
1464,2,0,0
1465,2,0,0
1466,1,0,0
1467,1,0,0
1468,1,0,0
1469,1,0,0
1470,1,0,0
1471,1,0,0
1472,1,0,0
1473,1,0,0
1474,1,0,0
1475,1,0,0
1476,2,0,0
1477,2,0,0
1478,2,0,0
1479,1,0,0
1480,1,0,0
1481,1,0,0
1482,1,0,0
1483,2,0,0
1484,1,0,0
1485,2,0,0
1486,1,0,0
1487,1,0,0
1488,2,0,0
1489,1,0,0
1490,1,0,0
1491,1,0,0
1492,1,0,0
1493,1,0,0
1494,1,0,0
1495,1,0,0
1496,1,0,0
1497,1,0,0
1498,1,0,0
1499,3,0,0
1500,3,0,0
1501,3,2,1
1502,4,0,0
1503,3,0,0
1504,3,0,0
1505,4,0,0
1506,4,0,0
1507,1,0,0
1508,3,0,0
1509,2,0,0
1510,2,0,0
1511,1,0,0
1512,2,0,0
1513,1,0,0
1514,2,0,0
1515,1,0,0
1516,1,0,0
1517,2,0,0
1518,2,0,0
1519,3,0,0
1520,1,0,0
1521,1,0,0
1522,1,0,0
1523,2,0,0
1524,2,2,1
1525,2,0,0
1526,1,0,0
1527,1,0,0
1528,2,0,0
1529,1,0,0
1530,1,0,0
1531,2,0,0
1532,2,0,0
1533,2,0,0
1534,2,0,0
1535,2,0,0
1536,2,0,0
1537,3,2,1
1538,2,0,0
1539,2,0,0
1540,2,0,0
1541,2,0,0
1542,3,0,0
1543,3,0,0
1544,4,0,0
1545,4,0,0
1546,4,2,1
1547,4,0,0
1548,3,0,0
1549,4,2,1
1550,4,2,1
1551,3,0,0
1552,3,2,1
1553,3,0,0
1554,3,0,0
1555,3,0,0
1556,3,0,0
1557,3,0,0
1558,3,0,0
1559,3,0,0
1560,2,0,0
1561,2,0,0
1562,2,0,0
1563,2,0,0
1564,2,0,0
1565,3,0,0
1566,2,0,0
1567,3,0,0
1568,2,0,0
1569,2,0,0
1570,2,0,0
1571,2,0,0
1572,2,0,0
1573,3,0,0
1574,3,0,0
1575,3,0,0
1576,3,0,0
1577,3,0,0
1578,3,0,0
1579,3,0,0
1580,3,0,0
1581,3,2,1
1582,3,0,0
1583,3,0,0
1584,3,0,0
1585,2,0,0
1586,2,0,0
1587,2,0,0
1588,2,0,0
1589,2,0,0
1590,2,2,1
1591,2,2,1
1592,2,0,0
1593,2,0,0
1594,2,0,0
1595,2,0,0
1596,2,0,0
1597,2,0,0
1598,2,0,0
1599,3,0,0
1600,3,0,0
1601,2,0,0
1602,2,0,0
1603,2,0,0
1604,2,0,0
1605,2,0,0
1606,2,0,0
1607,2,0,0
1608,3,0,0
1609,3,0,0
1610,2,0,0
1611,2,0,0
1612,2,0,0
1613,2,0,0
1614,2,0,0
1615,2,0,0
1616,2,0,0
1617,1,0,0
1618,2,0,0
1619,1,0,0
1620,1,0,0
1621,1,0,0
1622,1,0,0
1623,3,0,0
1624,2,0,0
1625,2,0,0
1626,1,0,0
1627,1,0,0
1628,3,0,0
1629,3,0,0
1630,3,0,0
1631,3,0,0
1632,2,0,0
1633,2,0,0
1634,2,0,0
1635,2,0,0
1636,2,0,0
1637,2,0,0
1638,3,0,0
1639,4,0,0
1640,4,2,1
1641,4,0,0
1642,4,0,0
1643,4,0,0
1644,4,0,0
1645,4,0,0
1646,4,0,0
1647,4,2,1
1648,4,0,0
1649,4,2,1
1650,3,2,1
1651,2,2,1
1652,3,2,1
1653,3,2,1
1654,3,0,0
1655,3,0,0
1656,3,0,0
1657,4,0,0
1658,2,0,0
1659,3,0,0
1660,3,0,0
1661,3,0,0
1662,2,0,0
1663,2,0,0
1664,2,0,0
1665,2,0,0
1666,2,0,0
1667,2,0,0
1668,2,0,0
1669,2,0,0
1670,4,2,1
1671,3,2,1
1672,3,0,0
1673,3,0,0
1674,3,0,0
1675,3,0,0
1676,3,0,0
1677,3,2,1
1678,3,2,1
1679,3,0,0
1680,3,0,0
1681,3,0,0
1682,3,0,0
1683,4,0,0
1684,4,0,0
1685,3,0,0
1686,3,0,0
1687,4,0,0
1688,3,0,0
1689,3,0,0
1690,3,0,0
1691,3,0,0
1692,3,0,0
1693,3,0,0
1694,4,0,0
1695,3,0,0
1696,3,0,0
1697,3,0,0
1698,3,0,0
1699,2,0,0
1700,1,0,0
1701,1,0,0
1702,1,0,0
1703,2,0,0
1704,2,0,0
1705,2,0,0
1706,2,0,0
1707,1,0,0
1708,2,0,0
1709,2,0,0
1710,2,0,0
1711,2,2,1
1712,2,0,0
1713,2,2,1
1714,2,0,0
1715,2,0,0
1716,2,0,0
1717,2,0,0
1718,2,0,0
1719,3,0,0
1720,3,0,0
1721,2,0,0
1722,3,0,0
1723,3,0,0
1724,3,0,0
1725,1,0,0
1726,2,0,0
1727,3,0,0
1728,4,0,0
1729,4,0,0
1730,3,0,0
1731,3,0,0
1732,2,0,0
1733,3,2,1
1734,2,0,0
1735,2,0,0
1736,2,0,0
1737,3,0,0
1738,3,0,0
1739,3,0,0
1740,3,0,0
1741,3,0,0
1742,3,2,1
1743,2,0,0
1744,2,0,0
1745,2,0,0
1746,2,0,0
1747,2,0,0
1748,2,0,0
1749,3,0,0
1750,3,0,0
1751,3,0,0
1752,3,0,0
1753,4,0,0
1754,3,0,0
1755,4,0,0
1756,4,2,1
1757,4,2,1
1758,4,0,0
1759,4,2,1
1760,3,0,0
1761,3,0,0
1762,3,0,0
1763,1,0,0
1764,1,0,0
1765,1,0,0
1766,2,0,0
1767,1,0,0
1768,1,0,0
1769,1,0,0
1770,1,0,0
1771,1,0,0
1772,2,0,0
1773,2,0,0
1774,1,0,0
1775,1,0,0
1776,2,0,0
1777,2,0,0
1778,2,0,0
1779,1,0,0
1780,1,0,0
1781,2,0,0
1782,2,0,0
1783,2,0,0
1784,2,0,0
1785,2,0,0
1786,2,0,0
1787,2,0,0
1788,2,0,0
1789,2,0,0
1790,2,0,0
1791,2,0,0
1792,2,0,0
1793,1,0,0
1794,1,0,0
1795,1,0,0
1796,2,0,0
1797,2,0,0
1798,2,0,0
1799,2,0,0
1800,2,0,0
1801,2,0,0
1802,2,0,0
1803,2,0,0
1804,2,0,0
1805,2,0,0
1806,2,0,0
1807,3,0,0
1808,2,0,0
1809,2,0,0
1810,2,0,0
1811,2,0,0
1812,3,0,0
1813,2,0,0
1814,2,0,0
1815,2,0,0
1816,3,0,0
1817,3,0,0
1818,3,0,0
1819,3,2,1
1820,3,0,0
1821,3,0,0
1822,2,0,0
1823,2,0,0
1824,2,0,0
1825,2,0,0
1826,2,0,0
1827,2,0,0
1828,1,0,0
1829,1,0,0
1830,3,0,0
1831,2,0,0
1832,2,0,0
1833,2,0,0
1834,2,0,0
1835,2,0,0
1836,2,2,1
1837,2,2,1
1838,3,0,0
1839,3,0,0
1840,3,0,0
1841,3,0,0
1842,3,0,0
1843,3,0,0
1844,3,0,0
1845,3,0,0
1846,3,0,0
1847,3,0,0
1848,2,0,0
1849,2,0,0
1850,2,0,0
1851,3,0,0
1852,2,0,0
1853,2,0,0
1854,2,0,0
1855,2,0,0
1856,3,0,0
1857,3,0,0
1858,3,0,0
1859,2,0,0
1860,2,0,0
1861,2,0,0
1862,2,0,0
1863,2,0,0
1864,2,0,0
1865,2,0,0
1866,2,0,0
1867,2,0,0
1868,1,0,0
1869,2,0,0
1870,2,0,0
1871,2,0,0
1872,2,0,0
1873,1,0,0
1874,2,0,0
1875,2,0,0
1876,2,0,0
1877,2,0,0
1878,2,0,0
1879,2,0,0
1880,2,0,0
1881,2,0,0
1882,2,0,0
1883,2,0,0
1884,2,0,0
1885,2,0,0
1886,2,0,0
1887,2,0,0
1888,2,0,0
1889,2,0,0
1890,2,0,0
1891,2,0,0
1892,2,0,0
1893,2,0,0
1894,2,0,0
1895,2,0,0
1896,0,0,0
1897,1,0,0
1898,1,0,0
1899,2,0,0
1900,2,0,0
1901,2,0,0
1902,2,0,0
1903,2,0,0
1904,2,0,0
1905,2,0,0
1906,2,0,0
1907,2,0,0
1908,2,0,0
1909,3,0,0
1910,3,0,0
1911,2,0,0
1912,1,0,0
1913,1,0,0
1914,2,0,0
1915,2,0,0
1916,2,0,0
1917,2,0,0
1918,2,0,0
1919,2,0,0
1920,2,0,0
1921,2,0,0
1922,2,0,0
1923,3,0,0
1924,3,0,0
1925,3,0,0
1926,3,0,0
1927,3,0,0
1928,3,0,0
1929,3,0,0
1930,3,0,0
1931,3,0,0
1932,4,2,1
1933,2,0,0
1934,2,0,0
1935,2,0,0
1936,2,0,0
1937,2,0,0
1938,2,0,0
1939,1,0,0
1940,1,0,0
1941,2,0,0
1942,2,0,0
1943,2,0,0
1944,3,0,0
1945,2,0,0
1946,2,0,0
1947,3,0,0
1948,2,0,0
1949,2,2,1
1950,2,0,0
1951,2,0,0
1952,4,0,0
1953,4,0,0
1954,4,0,0
1955,4,0,0
1956,3,0,0
1957,4,0,0
1958,3,0,0
1959,4,2,1
1960,4,2,1
1961,4,0,0
1962,4,0,0
1963,4,0,0
1964,4,0,0
1965,4,0,0
1966,4,0,0
1967,4,0,0
1968,4,0,0
1969,4,2,1
1970,4,0,0
1971,4,0,0
1972,3,0,0
1973,3,0,0
1974,3,0,0
1975,3,2,1
1976,3,0,0
1977,4,3,2
1978,4,0,0
1979,3,0,0
1980,2,0,0
1981,2,0,0
1982,2,0,0
1983,2,0,0
1984,2,0,0
1985,3,2,1
1986,2,2,1
1987,2,2,1
1988,3,0,0
1989,1,0,0
1990,2,0,0
1991,3,0,0
1992,3,0,0
1993,2,0,0
1994,2,0,0
1995,2,0,0
1996,3,0,0
1997,3,0,0
1998,3,0,0
1999,3,2,1
