0,0,0,0
1,0,0,0
2,0,0,0
3,0,0,0
4,0,0,0
5,1,0,0
6,1,0,0
7,1,0,0
8,2,0,0
9,1,0,0
10,1,0,0
11,1,0,0
12,1,0,0
13,1,0,0
14,2,0,0
15,2,0,0
16,2,0,0
17,2,0,0
18,2,0,0
19,2,0,0
20,2,0,0
21,2,0,0
22,2,0,0
23,2,0,0
24,2,0,0
25,2,0,0
26,2,0,0
27,2,0,0
28,3,0,0
29,4,0,0
30,3,0,0
31,3,0,0
32,3,0,0
33,2,0,0
34,2,0,0
35,2,0,0
36,2,0,0
37,1,0,0
38,1,0,0
39,1,0,0
40,2,0,0
41,3,2,1
42,4,0,0
43,3,0,0
44,3,0,0
45,3,0,0
46,3,0,0
47,3,0,0
48,3,0,0
49,3,0,0
50,3,0,0
51,3,0,0
52,3,0,0
53,3,0,0
54,3,2,1
55,3,0,0
56,3,0,0
57,3,0,0
58,3,0,0
59,2,0,0
60,2,0,0
61,2,0,0
62,3,0,0
63,3,0,0
64,3,0,0
65,3,0,0
66,3,0,0
67,3,0,0
68,3,0,0
69,3,0,0
70,3,0,0
71,3,0,0
72,3,0,0
73,2,0,0
74,2,0,0
75,3,0,0
76,3,0,0
77,3,0,0
78,3,0,0
79,3,0,0
80,2,0,0
81,2,0,0
82,1,0,0
83,1,0,0
84,2,0,0
85,2,0,0
86,2,0,0
87,2,0,0
88,2,0,0
89,1,0,0
90,1,0,0
91,1,0,0
92,2,0,0
93,1,0,0
94,1,0,0
95,1,0,0
96,1,0,0
97,2,0,0
98,2,0,0
99,3,0,0
100,3,0,0
101,3,0,0
102,3,0,0
103,3,0,0
104,3,2,1
105,3,2,1
106,3,3,2
107,3,2,1
108,3,0,0
109,3,0,0
110,2,0,0
111,3,0,0
112,3,2,1
113,3,2,1
114,3,0,0
115,3,0,0
116,3,2,1
117,2,0,0
118,2,0,0
119,2,0,0
120,2,0,0
121,2,0,0
122,2,0,0
123,3,0,0
124,3,2,1
125,3,2,1
126,3,0,0
127,3,0,0
128,4,0,0
129,3,0,0
130,3,0,0
131,3,0,0
132,3,0,0
133,3,0,0
134,2,0,0
135,2,0,0
136,2,0,0
137,2,0,0
138,3,0,0
139,4,0,0
140,4,0,0
141,4,0,0
142,3,0,0
143,3,2,1
144,3,2,1
145,3,2,1
146,5,2,1
147,4,2,1
148,5,2,1
149,4,2,1
150,3,0,0
151,3,2,1
152,3,0,0
153,3,0,0
154,3,0,0
155,3,2,1
156,4,0,0
157,3,0,0
158,3,2,1
159,3,0,0
160,3,0,0
161,3,0,0
162,3,0,0
163,4,0,0
164,4,0,0
165,4,0,0
166,4,2,1
167,4,0,0
168,3,0,0
169,3,0,0
170,3,0,0
171,4,0,0
172,4,0,0
173,3,0,0
174,3,0,0
175,3,0,0
176,3,0,0
177,3,0,0
178,4,0,0
179,4,0,0
180,4,0,0
181,4,2,1
182,4,0,0
183,4,0,0
184,3,2,1
185,4,0,0
186,4,0,0
187,4,0,0
188,5,0,0
189,5,0,0
190,5,0,0
191,5,0,0
192,5,0,0
193,5,3,2
194,4,2,1
195,3,2,1
196,3,3,2
197,3,3,2
198,4,4,4
199,4,4,4
200,4,4,4
201,4,4,3
202,4,4,4
203,4,4,4
204,4,3,3
205,3,3,3
206,3,3,2
207,3,3,2
208,3,3,3
209,3,3,3
210,3,3,3
211,3,3,2
212,3,3,3
213,4,3,2
214,3,2,1
215,3,2,1
216,3,3,2
217,3,2,1
218,3,3,2
219,3,3,2
220,3,2,1
221,3,2,1
222,3,0,0
223,2,0,0
224,2,0,0
225,2,0,0
226,2,0,0
227,2,0,0
228,3,2,1
229,3,0,0
230,3,0,0
231,3,0,0
232,3,0,0
233,3,0,0
234,3,0,0
235,3,0,0
236,3,0,0
237,3,0,0
238,3,0,0
239,3,0,0
240,2,0,0
241,1,0,0
242,1,0,0
243,2,0,0
244,2,0,0
245,2,0,0
246,1,0,0
247,2,0,0
248,2,0,0
249,2,0,0
250,1,0,0
251,1,0,0
252,1,0,0
253,1,0,0
254,1,0,0
255,1,0,0
256,1,0,0
257,1,0,0
258,1,0,0
259,2,0,0
260,2,0,0
261,1,0,0
262,1,0,0
263,2,0,0
264,1,0,0
265,1,0,0
266,1,0,0
267,1,0,0
268,1,0,0
269,2,0,0
270,1,0,0
271,2,0,0
272,2,0,0
273,2,0,0
274,2,0,0
275,2,0,0
276,2,0,0
277,2,0,0
278,2,0,0
279,2,0,0
280,1,0,0
281,0,0,0
282,2,0,0
283,1,0,0
284,1,0,0
285,1,0,0
286,1,0,0
287,1,0,0
288,1,0,0
289,1,0,0
290,1,0,0
291,1,0,0
292,1,0,0
293,1,0,0
294,1,0,0
295,1,0,0
296,1,0,0
297,1,0,0
298,1,0,0
299,1,0,0
300,1,0,0
301,1,0,0
302,1,0,0
303,1,0,0
304,2,0,0
305,2,2,1
306,1,0,0
307,1,0,0
308,1,0,0
309,1,0,0
310,1,0,0
311,1,0,0
312,2,0,0
313,2,0,0
314,1,0,0
315,2,0,0
316,2,0,0
317,2,0,0
318,2,0,0
319,2,0,0
320,2,0,0
321,2,0,0
322,2,0,0
323,2,0,0
324,2,0,0
325,2,0,0
326,1,0,0
327,1,0,0
328,1,0,0
329,2,0,0
330,2,0,0
331,1,0,0
332,1,0,0
333,1,0,0
334,1,0,0
335,1,0,0
336,1,0,0
337,1,0,0
338,1,0,0
339,0,0,0
340,1,0,0
341,1,0,0
342,1,0,0
343,1,0,0
344,1,0,0
345,1,0,0
346,1,0,0
347,1,0,0
348,1,0,0
349,1,0,0
350,1,0,0
351,1,0,0
352,1,0,0
353,1,0,0
354,1,0,0
355,1,0,0
356,1,0,0
357,1,0,0
358,1,0,0
359,1,0,0
360,1,0,0
361,1,0,0
362,1,0,0
363,1,0,0
364,2,0,0
365,2,0,0
366,1,0,0
367,1,0,0
368,1,0,0
369,1,0,0
370,1,0,0
371,1,0,0
372,1,0,0
373,1,0,0
374,1,0,0
375,1,0,0
376,1,0,0
377,1,0,0
378,1,0,0
379,1,0,0
380,1,0,0
381,1,0,0
382,1,0,0
383,2,0,0
384,1,0,0
385,1,0,0
386,1,0,0
387,1,0,0
388,1,0,0
389,1,0,0
390,1,0,0
391,3,0,0
392,3,0,0
393,4,0,0
394,3,0,0
395,2,0,0
396,2,0,0
397,2,0,0
398,2,0,0
399,2,0,0
400,2,0,0
401,1,0,0
402,1,0,0
403,1,0,0
404,1,0,0
405,1,0,0
406,1,0,0
407,1,0,0
408,2,0,0
409,2,0,0
410,1,0,0
411,1,0,0
412,1,0,0
413,2,0,0
414,1,0,0
415,1,0,0
416,2,0,0
417,2,0,0
418,2,0,0
419,2,0,0
420,2,0,0
421,2,0,0
422,2,0,0
423,2,0,0
424,2,0,0
425,2,0,0
426,2,0,0
427,2,0,0
428,2,0,0
429,3,0,0
430,2,0,0
431,1,0,0
432,1,0,0
433,1,0,0
434,1,0,0
435,1,0,0
436,1,0,0
437,2,0,0
438,1,0,0
439,1,0,0
440,1,0,0
441,1,0,0
442,2,0,0
443,3,0,0
444,2,0,0
445,1,0,0
446,1,0,0
447,1,0,0
448,1,0,0
449,1,0,0
450,1,0,0
451,1,0,0
452,1,0,0
453,1,0,0
454,1,0,0
455,1,0,0
456,1,0,0
457,1,0,0
458,1,0,0
459,1,0,0
460,1,0,0
461,1,0,0
462,1,0,0
463,2,0,0
464,1,0,0
465,1,0,0
466,1,0,0
467,1,0,0
468,1,0,0
469,1,0,0
470,1,0,0
471,1,0,0
472,1,0,0
473,1,0,0
474,2,0,0
475,3,0,0
476,3,0,0
477,1,0,0
478,0,0,0
479,1,0,0
480,2,0,0
481,2,0,0
482,2,0,0
483,2,0,0
484,2,0,0
485,2,0,0
486,1,0,0
487,1,0,0
488,1,0,0
489,2,0,0
490,2,0,0
491,2,0,0
492,2,0,0
493,3,0,0
494,3,0,0
495,2,0,0
496,4,2,1
497,4,0,0
498,3,0,0
499,3,0,0
500,3,0,0
501,3,0,0
502,3,0,0
503,3,0,0
504,3,0,0
505,3,0,0
506,3,0,0
507,3,0,0
508,2,0,0
509,2,0,0
510,3,0,0
511,3,0,0
512,3,0,0
513,2,0,0
514,2,0,0
515,2,0,0
516,2,0,0
517,2,0,0
518,2,0,0
519,2,0,0
520,2,0,0
521,2,0,0
522,2,0,0
523,2,0,0
524,2,0,0
525,3,0,0
526,2,0,0
527,1,0,0
528,0,0,0
529,0,0,0
530,0,0,0
531,1,0,0
532,1,0,0
533,0,0,0
534,0,0,0
535,0,0,0
536,0,0,0
537,0,0,0
538,0,0,0
539,0,0,0
540,0,0,0
541,0,0,0
542,0,0,0
543,0,0,0
544,0,0,0
545,1,0,0
546,2,0,0
547,2,0,0
548,2,0,0
549,2,0,0
550,2,0,0
551,1,0,0
552,1,0,0
553,1,0,0
554,1,0,0
555,1,0,0
556,1,0,0
557,1,0,0
558,1,0,0
559,1,0,0
560,1,0,0
561,1,0,0
562,1,0,0
563,1,0,0
564,1,0,0
565,1,0,0
566,1,0,0
567,1,0,0
568,1,0,0
569,1,0,0
570,1,0,0
571,1,0,0
572,1,0,0
573,1,0,0
574,1,0,0
575,1,0,0
576,2,0,0
577,2,0,0
578,2,0,0
579,2,0,0
580,2,0,0
581,2,0,0
582,1,0,0
583,2,0,0
584,1,0,0
585,1,0,0
586,2,0,0
587,1,0,0
588,1,0,0
589,1,0,0
590,1,0,0
591,1,0,0
592,1,0,0
593,1,0,0
594,1,0,0
595,1,0,0
596,1,0,0
597,1,0,0
598,1,0,0
599,1,0,0
600,1,0,0
601,1,0,0
602,1,0,0
603,1,0,0
604,1,0,0
605,1,0,0
606,1,0,0
607,1,0,0
608,1,0,0
609,2,0,0
610,1,0,0
611,1,0,0
612,1,0,0
613,1,0,0
614,1,0,0
615,1,0,0
616,1,0,0
617,1,0,0
618,1,0,0
619,1,0,0
620,1,0,0
621,1,0,0
622,1,0,0
623,2,0,0
624,1,0,0
625,2,0,0
626,2,0,0
627,2,0,0
628,2,0,0
629,2,0,0
630,2,0,0
631,2,0,0
632,2,0,0
633,1,0,0
634,1,0,0
635,2,0,0
636,2,0,0
637,2,0,0
638,3,0,0
639,2,0,0
640,3,0,0
641,2,0,0
642,2,0,0
643,2,0,0
644,2,0,0
645,2,0,0
646,2,0,0
647,2,0,0
648,2,0,0
649,2,0,0
650,2,0,0
651,2,0,0
652,2,0,0
653,2,2,1
654,3,0,0
655,3,0,0
656,3,0,0
657,3,0,0
658,3,0,0
659,3,0,0
660,3,0,0
661,3,0,0
662,4,2,1
663,3,2,1
664,3,2,1
665,3,2,1
666,3,0,0
667,3,0,0
668,3,2,1
669,3,0,0
670,3,0,0
671,3,0,0
672,3,0,0
673,3,0,0
674,3,0,0
675,3,0,0
676,3,0,0
677,3,0,0
678,3,0,0
679,2,0,0
680,3,0,0
681,3,2,1
682,3,2,1
683,3,2,1
684,4,0,0
685,4,2,1
686,4,2,1
687,4,2,1
688,4,3,2
689,4,3,2
690,4,2,1
691,3,0,0
692,4,0,0
693,4,0,0
694,4,0,0
695,4,0,0
696,3,0,0
697,3,0,0
698,3,0,0
699,3,0,0
700,3,0,0
701,3,0,0
702,3,0,0
703,3,0,0
704,3,0,0
705,3,0,0
706,3,0,0
707,3,0,0
708,3,0,0
709,3,0,0
710,3,0,0
711,3,0,0
712,3,2,1
713,3,0,0
714,3,0,0
715,3,3,2
716,3,3,2
717,3,3,2
718,4,3,3
719,3,3,3
720,3,3,3
721,3,3,3
722,3,3,3
723,3,3,3
724,3,3,2
725,3,3,3
726,3,3,3
727,4,3,3
728,4,3,3
729,4,2,1
730,4,3,3
731,4,4,3
732,4,4,3
733,4,3,3
734,4,2,1
735,4,4,4
736,3,3,2
737,3,3,3
738,4,3,2
739,5,4,3
740,4,4,5
741,4,4,3
742,5,4,4
743,4,4,4
744,4,4,4
745,4,4,5
746,4,4,5
747,4,4,5
748,4,4,4
749,4,4,4
750,4,4,4
751,4,4,5
752,4,4,3
753,4,4,5
754,5,4,4
755,5,4,5
756,6,5,6
757,6,5,6
758,6,5,7
759,6,5,6
760,6,5,5
761,5,5,6
762,5,5,5
763,5,5,6
764,5,5,6
765,5,5,5
766,5,5,6
767,5,5,5
768,4,4,5
769,5,5,7
770,5,5,7
771,5,5,5
772,5,5,6
773,5,5,7
774,5,5,7
775,5,5,7
776,5,5,7
777,5,5,7
778,5,5,7
779,5,5,7
780,5,5,7
781,5,5,7
782,5,5,6
783,5,5,5
784,5,5,7
785,5,5,6
786,5,5,6
787,5,5,6
788,5,5,7
789,5,5,6
790,5,5,6
791,5,5,6
792,5,4,3
793,5,4,5
794,5,4,4
795,5,4,4
796,4,4,5
797,4,4,5
798,5,5,6
799,5,4,5
800,5,4,5
801,5,4,4
802,5,4,5
803,4,3,3
804,6,5,7
805,6,5,5
806,6,5,6
807,6,5,6
808,6,5,6
809,6,4,5
810,6,4,5
811,6,4,5
812,6,4,5
813,6,4,4
814,6,4,5
815,6,4,5
816,6,4,5
817,6,4,5
818,6,4,5
819,6,4,4
820,6,4,4
821,6,4,5
822,5,3,2
823,6,4,4
824,5,4,5
825,4,4,5
826,6,4,4
827,5,4,5
828,5,4,5
829,5,4,4
830,4,3,3
831,4,3,2
832,6,4,3
833,5,4,5
834,6,4,5
835,6,4,5
836,6,4,5
837,5,4,5
838,5,4,4
839,6,4,5
840,5,4,4
841,6,4,5
842,6,4,4
843,5,3,2
844,6,4,3
845,7,6,9
846,7,6,7
847,7,6,9
848,7,6,8
849,7,6,10
850,7,6,10
851,7,6,10
852,7,6,8
853,7,6,8
854,7,6,8
855,7,6,9
856,7,6,8
857,7,6,10
858,7,6,9
859,7,6,10
860,7,6,9
861,7,6,10
862,8,7,11
863,8,7,12
864,8,7,12
865,8,7,12
866,8,7,12
867,8,8,13
868,8,8,14
869,8,8,14
870,8,8,14
871,8,8,13
872,8,8,14
873,8,8,13
874,8,8,14
875,8,8,14
876,8,8,14
877,8,8,14
878,8,8,14
879,7,7,11
880,8,8,14
881,8,8,14
882,8,8,13
883,8,8,14
884,8,8,13
885,8,8,13
886,8,8,14
887,8,8,13
888,8,8,14
889,8,8,14
890,8,8,14
891,8,8,14
892,8,8,14
893,8,8,14
894,8,8,14
895,9,8,14
896,9,8,13
897,8,7,12
898,9,8,14
899,9,8,14
900,9,8,13
901,9,8,14
902,9,8,14
903,9,9,15
904,9,8,14
905,9,8,13
906,9,7,12
907,9,7,11
908,9,7,12
909,9,7,12
910,9,7,12
911,9,7,12
912,9,7,12
913,9,7,12
914,9,7,12
915,9,7,11
916,9,9,15
917,9,9,14
918,9,9,15
919,9,9,16
920,9,9,17
921,9,9,17
922,9,9,17
923,9,9,17
924,9,9,17
925,9,9,17
926,9,9,16
927,9,9,17
928,9,9,17
929,9,9,17
930,9,9,17
931,9,9,17
932,9,9,16
933,9,9,16
934,9,9,16
935,9,9,16
936,9,9,17
937,9,9,17
938,9,9,16
939,9,9,17
940,8,8,15
941,9,9,17
942,9,9,17
943,9,9,17
944,9,9,17
945,9,9,17
946,9,9,17
947,9,9,17
948,9,9,17
949,9,9,17
950,9,9,17
951,9,9,17
952,9,9,17
953,9,9,17
954,9,9,17
955,9,9,17
956,9,9,17
957,9,9,17
958,9,9,17
959,9,9,17
960,10,10,19
961,10,10,20
962,10,10,20
963,10,10,20
964,10,10,21
965,10,10,21
966,10,10,21
967,10,10,21
968,10,10,21
969,10,10,21
970,10,10,21
971,10,10,21
972,10,10,21
973,10,10,21
974,10,10,21
975,10,10,21
976,10,10,21
977,10,10,21
978,10,10,21
979,10,10,21
980,10,10,20
981,10,10,19
982,10,10,21
983,10,10,21
984,10,10,21
985,10,10,21
986,10,10,21
987,10,10,21
988,10,10,21
989,10,10,21
990,10,10,21
991,10,10,21
992,10,10,21
993,10,10,21
994,10,10,20
995,10,10,21
996,10,10,21
997,10,10,21
998,10,10,21
999,10,10,21
1000,10,10,20
1001,10,10,21
1002,10,10,21
1003,10,10,21
1004,10,10,21
1005,10,10,21
1006,10,10,21
1007,10,10,21
1008,10,10,21
1009,10,10,21
1010,10,10,19
1011,10,10,20
1012,10,10,21
1013,10,10,21
1014,10,9,18
1015,10,10,21
1016,9,9,18
1017,10,10,21
1018,10,10,21
1019,10,10,21
1020,10,10,21
1021,10,10,21
1022,10,10,21
1023,10,10,21
1024,10,10,21
1025,10,10,21
1026,10,10,21
1027,10,10,21
1028,10,10,21
1029,10,10,21
1030,10,10,21
1031,10,10,21
1032,10,10,21
1033,10,10,21
1034,10,10,21
1035,10,10,21
1036,10,10,21
1037,10,10,21
1038,10,10,21
1039,10,10,21
1040,10,10,21
1041,10,10,21
1042,10,10,21
1043,10,10,21
1044,10,10,21
1045,10,10,21
1046,10,10,21
1047,10,10,21
1048,10,10,21
1049,10,10,21
1050,10,10,21
1051,10,10,21
1052,10,10,21
1053,10,10,21
1054,10,10,21
1055,10,10,21
1056,10,10,21
1057,10,10,21
1058,10,10,21
1059,10,10,21
1060,10,10,21
1061,10,10,21
1062,10,10,20
1063,10,10,21
1064,10,10,21
1065,10,10,20
1066,10,10,21
1067,10,10,21
1068,10,10,21
1069,10,10,21
1070,10,10,21
1071,10,10,21
1072,10,10,21
1073,10,10,21
1074,10,10,21
1075,10,10,21
1076,10,10,21
1077,10,10,21
1078,10,10,21
1079,10,10,21
1080,10,10,21
1081,10,10,21
1082,10,10,21
1083,10,10,21
1084,10,10,20
1085,10,10,19
1086,10,10,21
1087,10,10,21
1088,10,10,21
1089,10,10,21
1090,10,10,21
1091,10,10,21
1092,10,10,21
1093,10,10,21
1094,10,10,21
1095,10,10,21
1096,10,10,21
1097,10,10,21
1098,10,10,21
1099,10,10,21
1100,10,10,21
1101,10,10,21
1102,10,10,21
1103,10,10,21
1104,10,10,21
1105,10,10,21
1106,10,10,21
1107,10,10,21
1108,10,10,21
1109,10,10,21
1110,10,10,21
1111,10,10,21
1112,10,10,21
1113,10,10,21
1114,10,10,21
1115,10,10,21
1116,10,10,21
1117,10,10,21
1118,10,10,21
1119,10,10,21
1120,10,10,21
1121,10,10,21
1122,10,10,21
1123,10,10,21
1124,10,10,21
1125,10,10,21
1126,10,10,21
1127,10,10,21
1128,10,10,21
1129,10,10,21
1130,10,10,21
1131,10,10,21
1132,10,10,21
1133,10,10,21
1134,10,10,21
1135,10,10,21
1136,10,10,21
1137,10,10,21
1138,10,10,21
1139,10,10,21
1140,10,10,21
1141,10,10,21
1142,10,10,21
1143,10,10,21
1144,10,10,21
1145,10,10,21
1146,10,10,21
1147,10,10,21
1148,10,10,21
1149,10,10,20
1150,10,10,21
1151,10,10,21
1152,10,10,21
1153,10,10,21
1154,10,10,21
1155,10,10,21
1156,10,10,21
1157,10,10,21
1158,10,10,21
1159,10,10,20
1160,10,10,19
1161,9,9,18
1162,9,9,18
1163,9,9,18
1164,9,9,18
1165,9,9,18
1166,9,9,18
1167,9,9,18
1168,9,9,18
1169,9,9,18
1170,9,9,18
1171,9,9,18
1172,9,9,18
1173,9,9,18
1174,9,9,18
1175,9,9,18
1176,10,9,18
1177,10,10,19
1178,10,10,19
1179,10,10,21
1180,10,10,21
1181,10,10,21
1182,10,10,21
1183,10,10,21
1184,10,10,21
1185,10,10,21
1186,10,10,21
1187,10,10,21
1188,10,10,21
1189,10,10,21
1190,10,10,21
1191,10,10,21
1192,10,10,21
1193,10,10,21
1194,10,10,21
1195,10,10,21
1196,10,10,21
1197,10,10,21
1198,10,10,21
1199,10,10,20
1200,10,10,21
1201,10,10,21
1202,10,10,21
1203,10,10,21
1204,10,10,21
1205,10,10,21
1206,10,10,20
1207,10,10,21
1208,10,10,21
1209,10,10,21
1210,10,10,21
1211,10,10,21
1212,10,10,21
1213,10,10,21
1214,10,10,21
1215,10,10,20
1216,10,10,20
1217,10,10,20
1218,10,10,21
1219,10,10,21
1220,10,10,21
1221,10,10,21
1222,10,10,21
1223,10,10,21
1224,10,10,21
1225,10,10,21
1226,10,10,21
1227,10,10,21
1228,10,10,20
1229,10,10,21
1230,10,10,21
1231,10,10,21
1232,10,10,21
1233,10,10,21
1234,10,10,21
1235,10,10,21
1236,10,10,21
1237,10,10,21
1238,10,10,21
1239,10,10,21
1240,10,10,20
1241,10,10,21
1242,10,10,21
1243,10,10,21
1244,10,10,21
1245,10,10,21
1246,10,10,21
1247,10,10,20
1248,10,10,21
1249,10,10,21
1250,10,10,21
1251,10,10,21
1252,10,10,21
1253,10,10,21
1254,10,10,21
1255,10,10,21
1256,10,10,20
1257,10,10,21
1258,10,10,21
1259,10,10,21
1260,10,10,21
1261,10,10,21
1262,10,10,21
1263,10,10,21
1264,10,10,21
1265,10,10,21
1266,10,10,21
1267,10,10,21
1268,10,10,21
1269,10,10,20
1270,10,10,21
1271,10,10,21
1272,10,10,21
1273,10,10,20
1274,10,10,21
1275,10,10,21
1276,10,10,21
1277,10,10,21
1278,10,10,20
1279,10,10,20
1280,10,10,20
1281,10,10,21
1282,10,10,21
1283,10,10,21
1284,10,10,21
1285,10,10,20
1286,10,10,21
1287,10,10,21
1288,10,10,21
1289,10,10,21
1290,10,10,21
1291,10,10,21
1292,10,10,21
1293,10,10,21
1294,10,10,21
1295,10,10,21
1296,10,10,21
1297,10,10,21
1298,10,10,21
1299,10,10,21
1300,10,10,21
1301,11,11,23
1302,11,11,25
1303,11,11,25
1304,11,11,25
1305,11,11,25
1306,11,11,25
1307,11,11,25
1308,11,11,25
1309,11,11,25
1310,11,11,25
1311,11,11,25
1312,11,11,25
1313,11,11,25
1314,11,11,25
1315,11,11,25
1316,11,11,25
1317,11,11,25
1318,11,11,25
1319,11,11,25
1320,11,11,25
1321,11,11,25
1322,11,11,25
1323,11,11,25
1324,11,11,25
1325,11,11,25
1326,11,11,25
1327,11,11,25
1328,11,11,25
1329,11,11,25
1330,11,11,25
1331,11,11,25
1332,11,11,25
1333,11,11,25
1334,11,11,25
1335,11,11,25
1336,11,11,25
1337,11,11,25
1338,11,11,25
1339,11,11,25
1340,11,11,25
1341,11,11,25
1342,11,11,25
1343,11,11,25
1344,11,11,25
1345,11,11,25
1346,11,11,25
1347,11,11,25
1348,11,11,25
1349,11,11,25
1350,11,11,25
1351,11,11,25
1352,11,11,25
1353,11,11,25
1354,11,11,25
1355,11,11,25
1356,11,11,25
1357,11,11,25
1358,11,11,25
1359,11,11,25
1360,11,11,25
1361,11,11,25
1362,11,11,25
1363,11,11,25
1364,11,11,25
1365,11,11,25
1366,11,11,25
1367,11,11,25
1368,11,11,25
1369,11,11,25
1370,11,11,25
1371,11,11,25
1372,11,11,25
1373,11,11,25
1374,11,11,25
1375,11,11,25
1376,11,11,25
1377,11,11,25
1378,11,11,25
1379,11,11,25
1380,11,11,25
1381,11,11,25
1382,11,11,25
1383,11,11,25
1384,11,11,25
1385,11,11,25
1386,11,11,25
1387,11,11,25
1388,11,11,25
1389,11,11,25
1390,11,11,25
1391,12,12,28
1392,12,12,30
1393,12,12,30
1394,12,12,30
1395,12,12,30
1396,12,12,30
1397,12,12,30
1398,12,12,30
1399,12,12,30
1400,12,12,30
1401,12,12,30
1402,12,12,30
1403,12,12,30
1404,12,12,30
1405,12,12,30
1406,12,12,30
1407,12,12,30
1408,12,12,30
1409,12,12,30
1410,12,12,30
1411,12,12,30
1412,12,12,30
1413,12,12,30
1414,12,12,30
1415,12,12,30
1416,12,12,30
1417,12,12,30
1418,12,12,30
1419,12,12,30
1420,12,12,30
1421,12,12,29
1422,12,12,30
1423,12,12,30
1424,12,12,30
1425,12,12,30
1426,12,12,30
1427,12,12,30
1428,12,12,30
1429,12,12,30
1430,12,12,30
1431,12,12,30
1432,12,12,30
1433,12,12,30
1434,12,12,30
1435,12,12,30
1436,12,12,30
1437,12,12,30
1438,12,12,30
1439,12,12,30
1440,12,12,30
1441,12,12,30
1442,12,12,30
1443,12,12,30
1444,12,12,30
1445,12,12,30
1446,12,12,30
1447,12,12,30
1448,12,12,30
1449,12,12,30
1450,12,12,30
1451,12,12,30
1452,12,12,30
1453,12,12,30
1454,12,12,30
1455,12,12,30
1456,12,12,30
1457,12,12,30
1458,12,12,30
1459,12,12,30
1460,12,12,30
1461,12,12,30
1462,12,12,30
1463,12,12,30
1464,12,12,30
1465,12,12,30
1466,12,12,30
1467,12,12,30
1468,12,12,30
1469,12,12,30
1470,12,12,30
1471,12,12,30
1472,12,12,30
1473,12,12,30
1474,12,12,30
1475,12,12,30
1476,12,12,30
1477,12,12,30
1478,12,12,30
1479,12,12,30
1480,12,12,30
1481,12,12,30
1482,12,12,30
1483,12,12,30
1484,12,12,30
1485,12,12,30
1486,12,12,30
1487,12,12,30
1488,12,12,30
1489,12,12,30
1490,12,12,30
1491,12,12,30
1492,12,12,30
1493,12,12,30
1494,12,12,30
1495,12,12,30
1496,12,12,30
1497,12,12,30
1498,12,12,30
1499,12,12,30
1500,12,12,30
1501,12,12,30
1502,12,12,30
1503,12,12,30
1504,12,12,30
1505,12,12,30
1506,12,12,30
1507,12,12,30
1508,12,12,30
1509,12,12,30
1510,12,12,30
1511,12,12,30
1512,12,12,30
1513,12,12,30
1514,12,12,30
1515,12,12,30
1516,12,12,30
1517,12,12,30
1518,12,12,30
1519,12,12,30
1520,12,12,30
1521,12,12,30
1522,12,12,30
1523,12,12,30
1524,12,12,30
1525,12,12,30
1526,12,12,30
1527,12,12,30
1528,12,12,30
1529,12,12,30
1530,12,12,30
1531,12,12,30
1532,12,12,30
1533,12,12,30
1534,12,12,30
1535,12,12,30
1536,12,12,30
1537,12,12,30
1538,12,12,30
1539,12,12,30
1540,12,12,30
1541,12,12,30
1542,12,12,30
1543,12,12,30
1544,12,12,30
1545,12,12,30
1546,12,12,30
1547,12,12,30
1548,12,12,30
1549,12,12,30
1550,12,12,30
1551,12,12,30
1552,12,12,30
1553,12,12,30
1554,12,12,30
1555,12,12,30
1556,12,12,30
1557,12,12,30
1558,12,12,30
1559,12,12,30
1560,12,12,30
1561,12,12,30
1562,12,12,30
1563,12,12,30
1564,12,12,30
1565,12,12,30
1566,12,12,30
1567,12,12,30
1568,12,12,30
1569,12,12,30
1570,12,12,30
1571,12,12,30
1572,12,12,30
1573,12,12,30
1574,12,12,30
1575,12,12,30
1576,12,12,30
1577,12,12,30
1578,12,12,30
1579,12,12,30
1580,12,12,30
1581,12,12,30
1582,12,12,30
1583,12,12,30
1584,12,12,30
1585,12,12,30
1586,12,12,30
1587,12,12,30
1588,12,12,30
1589,12,12,30
1590,12,12,30
1591,12,12,30
1592,12,12,30
1593,12,12,30
1594,12,12,30
1595,12,12,30
1596,12,12,30
1597,12,12,30
1598,12,12,30
1599,12,12,30
1600,12,12,30
1601,12,12,30
1602,12,12,30
1603,12,12,30
1604,12,12,30
1605,12,12,30
1606,12,12,30
1607,12,12,30
1608,12,12,30
1609,12,12,30
1610,12,12,30
1611,12,12,30
1612,12,12,30
1613,12,12,30
1614,12,12,30
1615,12,12,30
1616,12,12,30
1617,12,12,30
1618,12,12,30
1619,12,12,30
1620,12,12,30
1621,12,12,30
1622,12,12,30
1623,12,12,30
1624,12,12,30
1625,12,12,30
1626,12,12,30
1627,12,12,30
1628,12,12,30
1629,12,12,30
1630,12,12,30
1631,12,12,30
1632,12,12,30
1633,12,12,30
1634,12,12,30
1635,12,12,30
1636,12,12,30
1637,12,12,30
1638,12,12,30
1639,12,12,30
1640,12,12,30
1641,12,12,30
1642,12,12,30
1643,12,12,30
1644,12,12,30
1645,12,12,30
1646,12,12,30
1647,12,12,30
1648,12,12,30
1649,12,12,30
1650,12,12,30
1651,12,12,30
1652,12,12,30
1653,12,12,30
1654,12,12,30
1655,12,12,30
1656,12,12,30
1657,12,12,30
1658,12,12,30
1659,12,12,30
1660,12,12,30
1661,12,12,30
1662,12,12,30
1663,12,12,30
1664,12,12,30
1665,12,12,30
1666,12,12,30
1667,12,12,30
1668,12,12,30
1669,12,12,30
1670,12,12,30
1671,12,12,30
1672,12,12,30
1673,12,12,30
1674,12,12,30
1675,12,12,30
1676,12,12,30
1677,12,12,30
1678,12,12,30
1679,12,12,30
1680,12,12,30
1681,12,12,30
1682,12,12,30
1683,12,12,30
1684,12,12,30
1685,12,12,30
1686,12,12,30
1687,12,12,30
1688,12,12,29
1689,12,12,30
1690,12,12,30
1691,12,12,30
1692,12,12,30
1693,12,12,30
1694,12,12,30
1695,12,12,30
1696,12,12,30
1697,12,12,30
1698,12,12,30
1699,12,12,30
1700,12,12,30
1701,12,12,30
1702,12,12,30
1703,12,12,30
1704,12,12,30
1705,12,12,30
1706,12,12,30
1707,12,12,30
1708,12,12,30
1709,12,12,30
1710,12,12,30
1711,12,12,30
1712,12,12,30
1713,12,12,30
1714,12,12,30
1715,12,12,30
1716,12,12,30
1717,12,12,30
1718,12,12,30
1719,12,12,30
1720,12,12,30
1721,12,12,30
1722,12,12,30
1723,12,12,30
1724,12,12,30
1725,12,12,30
1726,12,12,30
1727,12,12,30
1728,12,12,30
1729,12,12,30
1730,12,12,30
1731,12,12,30
1732,12,12,30
1733,12,12,30
1734,12,12,30
1735,12,12,30
1736,12,12,30
1737,12,12,30
1738,12,12,30
1739,12,12,30
1740,12,12,30
1741,12,12,30
1742,12,12,30
1743,12,12,30
1744,12,12,30
1745,12,12,30
1746,12,12,30
1747,12,12,30
1748,12,12,30
1749,12,12,30
1750,12,12,30
1751,12,12,30
1752,12,12,30
1753,12,12,30
1754,12,12,30
1755,12,12,30
1756,12,12,30
1757,12,12,30
1758,12,12,30
1759,12,12,30
1760,12,12,30
1761,12,12,30
1762,12,12,30
1763,12,12,30
1764,12,12,30
1765,12,12,30
1766,12,12,30
1767,12,12,30
1768,12,12,30
1769,12,12,30
1770,12,12,30
1771,12,12,30
1772,12,12,30
1773,12,12,30
1774,12,12,30
1775,12,12,30
1776,12,12,30
1777,12,12,30
1778,12,12,30
1779,12,12,30
1780,12,12,30
1781,12,12,30
1782,12,12,30
1783,12,12,30
1784,12,12,30
1785,12,12,30
1786,12,12,30
1787,12,12,30
1788,12,12,30
1789,12,12,30
1790,12,12,30
1791,12,12,30
1792,12,12,30
1793,12,12,30
1794,12,12,30
1795,12,12,30
1796,12,12,30
1797,12,12,30
1798,12,12,30
1799,12,12,30
1800,12,12,30
1801,12,12,30
1802,12,12,30
1803,12,12,30
1804,12,12,30
1805,12,12,30
1806,12,12,30
1807,12,12,30
1808,12,12,30
1809,12,12,30
1810,12,12,30
1811,12,12,30
1812,12,12,30
1813,12,12,30
1814,12,12,30
1815,12,12,30
1816,12,12,30
1817,12,12,30
1818,12,12,30
1819,12,12,30
1820,12,12,30
1821,12,12,29
1822,12,12,30
1823,12,12,30
1824,12,12,30
1825,12,12,30
1826,12,12,30
1827,12,12,30
1828,12,12,30
1829,12,12,30
1830,12,12,30
1831,12,12,30
1832,12,12,30
1833,12,12,30
1834,12,12,30
1835,12,12,30
1836,12,12,30
1837,12,12,30
1838,12,12,30
1839,12,12,30
1840,12,12,30
1841,12,12,30
1842,12,12,30
1843,12,12,30
1844,12,12,30
1845,12,12,30
1846,12,12,30
1847,12,12,30
1848,12,12,30
1849,12,12,30
1850,12,12,30
1851,12,12,30
1852,12,12,30
1853,12,12,30
1854,12,12,30
1855,12,12,30
1856,12,12,30
1857,12,12,30
1858,12,12,30
1859,12,12,30
1860,12,12,30
1861,12,12,30
1862,12,12,30
1863,12,12,30
1864,12,12,29
1865,12,12,30
1866,12,12,30
1867,12,12,29
1868,12,12,30
1869,12,12,30
1870,12,12,30
1871,12,12,30
1872,12,12,30
1873,12,12,30
1874,12,12,30
1875,12,12,30
1876,12,12,30
1877,12,12,30
1878,12,12,30
1879,12,12,30
1880,12,12,30
1881,12,12,30
1882,12,12,30
1883,12,12,30
1884,12,12,30
1885,12,12,30
1886,12,12,30
1887,12,12,30
1888,12,12,30
1889,12,12,30
1890,12,12,30
1891,12,12,30
1892,12,12,30
1893,12,12,30
1894,12,12,30
1895,12,12,30
1896,12,12,30
1897,12,12,30
1898,12,12,30
1899,12,12,30
1900,12,12,30
1901,12,12,30
1902,12,12,30
1903,12,12,30
1904,12,12,30
1905,12,12,30
1906,12,12,30
1907,12,12,30
1908,12,12,30
1909,12,12,30
1910,12,12,30
1911,12,12,30
1912,12,12,30
1913,12,12,30
1914,12,12,30
1915,12,12,30
1916,12,12,30
1917,12,12,30
1918,12,12,30
1919,12,12,30
1920,12,12,30
1921,12,12,30
1922,12,12,30
1923,12,12,30
1924,12,12,30
1925,12,12,30
1926,12,12,30
1927,12,12,30
1928,12,12,30
1929,12,12,30
1930,12,12,30
1931,12,12,30
1932,12,12,30
1933,12,12,30
1934,12,12,30
1935,12,12,30
1936,12,12,30
1937,12,12,30
1938,12,12,30
1939,12,12,30
1940,12,12,30
1941,12,12,30
1942,12,12,30
1943,12,12,30
1944,12,12,30
1945,12,12,30
1946,12,12,30
1947,12,12,30
1948,12,12,30
1949,12,12,30
1950,12,12,30
1951,12,12,30
1952,12,12,30
1953,12,12,30
1954,12,12,30
1955,12,12,30
1956,12,12,30
1957,12,12,30
1958,12,12,30
1959,12,12,30
1960,12,12,30
1961,12,12,30
1962,12,12,30
1963,12,12,30
1964,12,12,30
1965,12,12,30
1966,12,12,30
1967,12,12,30
1968,12,12,30
1969,12,12,30
1970,12,12,30
1971,12,12,30
1972,12,12,30
1973,12,12,30
1974,12,12,30
1975,12,12,30
1976,12,12,30
1977,12,12,30
1978,12,12,30
1979,12,12,30
1980,12,12,30
1981,12,12,30
1982,12,12,30
1983,12,12,30
1984,12,12,30
1985,12,12,30
1986,12,12,30
1987,12,12,30
1988,12,12,30
1989,12,12,30
1990,12,12,30
1991,12,12,30
1992,12,12,30
1993,12,12,30
1994,12,12,30
1995,12,12,30
1996,12,12,30
1997,12,12,30
1998,12,12,30
1999,12,12,30
