0,1,0,0
1,0,0,0
2,1,0,0
3,1,0,0
4,0,0,0
5,1,0,0
6,1,0,0
7,1,0,0
8,1,0,0
9,1,0,0
10,2,0,0
11,2,0,0
12,1,0,0
13,1,0,0
14,1,0,0
15,1,0,0
16,2,0,0
17,2,0,0
18,2,0,0
19,2,0,0
20,2,0,0
21,2,0,0
22,2,0,0
23,2,0,0
24,3,0,0
25,2,0,0
26,1,0,0
27,2,0,0
28,2,0,0
29,2,0,0
30,1,0,0
31,0,0,0
32,0,0,0
33,0,0,0
34,0,0,0
35,1,0,0
36,1,0,0
37,1,0,0
38,1,0,0
39,1,0,0
40,2,0,0
41,2,0,0
42,1,0,0
43,1,0,0
44,1,0,0
45,2,0,0
46,2,0,0
47,2,0,0
48,2,0,0
49,2,0,0
50,2,0,0
51,2,0,0
52,2,0,0
53,2,0,0
54,2,0,0
55,2,0,0
56,2,0,0
57,2,0,0
58,3,0,0
59,3,0,0
60,2,0,0
61,2,0,0
62,2,0,0
63,2,0,0
64,2,0,0
65,3,0,0
66,4,2,1
67,2,0,0
68,2,0,0
69,2,0,0
70,2,2,1
71,2,2,1
72,2,2,1
73,3,0,0
74,3,0,0
75,3,0,0
76,3,0,0
77,3,0,0
78,3,0,0
79,3,0,0
80,2,0,0
81,2,0,0
82,3,0,0
83,2,0,0
84,2,0,0
85,2,0,0
86,2,0,0
87,2,0,0
88,2,0,0
89,1,0,0
90,1,0,0
91,1,0,0
92,0,0,0
93,0,0,0
94,1,0,0
95,1,0,0
96,1,0,0
97,1,0,0
98,2,0,0
99,2,0,0
100,2,0,0
101,2,0,0
102,2,0,0
103,2,0,0
104,2,0,0
105,2,0,0
106,2,0,0
107,3,2,1
108,2,2,1
109,2,0,0
110,2,0,0
111,2,0,0
112,3,0,0
113,1,0,0
114,2,0,0
115,2,0,0
116,2,0,0
117,1,0,0
118,2,0,0
119,2,0,0
120,2,0,0
121,2,2,1
122,2,0,0
123,2,0,0
124,2,0,0
125,2,2,1
126,1,0,0
127,1,0,0
128,1,0,0
129,1,0,0
130,1,0,0
131,1,0,0
132,2,0,0
133,2,0,0
134,1,0,0
135,1,0,0
136,1,0,0
137,1,0,0
138,1,0,0
139,1,0,0
140,2,0,0
141,2,0,0
142,1,0,0
143,1,0,0
144,1,0,0
145,2,0,0
146,2,0,0
147,2,0,0
148,3,0,0
149,2,0,0
150,2,0,0
151,2,0,0
152,2,0,0
153,1,0,0
154,1,0,0
155,2,0,0
156,1,0,0
157,1,0,0
158,1,0,0
159,1,0,0
160,3,0,0
161,2,0,0
162,2,0,0
163,2,0,0
164,1,0,0
165,1,0,0
166,1,0,0
167,1,0,0
168,1,0,0
169,1,0,0
170,2,0,0
171,2,0,0
172,2,0,0
173,2,0,0
174,3,0,0
175,2,0,0
176,2,0,0
177,3,2,1
178,3,2,1
179,3,2,1
180,3,0,0
181,3,0,0
182,4,0,0
183,4,2,1
184,4,2,1
185,4,0,0
186,4,0,0
187,4,0,0
188,5,0,0
189,5,0,0
190,5,0,0
191,5,2,1
192,5,2,1
193,6,3,3
194,5,3,2
195,5,3,3
196,5,3,3
197,6,3,2
198,5,2,1
199,5,2,1
200,5,0,0
201,5,0,0
202,4,2,1
203,4,0,0
204,3,0,0
205,3,0,0
206,3,0,0
207,3,0,0
208,3,0,0
209,2,0,0
210,3,2,1
211,3,0,0
212,2,0,0
213,2,0,0
214,2,0,0
215,2,0,0
216,2,0,0
217,2,0,0
218,1,0,0
219,2,0,0
220,2,2,1
221,2,0,0
222,2,0,0
223,2,0,0
224,1,0,0
225,0,0,0
226,1,0,0
227,2,0,0
228,2,0,0
229,1,0,0
230,1,0,0
231,1,0,0
232,1,0,0
233,1,0,0
234,1,0,0
235,1,0,0
236,1,0,0
237,1,0,0
238,1,0,0
239,1,0,0
240,2,0,0
241,2,0,0
242,2,0,0
243,2,0,0
244,1,0,0
245,1,0,0
246,1,0,0
247,1,0,0
248,2,0,0
249,1,0,0
250,2,0,0
251,1,0,0
252,1,0,0
253,1,0,0
254,1,0,0
255,1,0,0
256,1,0,0
257,1,0,0
258,1,0,0
259,1,0,0
260,2,0,0
261,3,0,0
262,3,2,1
263,3,3,2
264,3,3,2
265,3,2,1
266,3,0,0
267,3,0,0
268,3,0,0
269,3,0,0
270,3,0,0
271,2,0,0
272,2,0,0
273,2,0,0
274,2,0,0
275,2,0,0
276,2,0,0
277,2,0,0
278,2,0,0
279,2,0,0
280,2,0,0
281,1,0,0
282,2,0,0
283,3,0,0
284,2,0,0
285,2,0,0
286,3,0,0
287,3,0,0
288,3,0,0
289,3,0,0
290,3,0,0
291,3,0,0
292,2,0,0
293,2,0,0
294,2,0,0
295,2,0,0
296,3,0,0
297,2,0,0
298,2,0,0
299,2,0,0
300,2,0,0
301,3,0,0
302,3,0,0
303,3,0,0
304,4,0,0
305,3,0,0
306,3,0,0
307,2,0,0
308,2,0,0
309,2,0,0
310,2,0,0
311,2,0,0
312,2,0,0
313,2,0,0
314,2,0,0
315,2,0,0
316,2,0,0
317,3,0,0
318,3,0,0
319,2,0,0
320,2,0,0
321,3,0,0
322,2,0,0
323,1,0,0
324,1,0,0
325,1,0,0
326,2,0,0
327,2,0,0
328,3,0,0
329,2,0,0
330,3,0,0
331,3,0,0
332,2,0,0
333,2,0,0
334,2,0,0
335,2,0,0
336,3,0,0
337,3,0,0
338,3,2,1
339,3,0,0
340,3,0,0
341,5,0,0
342,5,0,0
343,4,0,0
344,3,0,0
345,3,0,0
346,3,0,0
347,3,0,0
348,3,0,0
349,3,0,0
350,3,0,0
351,3,0,0
352,2,0,0
353,2,0,0
354,2,0,0
355,3,0,0
356,3,0,0
357,3,0,0
358,3,0,0
359,3,0,0
360,2,0,0
361,2,0,0
362,3,0,0
363,2,0,0
364,3,0,0
365,2,0,0
366,2,0,0
367,2,0,0
368,2,0,0
369,2,0,0
370,2,0,0
371,2,0,0
372,2,0,0
373,2,0,0
374,2,0,0
375,2,0,0
376,2,0,0
377,2,0,0
378,2,0,0
379,1,0,0
380,1,0,0
381,2,0,0
382,1,0,0
383,1,0,0
384,2,0,0
385,2,0,0
386,3,0,0
387,1,0,0
388,1,0,0
389,1,0,0
390,1,0,0
391,1,0,0
392,1,0,0
393,1,0,0
394,1,0,0
395,1,0,0
396,1,0,0
397,1,0,0
398,2,2,1
399,1,0,0
400,2,0,0
401,2,0,0
402,2,0,0
403,3,2,1
404,2,0,0
405,2,2,1
406,2,2,1
407,1,0,0
408,1,0,0
409,1,0,0
410,1,0,0
411,1,0,0
412,2,0,0
413,1,0,0
414,1,0,0
415,1,0,0
416,1,0,0
417,1,0,0
418,1,0,0
419,1,0,0
420,1,0,0
421,2,0,0
422,2,0,0
423,3,0,0
424,2,0,0
425,2,0,0
426,2,0,0
427,2,0,0
428,2,0,0
429,2,0,0
430,2,0,0
431,2,0,0
432,2,0,0
433,2,0,0
434,1,0,0
435,1,0,0
436,1,0,0
437,1,0,0
438,1,0,0
439,2,0,0
440,1,0,0
441,1,0,0
442,1,0,0
443,2,0,0
444,2,0,0
445,2,0,0
446,2,0,0
447,2,0,0
448,2,0,0
449,2,0,0
450,2,2,1
451,2,0,0
452,1,0,0
453,1,0,0
454,1,0,0
455,1,0,0
456,2,0,0
457,2,0,0
458,2,0,0
459,2,0,0
460,1,0,0
461,1,0,0
462,1,0,0
463,1,0,0
464,1,0,0
465,1,0,0
466,1,0,0
467,1,0,0
468,1,0,0
469,1,0,0
470,1,0,0
471,1,0,0
472,1,0,0
473,0,0,0
474,0,0,0
475,1,0,0
476,2,0,0
477,2,0,0
478,1,0,0
479,2,0,0
480,3,0,0
481,3,0,0
482,3,0,0
483,3,0,0
484,3,0,0
485,3,0,0
486,2,0,0
487,3,0,0
488,3,0,0
489,3,0,0
490,3,0,0
491,3,0,0
492,2,0,0
493,2,0,0
494,2,0,0
495,1,0,0
496,1,0,0
497,1,0,0
498,1,0,0
499,1,0,0
500,1,0,0
501,1,0,0
502,1,0,0
503,1,0,0
504,1,0,0
505,2,0,0
506,2,0,0
507,2,0,0
508,2,0,0
509,1,0,0
510,1,0,0
511,1,0,0
512,2,0,0
513,1,0,0
514,1,0,0
515,1,0,0
516,1,0,0
517,2,0,0
518,1,0,0
519,1,0,0
520,2,0,0
521,2,0,0
522,2,0,0
523,2,0,0
524,2,0,0
525,2,0,0
526,2,0,0
527,2,0,0
528,3,0,0
529,3,0,0
530,2,0,0
531,2,2,1
532,2,0,0
533,2,0,0
534,1,0,0
535,1,0,0
536,1,0,0
537,1,0,0
538,1,0,0
539,1,0,0
540,1,0,0
541,1,0,0
542,1,0,0
543,2,0,0
544,2,0,0
545,3,0,0
546,3,0,0
547,3,0,0
548,2,0,0
549,3,0,0
550,2,0,0
551,2,0,0
552,2,2,1
553,2,2,1
554,4,2,1
555,3,2,1
556,3,0,0
557,3,0,0
558,3,0,0
559,4,2,1
560,3,0,0
561,3,0,0
562,3,0,0
563,3,0,0
564,3,0,0
565,3,0,0
566,3,0,0
567,2,0,0
568,2,0,0
569,3,0,0
570,2,0,0
571,2,0,0
572,2,0,0
573,2,0,0
574,2,0,0
575,1,0,0
576,1,0,0
577,2,0,0
578,1,0,0
579,1,0,0
580,1,0,0
581,1,0,0
582,2,0,0
583,1,0,0
584,1,0,0
585,1,0,0
586,1,0,0
587,2,0,0
588,1,0,0
589,1,0,0
590,1,0,0
591,1,0,0
592,1,0,0
593,2,0,0
594,2,0,0
595,1,0,0
596,2,0,0
597,2,0,0
598,2,0,0
599,2,0,0
600,3,0,0
601,3,0,0
602,3,0,0
603,3,0,0
604,3,0,0
605,2,0,0
606,1,0,0
607,1,0,0
608,1,0,0
609,2,0,0
610,1,0,0
611,1,0,0
612,1,0,0
613,1,0,0
614,1,0,0
615,1,0,0
616,1,0,0
617,2,0,0
618,2,0,0
619,2,0,0
620,3,0,0
621,2,0,0
622,3,0,0
623,3,0,0
624,2,0,0
625,2,0,0
626,2,0,0
627,2,0,0
628,2,0,0
629,3,0,0
630,2,0,0
631,2,0,0
632,2,2,1
633,2,0,0
634,1,0,0
635,1,0,0
636,1,0,0
637,2,0,0
638,1,0,0
639,1,0,0
640,1,0,0
641,1,0,0
642,2,0,0
643,1,0,0
644,1,0,0
645,2,0,0
646,2,0,0
647,2,0,0
648,1,0,0
649,1,0,0
650,1,0,0
651,1,0,0
652,2,0,0
653,2,0,0
654,2,0,0
655,2,0,0
656,2,0,0
657,2,0,0
658,3,0,0
659,1,0,0
660,1,0,0
661,1,0,0
662,2,0,0
663,1,0,0
664,1,0,0
665,1,0,0
666,1,0,0
667,1,0,0
668,2,0,0
669,2,0,0
670,2,0,0
671,2,0,0
672,2,0,0
673,2,0,0
674,2,0,0
675,2,0,0
676,2,0,0
677,2,0,0
678,2,0,0
679,2,0,0
680,2,0,0
681,2,0,0
682,2,0,0
683,2,0,0
684,2,0,0
685,2,0,0
686,3,0,0
687,3,0,0
688,3,0,0
689,3,0,0
690,3,0,0
691,3,0,0
692,4,0,0
693,4,0,0
694,4,0,0
695,3,0,0
696,3,0,0
697,3,0,0
698,4,0,0
699,3,0,0
700,3,2,1
701,3,0,0
702,3,0,0
703,3,0,0
704,3,0,0
705,2,0,0
706,2,0,0
707,2,0,0
708,2,0,0
709,4,2,1
710,3,2,1
711,3,0,0
712,2,0,0
713,2,0,0
714,3,0,0
715,3,0,0
716,2,0,0
717,2,2,1
718,1,0,0
719,1,0,0
720,1,0,0
721,2,0,0
722,2,2,1
723,3,0,0
724,2,0,0
725,2,0,0
726,3,2,1
727,2,0,0
728,1,0,0
729,2,0,0
730,2,0,0
731,2,0,0
732,2,0,0
733,2,0,0
734,2,0,0
735,2,0,0
736,2,0,0
737,2,0,0
738,2,0,0
739,2,0,0
740,2,0,0
741,2,0,0
742,2,0,0
743,2,0,0
744,2,0,0
745,2,0,0
746,2,0,0
747,2,0,0
748,2,0,0
749,2,0,0
750,2,2,1
751,2,2,1
752,2,0,0
753,2,0,0
754,2,0,0
755,2,0,0
756,2,0,0
757,3,0,0
758,3,2,1
759,3,0,0
760,3,0,0
761,3,0,0
762,3,0,0
763,3,0,0
764,3,0,0
765,3,0,0
766,3,0,0
767,3,0,0
768,3,0,0
769,3,2,1
770,3,0,0
771,3,0,0
772,4,0,0
773,3,2,1
774,3,0,0
775,3,0,0
776,3,0,0
777,3,0,0
778,3,0,0
779,2,0,0
780,2,0,0
781,2,0,0
782,3,0,0
783,3,0,0
784,3,0,0
785,2,0,0
786,3,0,0
787,3,0,0
788,2,0,0
789,3,0,0
790,3,2,1
791,3,0,0
792,2,0,0
793,2,0,0
794,3,0,0
795,3,0,0
796,3,0,0
797,3,0,0
798,3,0,0
799,4,2,1
800,4,2,1
801,4,0,0
802,3,2,1
803,3,2,1
804,3,0,0
805,3,0,0
806,3,0,0
807,3,0,0
808,3,0,0
809,3,0,0
810,3,0,0
811,3,0,0
812,3,0,0
813,3,0,0
814,3,0,0
815,3,0,0
816,2,0,0
817,2,0,0
818,2,0,0
819,2,0,0
820,1,0,0
821,1,0,0
822,1,0,0
823,2,0,0
824,2,0,0
825,2,0,0
826,2,0,0
827,2,0,0
828,2,0,0
829,2,2,1
830,2,2,1
831,2,0,0
832,2,0,0
833,2,0,0
834,2,0,0
835,2,2,1
836,3,0,0
837,2,0,0
838,2,0,0
839,3,0,0
840,3,0,0
841,3,0,0
842,3,0,0
843,3,0,0
844,3,2,1
845,3,0,0
846,3,0,0
847,3,0,0
848,3,0,0
849,3,0,0
850,3,0,0
851,3,0,0
852,3,0,0
853,3,0,0
854,3,0,0
855,3,0,0
856,3,0,0
857,3,0,0
858,3,0,0
859,3,0,0
860,3,0,0
861,3,0,0
862,2,0,0
863,2,0,0
864,2,0,0
865,2,0,0
866,2,0,0
867,1,0,0
868,1,0,0
869,1,0,0
870,1,0,0
871,2,0,0
872,3,0,0
873,2,0,0
874,2,0,0
875,2,0,0
876,2,0,0
877,1,0,0
878,1,0,0
879,1,0,0
880,1,0,0
881,1,0,0
882,1,0,0
883,1,0,0
884,1,0,0
885,1,0,0
886,1,0,0
887,1,0,0
888,1,0,0
889,1,0,0
890,1,0,0
891,1,0,0
892,1,0,0
893,1,0,0
894,2,0,0
895,1,0,0
896,1,0,0
897,1,0,0
898,1,0,0
899,2,0,0
900,2,0,0
901,3,0,0
902,3,0,0
903,3,0,0
904,3,0,0
905,3,0,0
906,3,0,0
907,3,0,0
908,3,0,0
909,3,0,0
910,2,0,0
911,2,0,0
912,2,0,0
913,3,0,0
914,2,0,0
915,2,0,0
916,2,0,0
917,2,0,0
918,2,0,0
919,3,0,0
920,4,0,0
921,3,0,0
922,3,0,0
923,2,0,0
924,2,0,0
925,1,0,0
926,1,0,0
927,1,0,0
928,2,0,0
929,3,0,0
930,3,0,0
931,3,0,0
932,3,2,1
933,3,2,1
934,3,3,2
935,3,2,1
936,3,2,1
937,3,0,0
938,3,3,2
939,3,0,0
940,3,0,0
941,2,0,0
942,2,0,0
943,3,0,0
944,2,2,1
945,2,2,1
946,2,0,0
947,2,0,0
948,2,0,0
949,3,0,0
950,2,0,0
951,2,0,0
952,2,0,0
953,2,2,1
954,2,0,0
955,2,0,0
956,2,0,0
957,1,0,0
958,3,0,0
959,3,0,0
960,3,0,0
961,4,0,0
962,4,0,0
963,3,0,0
964,3,2,1
965,4,0,0
966,4,2,1
967,4,2,1
968,4,2,1
969,4,2,1
970,2,2,1
971,3,0,0
972,4,0,0
973,3,0,0
974,3,0,0
975,4,0,0
976,3,0,0
977,2,0,0
978,2,0,0
979,3,0,0
980,3,0,0
981,3,0,0
982,3,0,0
983,3,0,0
984,3,0,0
985,3,0,0
986,3,0,0
987,2,0,0
988,2,0,0
989,2,0,0
990,2,0,0
991,2,0,0
992,2,0,0
993,2,0,0
994,2,2,1
995,2,2,1
996,2,2,1
997,3,2,1
998,3,2,1
999,3,0,0
1000,3,0,0
1001,2,0,0
1002,2,0,0
1003,2,0,0
1004,2,0,0
1005,2,0,0
1006,2,0,0
1007,2,0,0
1008,2,0,0
1009,2,0,0
1010,2,0,0
1011,2,0,0
1012,1,0,0
1013,1,0,0
1014,1,0,0
1015,2,0,0
1016,2,0,0
1017,3,0,0
1018,3,0,0
1019,2,0,0
1020,2,0,0
1021,3,0,0
1022,2,0,0
1023,2,0,0
1024,2,0,0
1025,2,0,0
1026,3,0,0
1027,2,0,0
1028,2,0,0
1029,2,0,0
1030,2,0,0
1031,2,0,0
1032,2,2,1
1033,2,2,1
1034,2,0,0
1035,2,0,0
1036,2,2,1
1037,2,2,1
1038,2,0,0
1039,3,0,0
1040,2,0,0
1041,2,0,0
1042,2,0,0
1043,2,0,0
1044,3,0,0
1045,1,0,0
1046,1,0,0
1047,1,0,0
1048,2,0,0
1049,4,0,0
1050,2,2,1
1051,2,0,0
1052,2,0,0
1053,2,2,1
1054,2,2,1
1055,2,2,1
1056,2,0,0
1057,2,2,1
1058,3,0,0
1059,3,0,0
1060,3,0,0
1061,3,2,1
1062,3,2,1
1063,3,2,1
1064,3,2,1
1065,4,2,1
1066,3,2,1
1067,3,2,1
1068,3,2,1
1069,3,0,0
1070,3,0,0
1071,3,0,0
1072,3,0,0
1073,3,0,0
1074,3,0,0
1075,4,0,0
1076,2,0,0
1077,2,2,1
1078,2,0,0
1079,2,0,0
1080,2,2,1
1081,2,0,0
1082,2,0,0
1083,2,0,0
1084,2,0,0
1085,2,0,0
1086,2,0,0
1087,2,0,0
1088,2,0,0
1089,3,0,0
1090,2,0,0
1091,2,0,0
1092,2,0,0
1093,2,0,0
1094,2,0,0
1095,2,0,0
1096,2,0,0
1097,1,0,0
1098,1,0,0
1099,1,0,0
1100,2,0,0
1101,2,0,0
1102,2,0,0
1103,2,0,0
1104,2,0,0
1105,2,0,0
1106,2,0,0
1107,3,0,0
1108,2,0,0
1109,1,0,0
1110,2,0,0
1111,2,0,0
1112,2,0,0
1113,2,0,0
1114,2,0,0
1115,2,0,0
1116,2,0,0
1117,2,0,0
1118,2,0,0
1119,3,0,0
1120,3,0,0
1121,3,0,0
1122,3,0,0
1123,3,0,0
1124,3,0,0
1125,2,0,0
1126,2,0,0
1127,2,0,0
1128,2,0,0
1129,2,0,0
1130,2,0,0
1131,2,0,0
1132,2,2,1
1133,4,0,0
1134,3,0,0
1135,2,0,0
1136,2,0,0
1137,2,0,0
1138,3,0,0
1139,4,0,0
1140,3,2,1
1141,3,0,0
1142,3,0,0
1143,3,0,0
1144,2,0,0
1145,2,0,0
1146,2,0,0
1147,2,0,0
1148,2,0,0
1149,2,0,0
1150,2,0,0
1151,2,0,0
1152,3,0,0
1153,2,0,0
1154,2,0,0
1155,2,0,0
1156,1,0,0
1157,1,0,0
1158,1,0,0
1159,1,0,0
1160,1,0,0
1161,1,0,0
1162,1,0,0
1163,1,0,0
1164,1,0,0
1165,1,0,0
1166,1,0,0
1167,1,0,0
1168,2,0,0
1169,2,0,0
1170,2,0,0
1171,2,0,0
1172,2,0,0
1173,2,0,0
1174,2,0,0
1175,3,0,0
1176,3,0,0
1177,3,0,0
1178,2,0,0
1179,2,0,0
1180,2,0,0
1181,2,0,0
1182,2,0,0
1183,2,0,0
1184,2,0,0
1185,2,0,0
1186,2,0,0
1187,2,0,0
1188,1,0,0
1189,2,0,0
1190,2,0,0
1191,2,0,0
1192,2,0,0
1193,2,0,0
1194,2,0,0
1195,2,0,0
1196,2,0,0
1197,2,0,0
1198,2,0,0
1199,2,0,0
1200,2,0,0
1201,1,0,0
1202,1,0,0
1203,2,0,0
1204,2,0,0
1205,2,0,0
1206,2,0,0
1207,2,0,0
1208,2,0,0
1209,3,0,0
1210,3,0,0
1211,3,0,0
1212,4,0,0
1213,1,0,0
1214,2,0,0
1215,2,0,0
1216,2,0,0
1217,2,0,0
1218,2,0,0
1219,2,2,1
1220,2,0,0
1221,2,0,0
1222,2,0,0
1223,2,0,0
1224,2,0,0
1225,2,0,0
1226,3,0,0
1227,3,0,0
1228,2,0,0
1229,2,0,0
1230,2,0,0
1231,2,0,0
1232,2,0,0
1233,2,0,0
1234,2,0,0
1235,2,0,0
1236,2,0,0
1237,2,0,0
1238,2,0,0
1239,2,0,0
1240,2,0,0
1241,2,2,1
1242,2,0,0
1243,3,0,0
1244,3,0,0
1245,3,0,0
1246,3,0,0
1247,3,0,0
1248,3,0,0
1249,2,0,0
1250,2,0,0
1251,2,0,0
1252,3,0,0
1253,2,0,0
1254,3,0,0
1255,3,0,0
1256,4,2,1
1257,3,0,0
1258,3,0,0
1259,3,0,0
1260,3,0,0
1261,3,0,0
1262,3,0,0
1263,3,0,0
1264,3,0,0
1265,3,0,0
1266,3,0,0
1267,3,0,0
1268,3,0,0
1269,3,0,0
1270,3,0,0
1271,2,0,0
1272,3,0,0
1273,2,0,0
1274,3,0,0
1275,3,0,0
1276,3,0,0
1277,2,0,0
1278,2,0,0
1279,2,0,0
1280,2,0,0
1281,2,0,0
1282,1,0,0
1283,2,0,0
1284,1,0,0
1285,1,0,0
1286,2,0,0
1287,1,0,0
1288,2,0,0
1289,2,0,0
1290,2,0,0
1291,2,0,0
1292,2,0,0
1293,2,0,0
1294,1,0,0
1295,1,0,0
1296,1,0,0
1297,1,0,0
1298,1,0,0
1299,1,0,0
1300,1,0,0
1301,1,0,0
1302,2,0,0
1303,2,0,0
1304,2,0,0
1305,2,0,0
1306,2,0,0
1307,2,0,0
1308,2,0,0
1309,2,0,0
1310,2,0,0
1311,2,0,0
1312,2,0,0
1313,1,0,0
1314,2,0,0
1315,1,0,0
1316,1,0,0
1317,1,0,0
1318,1,0,0
1319,2,0,0
1320,2,0,0
1321,2,0,0
1322,1,0,0
1323,1,0,0
1324,2,0,0
1325,2,0,0
1326,2,0,0
1327,3,0,0
1328,3,2,1
1329,3,0,0
1330,3,0,0
1331,3,0,0
1332,3,0,0
1333,3,0,0
1334,3,0,0
1335,3,0,0
1336,3,0,0
1337,3,0,0
1338,3,0,0
1339,2,0,0
1340,2,0,0
1341,3,0,0
1342,3,0,0
1343,3,0,0
1344,3,2,1
1345,4,0,0
1346,3,0,0
1347,4,0,0
1348,4,0,0
1349,4,0,0
1350,4,0,0
1351,4,0,0
1352,4,0,0
1353,4,0,0
1354,4,0,0
1355,4,0,0
1356,4,0,0
1357,4,0,0
1358,3,0,0
1359,3,0,0
1360,3,2,1
1361,3,0,0
1362,3,0,0
1363,3,0,0
1364,3,0,0
1365,3,0,0
1366,3,0,0
1367,3,0,0
1368,2,0,0
1369,3,0,0
1370,3,0,0
1371,3,0,0
1372,3,0,0
1373,3,0,0
1374,3,0,0
1375,3,0,0
1376,3,0,0
1377,3,0,0
1378,3,0,0
1379,3,0,0
1380,3,0,0
1381,2,0,0
1382,2,0,0
1383,2,0,0
1384,2,0,0
1385,2,0,0
1386,2,0,0
1387,2,0,0
1388,2,0,0
1389,2,0,0
1390,2,0,0
1391,2,2,1
1392,2,0,0
1393,1,0,0
1394,1,0,0
1395,2,0,0
1396,2,0,0
1397,2,0,0
1398,2,0,0
1399,2,0,0
1400,2,0,0
1401,2,0,0
1402,2,0,0
1403,3,0,0
1404,1,0,0
1405,1,0,0
1406,2,0,0
1407,2,0,0
1408,1,0,0
1409,1,0,0
1410,0,0,0
1411,0,0,0
1412,1,0,0
1413,1,0,0
1414,1,0,0
1415,3,0,0
1416,1,0,0
1417,1,0,0
1418,0,0,0
1419,0,0,0
1420,0,0,0
1421,0,0,0
1422,1,0,0
1423,2,0,0
1424,2,0,0
1425,1,0,0
1426,1,0,0
1427,1,0,0
1428,2,0,0
1429,2,0,0
1430,2,0,0
1431,2,0,0
1432,2,0,0
1433,2,0,0
1434,2,0,0
1435,2,0,0
1436,2,0,0
1437,2,0,0
1438,2,0,0
1439,2,0,0
1440,2,0,0
1441,2,0,0
1442,2,0,0
1443,3,0,0
1444,2,0,0
1445,2,0,0
1446,2,0,0
1447,3,0,0
1448,4,0,0
1449,3,0,0
1450,3,0,0
1451,3,2,1
1452,2,0,0
1453,3,2,1
1454,2,0,0
1455,2,0,0
1456,3,2,1
1457,3,2,1
1458,3,2,1
1459,2,0,0
1460,2,0,0
1461,2,0,0
1462,2,0,0
1463,3,0,0
1464,3,0,0
1465,3,0,0
1466,3,0,0
1467,2,2,1
1468,3,0,0
1469,3,0,0
1470,2,0,0
1471,2,0,0
1472,2,0,0
1473,2,2,1
1474,2,0,0
1475,2,0,0
1476,2,0,0
1477,2,0,0
1478,2,0,0
1479,2,0,0
1480,2,0,0
1481,2,0,0
1482,2,0,0
1483,2,0,0
1484,2,0,0
1485,2,0,0
1486,2,0,0
1487,2,0,0
1488,2,0,0
1489,1,0,0
1490,3,0,0
1491,1,0,0
1492,1,0,0
1493,2,0,0
1494,2,0,0
1495,3,0,0
1496,2,0,0
1497,2,0,0
1498,2,0,0
1499,2,0,0
1500,3,0,0
1501,3,0,0
1502,3,0,0
1503,3,0,0
1504,3,0,0
1505,3,0,0
1506,2,0,0
1507,2,0,0
1508,2,0,0
1509,2,0,0
1510,1,0,0
1511,1,0,0
1512,1,0,0
1513,1,0,0
1514,2,0,0
1515,1,0,0
1516,1,0,0
1517,1,0,0
1518,1,0,0
1519,1,0,0
1520,1,0,0
1521,2,0,0
1522,2,0,0
1523,2,0,0
1524,2,0,0
1525,2,0,0
1526,2,0,0
1527,2,0,0
1528,2,0,0
1529,2,0,0
1530,3,0,0
1531,1,0,0
1532,1,0,0
1533,1,0,0
1534,1,0,0
1535,1,0,0
1536,1,0,0
1537,1,0,0
1538,1,0,0
1539,1,0,0
1540,1,0,0
1541,1,0,0
1542,1,0,0
1543,1,0,0
1544,2,0,0
1545,2,0,0
1546,2,0,0
1547,3,0,0
1548,2,0,0
1549,2,0,0
1550,3,0,0
1551,3,0,0
1552,2,0,0
1553,2,0,0
1554,2,0,0
1555,2,0,0
1556,3,0,0
1557,3,0,0
1558,3,0,0
1559,3,0,0
1560,3,0,0
1561,3,0,0
1562,3,0,0
1563,4,0,0
1564,4,3,3
1565,4,3,2
1566,4,3,2
1567,4,2,1
1568,4,3,3
1569,4,3,2
1570,3,3,3
1571,4,3,2
1572,5,3,2
1573,5,2,1
1574,4,0,0
1575,4,0,0
1576,4,0,0
1577,4,2,1
1578,2,0,0
1579,2,0,0
1580,2,0,0
1581,2,0,0
1582,2,0,0
1583,1,0,0
1584,2,0,0
1585,2,0,0
1586,2,0,0
1587,2,0,0
1588,2,0,0
1589,2,0,0
1590,2,2,1
1591,2,0,0
1592,2,0,0
1593,2,0,0
1594,2,0,0
1595,2,0,0
1596,2,0,0
1597,2,0,0
1598,2,0,0
1599,2,0,0
1600,2,0,0
1601,2,0,0
1602,2,0,0
1603,3,0,0
1604,3,0,0
1605,3,0,0
1606,2,0,0
1607,2,0,0
1608,2,0,0
1609,3,0,0
1610,3,0,0
1611,3,0,0
1612,3,0,0
1613,3,0,0
1614,3,2,1
1615,3,0,0
1616,4,0,0
1617,3,0,0
1618,2,0,0
1619,2,0,0
1620,2,0,0
1621,2,2,1
1622,2,0,0
1623,2,0,0
1624,3,0,0
1625,3,0,0
1626,3,0,0
1627,2,0,0
1628,2,0,0
1629,2,0,0
1630,2,0,0
1631,2,0,0
1632,2,0,0
1633,2,0,0
1634,2,0,0
1635,3,2,1
1636,3,0,0
1637,3,0,0
1638,3,0,0
1639,3,0,0
1640,3,0,0
1641,3,2,1
1642,3,0,0
1643,3,0,0
1644,3,2,1
1645,3,2,1
1646,3,0,0
1647,3,0,0
1648,4,0,0
1649,2,2,1
1650,3,0,0
1651,3,2,1
1652,3,0,0
1653,3,0,0
1654,4,2,1
1655,2,0,0
1656,2,0,0
1657,3,0,0
1658,3,0,0
1659,2,0,0
1660,2,0,0
1661,2,0,0
1662,2,0,0
1663,2,0,0
1664,3,0,0
1665,2,0,0
1666,2,0,0
1667,2,0,0
1668,3,0,0
1669,2,0,0
1670,2,0,0
1671,2,0,0
1672,2,0,0
1673,2,0,0
1674,1,0,0
1675,2,0,0
1676,2,0,0
1677,2,0,0
1678,2,0,0
1679,2,0,0
1680,2,0,0
1681,2,0,0
1682,3,0,0
1683,2,0,0
1684,3,0,0
1685,3,0,0
1686,2,0,0
1687,3,0,0
1688,3,0,0
1689,3,0,0
1690,3,0,0
1691,3,0,0
1692,4,0,0
1693,3,0,0
1694,3,0,0
1695,2,0,0
1696,2,0,0
1697,2,0,0
1698,1,0,0
1699,2,0,0
1700,1,0,0
1701,2,2,1
1702,2,0,0
1703,2,0,0
1704,2,0,0
1705,3,0,0
1706,2,0,0
1707,2,0,0
1708,2,0,0
1709,2,2,1
1710,2,0,0
1711,2,0,0
1712,1,0,0
1713,2,0,0
1714,2,0,0
1715,3,0,0
1716,3,0,0
1717,2,0,0
1718,2,0,0
1719,2,0,0
1720,1,0,0
1721,1,0,0
1722,1,0,0
1723,1,0,0
1724,2,0,0
1725,2,0,0
1726,2,0,0
1727,3,0,0
1728,1,0,0
1729,2,0,0
1730,2,0,0
1731,2,0,0
1732,3,0,0
1733,3,0,0
1734,3,0,0
1735,3,0,0
1736,3,0,0
1737,3,0,0
1738,3,0,0
1739,3,0,0
1740,3,0,0
1741,3,0,0
1742,4,0,0
1743,4,0,0
1744,4,0,0
1745,3,0,0
1746,3,0,0
1747,3,2,1
1748,2,2,1
1749,2,2,1
1750,2,0,0
1751,2,0,0
1752,2,0,0
1753,2,0,0
1754,2,0,0
1755,2,0,0
1756,2,0,0
1757,2,0,0
1758,1,0,0
1759,2,0,0
1760,2,0,0
1761,2,0,0
1762,2,0,0
1763,2,0,0
1764,1,0,0
1765,1,0,0
1766,0,0,0
1767,1,0,0
1768,2,0,0
1769,3,0,0
1770,3,0,0
1771,3,0,0
1772,3,0,0
1773,3,0,0
1774,3,0,0
1775,3,0,0
1776,3,0,0
1777,3,0,0
1778,3,0,0
1779,3,0,0
1780,3,0,0
1781,3,0,0
1782,4,2,1
1783,2,0,0
1784,2,0,0
1785,2,0,0
1786,2,0,0
1787,2,0,0
1788,2,0,0
1789,2,0,0
1790,3,0,0
1791,3,0,0
1792,3,0,0
1793,3,2,1
1794,3,0,0
1795,3,0,0
1796,3,0,0
1797,3,0,0
1798,4,0,0
1799,2,0,0
1800,2,0,0
1801,2,0,0
1802,2,0,0
1803,2,0,0
1804,2,0,0
1805,2,0,0
1806,2,0,0
1807,2,0,0
1808,1,0,0
1809,1,0,0
1810,3,0,0
1811,3,0,0
1812,3,0,0
1813,2,0,0
1814,2,0,0
1815,2,0,0
1816,1,0,0
1817,1,0,0
1818,1,0,0
1819,1,0,0
1820,2,0,0
1821,2,0,0
1822,2,0,0
1823,3,0,0
1824,3,0,0
1825,3,2,1
1826,3,2,1
1827,3,2,1
1828,3,2,1
1829,3,2,1
1830,3,0,0
1831,3,0,0
1832,3,2,1
1833,3,0,0
1834,3,0,0
1835,3,0,0
1836,2,0,0
1837,3,0,0
1838,4,0,0
1839,3,0,0
1840,2,0,0
1841,1,0,0
1842,2,0,0
1843,3,0,0
1844,1,0,0
1845,1,0,0
1846,1,0,0
1847,4,0,0
1848,2,0,0
1849,3,0,0
1850,3,0,0
1851,3,0,0
1852,3,0,0
1853,3,0,0
1854,2,0,0
1855,2,0,0
1856,3,0,0
1857,3,0,0
1858,3,0,0
1859,3,0,0
1860,3,0,0
1861,3,2,1
1862,2,0,0
1863,2,0,0
1864,3,0,0
1865,3,0,0
1866,3,0,0
1867,3,0,0
1868,3,2,1
1869,3,2,1
1870,3,2,1
1871,3,0,0
1872,3,2,1
1873,3,0,0
1874,2,0,0
1875,2,0,0
1876,3,0,0
1877,3,0,0
1878,3,0,0
1879,2,0,0
1880,2,0,0
1881,2,0,0
1882,1,0,0
1883,2,0,0
1884,2,0,0
1885,2,0,0
1886,2,0,0
1887,2,0,0
1888,2,0,0
1889,2,2,1
1890,2,0,0
1891,2,0,0
1892,2,0,0
1893,3,0,0
1894,4,0,0
1895,4,0,0
1896,3,0,0
1897,3,0,0
1898,3,0,0
1899,3,0,0
1900,3,0,0
1901,3,0,0
1902,3,2,1
1903,3,2,1
1904,3,0,0
1905,3,2,1
1906,3,3,2
1907,3,2,1
1908,4,3,2
1909,3,2,1
1910,3,2,1
1911,3,2,1
1912,3,0,0
1913,2,0,0
1914,2,0,0
1915,4,0,0
1916,4,0,0
1917,4,0,0
1918,4,2,1
1919,4,2,1
1920,4,3,2
1921,4,4,3
1922,4,4,3
1923,4,4,3
1924,4,4,3
1925,3,3,2
1926,5,3,3
1927,4,3,3
1928,4,3,2
1929,4,3,2
1930,4,2,1
1931,4,3,3
1932,4,3,2
1933,4,3,2
1934,4,3,3
1935,4,3,2
1936,4,0,0
1937,3,0,0
1938,3,0,0
1939,3,0,0
1940,3,0,0
1941,3,0,0
1942,3,2,1
1943,3,0,0
1944,3,2,1
1945,3,0,0
1946,3,0,0
1947,3,0,0
1948,3,0,0
1949,3,0,0
1950,3,0,0
1951,3,0,0
1952,3,0,0
1953,3,0,0
1954,3,2,1
1955,3,0,0
1956,3,0,0
1957,3,0,0
1958,3,0,0
1959,4,0,0
1960,3,2,1
1961,3,0,0
1962,2,0,0
1963,3,0,0
1964,3,0,0
1965,3,0,0
1966,3,0,0
1967,2,0,0
1968,2,0,0
1969,3,0,0
1970,3,0,0
1971,3,0,0
1972,2,0,0
1973,3,0,0
1974,3,0,0
1975,2,0,0
1976,2,0,0
1977,2,0,0
1978,2,0,0
1979,2,0,0
1980,2,0,0
1981,2,0,0
1982,3,0,0
1983,3,0,0
1984,3,0,0
1985,3,0,0
1986,3,0,0
1987,3,0,0
1988,2,0,0
1989,2,0,0
1990,2,0,0
1991,2,0,0
1992,2,0,0
1993,2,0,0
1994,2,0,0
1995,1,0,0
1996,2,0,0
1997,3,0,0
1998,2,0,0
1999,2,0,0
