0,1,0,0
1,0,0,0
2,0,0,0
3,1,0,0
4,1,0,0
5,1,0,0
6,1,0,0
7,1,0,0
8,1,0,0
9,1,0,0
10,1,0,0
11,1,0,0
12,1,0,0
13,2,0,0
14,2,2,1
15,2,0,0
16,2,2,1
17,2,2,1
18,2,2,1
19,2,2,1
20,2,2,1
21,2,0,0
22,2,0,0
23,2,0,0
24,2,0,0
25,3,0,0
26,3,0,0
27,3,0,0
28,3,0,0
29,3,0,0
30,3,0,0
31,3,0,0
32,2,0,0
33,2,0,0
34,2,0,0
35,2,0,0
36,2,0,0
37,2,0,0
38,2,0,0
39,2,0,0
40,2,0,0
41,2,0,0
42,2,0,0
43,2,0,0
44,2,0,0
45,2,0,0
46,2,0,0
47,2,0,0
48,2,0,0
49,2,0,0
50,2,0,0
51,2,0,0
52,2,0,0
53,3,0,0
54,3,0,0
55,3,0,0
56,3,0,0
57,3,0,0
58,2,0,0
59,2,0,0
60,2,0,0
61,2,0,0
62,2,0,0
63,3,0,0
64,4,0,0
65,3,0,0
66,3,2,1
67,3,0,0
68,2,0,0
69,2,0,0
70,2,0,0
71,3,0,0
72,3,0,0
73,3,0,0
74,3,0,0
75,3,0,0
76,3,3,2
77,3,0,0
78,3,0,0
79,3,0,0
80,3,0,0
81,2,0,0
82,2,0,0
83,2,0,0
84,3,0,0
85,3,0,0
86,3,0,0
87,4,0,0
88,3,0,0
89,4,2,1
90,3,0,0
91,3,0,0
92,3,0,0
93,3,0,0
94,3,0,0
95,3,0,0
96,3,0,0
97,2,0,0
98,3,0,0
99,2,0,0
100,2,0,0
101,1,0,0
102,2,0,0
103,1,0,0
104,1,0,0
105,1,0,0
106,1,0,0
107,2,0,0
108,2,0,0
109,2,0,0
110,2,0,0
111,2,0,0
112,2,0,0
113,2,0,0
114,2,0,0
115,2,0,0
116,2,0,0
117,2,0,0
118,2,0,0
119,2,0,0
120,2,0,0
121,2,0,0
122,2,0,0
123,2,0,0
124,2,0,0
125,2,0,0
126,2,0,0
127,2,0,0
128,2,0,0
129,2,0,0
130,2,0,0
131,3,2,1
132,3,2,1
133,3,0,0
134,3,0,0
135,4,0,0
136,4,0,0
137,4,0,0
138,4,0,0
139,3,0,0
140,3,0,0
141,3,0,0
142,3,0,0
143,3,0,0
144,3,2,1
145,3,0,0
146,3,0,0
147,3,0,0
148,3,0,0
149,3,0,0
150,3,0,0
151,1,0,0
152,2,0,0
153,2,0,0
154,2,0,0
155,2,0,0
156,2,0,0
157,2,0,0
158,2,0,0
159,3,0,0
160,3,0,0
161,3,0,0
162,3,0,0
163,3,0,0
164,2,0,0
165,2,0,0
166,2,0,0
167,2,0,0
168,2,0,0
169,3,0,0
170,3,0,0
171,3,0,0
172,3,0,0
173,2,0,0
174,3,0,0
175,2,2,1
176,3,0,0
177,4,0,0
178,4,2,1
179,4,2,1
180,4,0,0
181,4,0,0
182,4,0,0
183,4,0,0
184,3,2,1
185,4,2,1
186,2,0,0
187,2,0,0
188,1,0,0
189,2,0,0
190,2,0,0
191,2,0,0
192,2,0,0
193,2,0,0
194,2,0,0
195,2,0,0
196,3,0,0
197,2,0,0
198,2,0,0
199,3,0,0
200,2,0,0
201,3,0,0
202,2,0,0
203,3,0,0
204,3,0,0
205,4,0,0
206,4,0,0
207,4,0,0
208,3,0,0
209,3,0,0
210,3,0,0
211,3,0,0
212,3,0,0
213,3,0,0
214,3,0,0
215,3,0,0
216,3,0,0
217,3,0,0
218,3,0,0
219,3,2,1
220,3,0,0
221,3,0,0
222,3,0,0
223,3,0,0
224,2,2,1
225,2,0,0
226,2,0,0
227,2,0,0
228,1,0,0
229,1,0,0
230,1,0,0
231,1,0,0
232,1,0,0
233,1,0,0
234,1,0,0
235,1,0,0
236,2,0,0
237,1,0,0
238,2,0,0
239,2,0,0
240,1,0,0
241,1,0,0
242,1,0,0
243,1,0,0
244,1,0,0
245,1,0,0
246,3,0,0
247,2,0,0
248,2,0,0
249,3,0,0
250,2,0,0
251,2,0,0
252,2,0,0
253,2,0,0
254,2,0,0
255,2,0,0
256,2,0,0
257,2,0,0
258,3,0,0
259,2,0,0
260,2,0,0
261,2,0,0
262,2,0,0
263,2,0,0
264,2,0,0
265,2,0,0
266,3,0,0
267,2,0,0
268,2,0,0
269,2,0,0
270,2,0,0
271,2,0,0
272,2,0,0
273,2,2,1
274,2,0,0
275,2,0,0
276,2,0,0
277,2,0,0
278,2,0,0
279,2,0,0
280,2,0,0
281,2,0,0
282,3,0,0
283,2,0,0
284,2,0,0
285,2,2,1
286,2,0,0
287,2,0,0
288,2,2,1
289,3,0,0
290,3,0,0
291,4,0,0
292,3,0,0
293,2,0,0
294,3,0,0
295,3,0,0
296,3,2,1
297,3,0,0
298,3,0,0
299,3,0,0
300,3,0,0
301,3,0,0
302,3,0,0
303,3,0,0
304,3,0,0
305,3,0,0
306,4,0,0
307,4,0,0
308,3,0,0
309,2,0,0
310,2,0,0
311,2,0,0
312,2,0,0
313,2,0,0
314,2,0,0
315,2,0,0
316,2,0,0
317,2,0,0
318,2,0,0
319,2,0,0
320,2,0,0
321,2,0,0
322,2,0,0
323,2,0,0
324,1,0,0
325,1,0,0
326,1,0,0
327,1,0,0
328,2,0,0
329,1,0,0
330,1,0,0
331,1,0,0
332,2,0,0
333,3,0,0
334,2,0,0
335,2,0,0
336,2,0,0
337,2,0,0
338,2,0,0
339,2,0,0
340,2,0,0
341,2,0,0
342,2,0,0
343,2,0,0
344,2,0,0
345,2,0,0
346,2,0,0
347,2,0,0
348,2,0,0
349,2,0,0
350,3,0,0
351,3,0,0
352,3,0,0
353,3,0,0
354,2,0,0
355,2,0,0
356,1,0,0
357,1,0,0
358,1,0,0
359,2,0,0
360,2,0,0
361,2,0,0
362,2,0,0
363,2,0,0
364,2,0,0
365,2,0,0
366,2,0,0
367,2,0,0
368,2,0,0
369,2,0,0
370,2,0,0
371,2,0,0
372,2,0,0
373,2,0,0
374,2,0,0
375,2,0,0
376,2,0,0
377,1,0,0
378,2,0,0
379,1,0,0
380,1,0,0
381,1,0,0
382,1,0,0
383,1,0,0
384,1,0,0
385,1,0,0
386,1,0,0
387,1,0,0
388,1,0,0
389,1,0,0
390,1,0,0
391,1,0,0
392,1,0,0
393,2,0,0
394,2,0,0
395,1,0,0
396,1,0,0
397,1,0,0
398,1,0,0
399,1,0,0
400,1,0,0
401,1,0,0
402,1,0,0
403,1,0,0
404,1,0,0
405,1,0,0
406,1,0,0
407,1,0,0
408,1,0,0
409,1,0,0
410,1,0,0
411,1,0,0
412,1,0,0
413,1,0,0
414,1,0,0
415,2,0,0
416,2,0,0
417,2,2,1
418,2,2,1
419,2,2,1
420,2,0,0
421,2,0,0
422,2,0,0
423,2,0,0
424,2,0,0
425,2,0,0
426,2,0,0
427,3,0,0
428,2,0,0
429,2,0,0
430,2,0,0
431,2,0,0
432,2,0,0
433,2,0,0
434,2,0,0
435,2,0,0
436,2,0,0
437,2,0,0
438,2,0,0
439,2,0,0
440,2,0,0
441,2,0,0
442,2,0,0
443,1,0,0
444,1,0,0
445,1,0,0
446,2,0,0
447,1,0,0
448,2,0,0
449,2,0,0
450,2,0,0
451,2,0,0
452,1,0,0
453,1,0,0
454,1,0,0
455,1,0,0
456,1,0,0
457,1,0,0
458,0,0,0
459,1,0,0
460,3,2,1
461,2,2,1
462,2,2,1
463,2,2,1
464,2,2,1
465,2,2,1
466,2,2,1
467,2,0,0
468,2,0,0
469,2,0,0
470,2,0,0
471,2,0,0
472,2,0,0
473,2,0,0
474,2,0,0
475,2,0,0
476,4,0,0
477,4,0,0
478,4,0,0
479,2,0,0
480,2,0,0
481,2,0,0
482,2,0,0
483,1,0,0
484,1,0,0
485,1,0,0
486,1,0,0
487,1,0,0
488,1,0,0
489,2,0,0
490,3,0,0
491,3,0,0
492,3,0,0
493,3,0,0
494,4,0,0
495,3,0,0
496,3,0,0
497,3,0,0
498,3,0,0
499,3,2,1
500,3,0,0
501,3,0,0
502,3,0,0
503,3,0,0
504,3,0,0
505,3,0,0
506,3,0,0
507,3,0,0
508,3,0,0
509,3,2,1
510,3,2,1
511,2,0,0
512,3,0,0
513,3,0,0
514,4,0,0
515,4,0,0
516,4,0,0
517,4,0,0
518,4,0,0
519,3,0,0
520,3,0,0
521,3,0,0
522,3,0,0
523,3,0,0
524,3,0,0
525,3,0,0
526,2,0,0
527,3,0,0
528,4,0,0
529,4,0,0
530,4,0,0
531,4,0,0
532,3,0,0
533,4,0,0
534,2,0,0
535,2,0,0
536,2,0,0
537,2,0,0
538,2,0,0
539,2,0,0
540,2,0,0
541,2,0,0
542,2,0,0
543,2,0,0
544,1,0,0
545,1,0,0
546,3,0,0
547,1,0,0
548,1,0,0
549,1,0,0
550,1,0,0
551,1,0,0
552,2,0,0
553,1,0,0
554,1,0,0
555,1,0,0
556,1,0,0
557,1,0,0
558,1,0,0
559,1,0,0
560,1,0,0
561,1,0,0
562,1,0,0
563,1,0,0
564,1,0,0
565,1,0,0
566,0,0,0
567,0,0,0
568,0,0,0
569,1,0,0
570,0,0,0
571,0,0,0
572,2,0,0
573,2,0,0
574,1,0,0
575,2,0,0
576,3,0,0
577,2,0,0
578,1,0,0
579,1,0,0
580,1,0,0
581,1,0,0
582,1,0,0
583,1,0,0
584,1,0,0
585,1,0,0
586,1,0,0
587,1,0,0
588,2,0,0
589,1,0,0
590,2,0,0
591,1,0,0
592,1,0,0
593,1,0,0
594,1,0,0
595,1,0,0
596,1,0,0
597,1,0,0
598,1,0,0
599,1,0,0
600,1,0,0
601,1,0,0
602,1,0,0
603,1,0,0
604,1,0,0
605,1,0,0
606,1,0,0
607,1,0,0
608,1,0,0
609,1,0,0
610,1,0,0
611,1,0,0
612,2,0,0
613,2,0,0
614,2,0,0
615,2,0,0
616,2,0,0
617,2,0,0
618,2,0,0
619,1,0,0
620,1,0,0
621,1,0,0
622,1,0,0
623,2,0,0
624,2,0,0
625,2,0,0
626,2,0,0
627,2,0,0
628,2,0,0
629,2,0,0
630,2,0,0
631,2,0,0
632,3,0,0
633,2,0,0
634,2,0,0
635,2,0,0
636,2,0,0
637,2,0,0
638,2,0,0
639,2,0,0
640,2,0,0
641,3,0,0
642,2,0,0
643,2,0,0
644,2,0,0
645,2,0,0
646,2,0,0
647,2,0,0
648,2,0,0
649,2,0,0
650,2,0,0
651,2,0,0
652,3,0,0
653,3,0,0
654,4,0,0
655,3,0,0
656,3,0,0
657,2,0,0
658,2,0,0
659,2,0,0
660,2,0,0
661,2,0,0
662,1,0,0
663,1,0,0
664,1,0,0
665,1,0,0
666,2,0,0
667,2,0,0
668,2,0,0
669,2,0,0
670,2,0,0
671,3,0,0
672,4,0,0
673,3,0,0
674,3,0,0
675,4,0,0
676,3,0,0
677,3,0,0
678,4,0,0
679,3,0,0
680,3,0,0
681,3,0,0
682,3,0,0
683,4,0,0
684,4,0,0
685,4,2,1
686,4,0,0
687,2,0,0
688,3,0,0
689,2,0,0
690,2,0,0
691,3,0,0
692,3,0,0
693,3,0,0
694,3,0,0
695,1,0,0
696,2,0,0
697,2,0,0
698,2,0,0
699,2,0,0
700,2,0,0
701,2,0,0
702,2,0,0
703,2,2,1
704,4,0,0
705,3,0,0
706,4,0,0
707,3,0,0
708,3,0,0
709,4,0,0
710,4,0,0
711,3,0,0
712,3,0,0
713,2,0,0
714,2,0,0
715,3,0,0
716,3,0,0
717,2,0,0
718,2,0,0
719,2,0,0
720,3,2,1
721,3,2,1
722,4,0,0
723,4,0,0
724,4,0,0
725,4,0,0
726,4,0,0
727,4,0,0
728,3,0,0
729,3,0,0
730,3,2,1
731,4,2,1
732,4,2,1
733,4,2,1
734,3,0,0
735,3,0,0
736,3,0,0
737,3,2,1
738,3,0,0
739,3,2,1
740,3,0,0
741,3,0,0
742,3,0,0
743,3,0,0
744,3,0,0
745,3,0,0
746,4,0,0
747,3,0,0
748,3,2,1
749,4,0,0
750,3,0,0
751,3,0,0
752,4,0,0
753,4,2,1
754,3,0,0
755,3,0,0
756,3,0,0
757,2,0,0
758,2,2,1
759,2,0,0
760,2,0,0
761,2,0,0
762,2,0,0
763,2,0,0
764,2,0,0
765,2,0,0
766,2,0,0
767,2,0,0
768,2,0,0
769,2,0,0
770,2,0,0
771,2,0,0
772,2,0,0
773,2,0,0
774,2,0,0
775,2,0,0
776,2,0,0
777,2,0,0
778,1,0,0
779,1,0,0
780,0,0,0
781,0,0,0
782,0,0,0
783,0,0,0
784,0,0,0
785,0,0,0
786,1,0,0
787,2,0,0
788,1,0,0
789,1,0,0
790,1,0,0
791,1,0,0
792,2,0,0
793,2,0,0
794,2,0,0
795,2,0,0
796,2,0,0
797,3,0,0
798,3,0,0
799,2,0,0
800,2,0,0
801,2,0,0
802,2,0,0
803,2,0,0
804,3,0,0
805,3,0,0
806,2,0,0
807,2,0,0
808,2,2,1
809,3,0,0
810,3,0,0
811,2,0,0
812,1,0,0
813,1,0,0
814,1,0,0
815,1,0,0
816,1,0,0
817,1,0,0
818,1,0,0
819,1,0,0
820,1,0,0
821,2,0,0
822,2,0,0
823,2,0,0
824,2,0,0
825,2,0,0
826,2,0,0
827,2,0,0
828,2,0,0
829,2,0,0
830,2,0,0
831,1,0,0
832,0,0,0
833,0,0,0
834,1,0,0
835,1,0,0
836,0,0,0
837,1,0,0
838,1,0,0
839,1,0,0
840,1,0,0
841,1,0,0
842,1,0,0
843,1,0,0
844,1,0,0
845,1,0,0
846,1,0,0
847,2,0,0
848,1,0,0
849,1,0,0
850,2,0,0
851,1,0,0
852,1,0,0
853,1,0,0
854,2,0,0
855,1,0,0
856,1,0,0
857,1,0,0
858,2,0,0
859,2,0,0
860,2,0,0
861,2,0,0
862,2,0,0
863,2,0,0
864,2,0,0
865,2,0,0
866,2,0,0
867,2,0,0
868,2,0,0
869,2,0,0
870,2,0,0
871,2,0,0
872,2,0,0
873,2,0,0
874,2,0,0
875,1,0,0
876,3,0,0
877,2,0,0
878,3,0,0
879,3,0,0
880,2,0,0
881,1,0,0
882,3,0,0
883,2,0,0
884,2,2,1
885,2,0,0
886,2,0,0
887,2,0,0
888,2,0,0
889,1,0,0
890,2,0,0
891,2,0,0
892,2,0,0
893,2,0,0
894,2,0,0
895,2,0,0
896,2,0,0
897,1,0,0
898,1,0,0
899,1,0,0
900,1,0,0
901,2,0,0
902,2,0,0
903,1,0,0
904,3,0,0
905,2,0,0
906,3,0,0
907,2,0,0
908,2,0,0
909,2,0,0
910,2,0,0
911,1,0,0
912,2,0,0
913,2,0,0
914,2,0,0
915,2,0,0
916,2,0,0
917,2,0,0
918,2,0,0
919,2,0,0
920,2,0,0
921,2,0,0
922,2,0,0
923,2,0,0
924,2,0,0
925,2,0,0
926,2,0,0
927,2,0,0
928,2,0,0
929,2,0,0
930,2,0,0
931,2,0,0
932,2,0,0
933,2,2,1
934,2,0,0
935,2,0,0
936,2,0,0
937,2,0,0
938,1,0,0
939,2,0,0
940,2,0,0
941,2,0,0
942,2,0,0
943,2,0,0
944,2,0,0
945,2,2,1
946,2,2,1
947,2,2,1
948,2,0,0
949,2,0,0
950,2,0,0
951,3,0,0
952,3,0,0
953,2,0,0
954,2,0,0
955,1,0,0
956,2,0,0
957,2,0,0
958,2,0,0
959,2,0,0
960,2,0,0
961,2,0,0
962,2,0,0
963,2,0,0
964,2,0,0
965,1,0,0
966,0,0,0
967,0,0,0
968,0,0,0
969,0,0,0
970,0,0,0
971,1,0,0
972,1,0,0
973,1,0,0
974,2,0,0
975,3,0,0
976,3,0,0
977,3,0,0
978,3,0,0
979,3,0,0
980,3,0,0
981,3,0,0
982,3,0,0
983,3,0,0
984,3,0,0
985,3,0,0
986,3,0,0
987,3,2,1
988,3,0,0
989,4,0,0
990,3,0,0
991,3,0,0
992,4,0,0
993,2,0,0
994,2,0,0
995,2,0,0
996,2,0,0
997,2,0,0
998,2,0,0
999,2,0,0
1000,2,0,0
1001,1,0,0
1002,1,0,0
1003,2,0,0
1004,2,0,0
1005,2,0,0
1006,2,0,0
1007,3,0,0
1008,2,0,0
1009,2,0,0
1010,2,0,0
1011,2,0,0
1012,2,0,0
1013,2,0,0
1014,2,0,0
1015,2,0,0
1016,2,0,0
1017,3,0,0
1018,3,0,0
1019,3,0,0
1020,3,2,1
1021,2,0,0
1022,3,0,0
1023,4,0,0
1024,3,0,0
1025,3,0,0
1026,3,2,1
1027,3,0,0
1028,3,0,0
1029,2,0,0
1030,3,0,0
1031,3,2,1
1032,4,2,1
1033,3,0,0
1034,3,0,0
1035,2,0,0
1036,2,0,0
1037,3,0,0
1038,3,0,0
1039,3,0,0
1040,3,0,0
1041,3,0,0
1042,3,0,0
1043,3,0,0
1044,3,0,0
1045,3,0,0
1046,3,0,0
1047,3,0,0
1048,4,0,0
1049,3,0,0
1050,3,0,0
1051,3,0,0
1052,3,0,0
1053,3,0,0
1054,3,2,1
1055,3,0,0
1056,3,0,0
1057,3,0,0
1058,4,0,0
1059,5,0,0
1060,4,3,2
1061,4,2,1
1062,4,0,0
1063,4,2,1
1064,4,0,0
1065,4,0,0
1066,4,0,0
1067,4,0,0
1068,4,2,1
1069,4,3,2
1070,4,3,3
1071,4,3,2
1072,4,3,3
1073,4,3,2
1074,4,3,2
1075,4,3,3
1076,4,3,2
1077,4,3,2
1078,4,3,2
1079,4,3,2
1080,4,3,3
1081,3,3,3
1082,3,3,2
1083,3,3,2
1084,3,2,1
1085,3,2,1
1086,3,2,1
1087,3,0,0
1088,3,0,0
1089,3,0,0
1090,3,0,0
1091,3,0,0
1092,3,0,0
1093,3,0,0
1094,3,0,0
1095,3,0,0
1096,3,0,0
1097,3,0,0
1098,3,0,0
1099,3,0,0
1100,2,0,0
1101,2,0,0
1102,2,0,0
1103,2,0,0
1104,2,0,0
1105,3,0,0
1106,3,0,0
1107,1,0,0
1108,1,0,0
1109,1,0,0
1110,1,0,0
1111,2,0,0
1112,2,0,0
1113,3,0,0
1114,3,0,0
1115,3,0,0
1116,3,0,0
1117,3,0,0
1118,2,0,0
1119,3,0,0
1120,2,0,0
1121,2,0,0
1122,2,0,0
1123,2,0,0
1124,3,0,0
1125,3,0,0
1126,3,0,0
1127,2,0,0
1128,3,0,0
1129,2,0,0
1130,2,2,1
1131,2,2,1
1132,2,2,1
1133,2,2,1
1134,2,0,0
1135,2,0,0
1136,2,0,0
1137,2,0,0
1138,2,0,0
1139,2,0,0
1140,2,0,0
1141,3,0,0
1142,2,0,0
1143,2,0,0
1144,1,0,0
1145,2,0,0
1146,1,0,0
1147,1,0,0
1148,1,0,0
1149,2,0,0
1150,2,0,0
1151,2,0,0
1152,2,0,0
1153,2,2,1
1154,2,2,1
1155,2,0,0
1156,2,0,0
1157,2,0,0
1158,1,0,0
1159,1,0,0
1160,1,0,0
1161,1,0,0
1162,2,2,1
1163,2,2,1
1164,2,0,0
1165,2,0,0
1166,2,0,0
1167,2,0,0
1168,3,0,0
1169,2,0,0
1170,3,0,0
1171,2,0,0
1172,2,0,0
1173,2,0,0
1174,3,2,1
1175,2,2,1
1176,3,2,1
1177,3,2,1
1178,3,2,1
1179,2,0,0
1180,3,0,0
1181,3,0,0
1182,2,0,0
1183,2,0,0
1184,2,0,0
1185,2,0,0
1186,2,0,0
1187,3,0,0
1188,2,0,0
1189,2,0,0
1190,2,0,0
1191,2,0,0
1192,2,0,0
1193,2,0,0
1194,2,0,0
1195,2,0,0
1196,2,0,0
1197,2,0,0
1198,2,0,0
1199,3,0,0
1200,3,0,0
1201,2,0,0
1202,3,0,0
1203,3,0,0
1204,2,0,0
1205,2,0,0
1206,2,0,0
1207,2,0,0
1208,2,0,0
1209,2,0,0
1210,1,0,0
1211,2,0,0
1212,1,0,0
1213,1,0,0
1214,2,0,0
1215,3,0,0
1216,3,0,0
1217,3,0,0
1218,3,0,0
1219,4,0,0
1220,3,0,0
1221,4,2,1
1222,4,0,0
1223,4,0,0
1224,4,0,0
1225,3,2,1
1226,2,0,0
1227,3,0,0
1228,3,0,0
1229,3,0,0
1230,4,0,0
1231,4,0,0
1232,3,0,0
1233,3,0,0
1234,3,0,0
1235,3,2,1
1236,3,0,0
1237,4,0,0
1238,2,0,0
1239,3,0,0
1240,3,0,0
1241,2,0,0
1242,3,0,0
1243,5,0,0
1244,4,0,0
1245,4,0,0
1246,4,3,3
1247,4,3,3
1248,4,3,3
1249,3,3,2
1250,4,2,1
1251,5,2,1
1252,5,2,1
1253,4,0,0
1254,4,2,1
1255,5,2,1
1256,4,3,2
1257,4,3,2
1258,4,3,2
1259,4,2,1
1260,4,2,1
1261,5,2,1
1262,4,0,0
1263,4,0,0
1264,3,0,0
1265,3,0,0
1266,3,0,0
1267,3,0,0
1268,3,0,0
1269,3,0,0
1270,3,0,0
1271,3,0,0
1272,3,0,0
1273,3,0,0
1274,3,3,3
1275,3,3,2
1276,3,3,2
1277,3,3,2
1278,3,3,3
1279,3,3,3
1280,3,3,3
1281,3,3,3
1282,3,3,3
1283,3,3,3
1284,3,3,3
1285,3,3,2
1286,3,0,0
1287,3,0,0
1288,3,2,1
1289,3,2,1
1290,3,2,1
1291,3,0,0
1292,3,0,0
1293,3,0,0
1294,3,2,1
1295,3,2,1
1296,4,2,1
1297,3,0,0
1298,3,0,0
1299,3,0,0
1300,2,0,0
1301,2,0,0
1302,2,0,0
1303,2,0,0
1304,2,0,0
1305,3,0,0
1306,2,0,0
1307,2,0,0
1308,2,0,0
1309,2,0,0
1310,2,0,0
1311,2,0,0
1312,2,0,0
1313,2,0,0
1314,2,0,0
1315,2,0,0
1316,3,0,0
1317,3,0,0
1318,3,0,0
1319,3,2,1
1320,2,0,0
1321,2,0,0
1322,2,0,0
1323,2,0,0
1324,2,0,0
1325,2,0,0
1326,3,0,0
1327,2,0,0
1328,2,0,0
1329,1,0,0
1330,1,0,0
1331,2,0,0
1332,2,0,0
1333,2,0,0
1334,2,0,0
1335,3,0,0
1336,3,0,0
1337,3,0,0
1338,3,0,0
1339,3,0,0
1340,3,0,0
1341,3,0,0
1342,4,0,0
1343,4,0,0
1344,2,0,0
1345,2,0,0
1346,3,0,0
1347,3,2,1
1348,3,0,0
1349,3,0,0
1350,4,0,0
1351,3,0,0
1352,2,0,0
1353,2,0,0
1354,2,0,0
1355,2,0,0
1356,2,0,0
1357,2,0,0
1358,2,0,0
1359,2,0,0
1360,2,0,0
1361,2,0,0
1362,2,0,0
1363,2,0,0
1364,2,0,0
1365,2,0,0
1366,2,0,0
1367,2,0,0
1368,2,0,0
1369,2,0,0
1370,2,0,0
1371,2,0,0
1372,2,0,0
1373,2,0,0
1374,2,0,0
1375,2,0,0
1376,1,0,0
1377,2,0,0
1378,1,0,0
1379,2,0,0
1380,2,0,0
1381,2,0,0
1382,2,0,0
1383,2,0,0
1384,2,0,0
1385,2,0,0
1386,2,0,0
1387,2,0,0
1388,2,0,0
1389,2,0,0
1390,2,0,0
1391,2,0,0
1392,2,0,0
1393,2,0,0
1394,2,0,0
1395,2,0,0
1396,2,0,0
1397,2,0,0
1398,2,0,0
1399,2,0,0
1400,4,0,0
1401,3,0,0
1402,2,0,0
1403,1,0,0
1404,2,0,0
1405,2,0,0
1406,3,0,0
1407,2,0,0
1408,2,0,0
1409,2,0,0
1410,2,0,0
1411,3,0,0
1412,3,0,0
1413,3,0,0
1414,3,0,0
1415,3,0,0
1416,4,0,0
1417,3,0,0
1418,3,0,0
1419,4,0,0
1420,4,0,0
1421,2,0,0
1422,3,0,0
1423,2,0,0
1424,2,0,0
1425,2,2,1
1426,2,0,0
1427,3,0,0
1428,2,0,0
1429,1,0,0
1430,2,0,0
1431,3,0,0
1432,2,0,0
1433,3,0,0
1434,3,0,0
1435,3,2,1
1436,3,0,0
1437,3,0,0
1438,3,0,0
1439,3,0,0
1440,3,0,0
1441,3,0,0
1442,2,0,0
1443,2,0,0
1444,2,0,0
1445,3,0,0
1446,2,0,0
1447,2,0,0
1448,2,0,0
1449,2,0,0
1450,2,0,0
1451,2,0,0
1452,1,0,0
1453,1,0,0
1454,1,0,0
1455,1,0,0
1456,1,0,0
1457,1,0,0
1458,1,0,0
1459,1,0,0
1460,1,0,0
1461,1,0,0
1462,2,0,0
1463,1,0,0
1464,1,0,0
1465,2,0,0
1466,2,0,0
1467,2,0,0
1468,2,0,0
1469,2,0,0
1470,2,0,0
1471,4,2,1
1472,4,0,0
1473,4,0,0
1474,4,0,0
1475,4,0,0
1476,3,0,0
1477,3,0,0
1478,2,0,0
1479,2,0,0
1480,2,0,0
1481,2,0,0
1482,2,0,0
1483,2,0,0
1484,2,0,0
1485,2,0,0
1486,1,0,0
1487,2,0,0
1488,2,0,0
1489,2,0,0
1490,2,0,0
1491,2,0,0
1492,2,0,0
1493,2,0,0
1494,2,0,0
1495,2,0,0
1496,2,0,0
1497,2,0,0
1498,2,2,1
1499,2,0,0
1500,2,0,0
1501,2,0,0
1502,2,0,0
1503,2,0,0
1504,2,0,0
1505,2,0,0
1506,2,0,0
1507,2,0,0
1508,2,0,0
1509,2,0,0
1510,2,0,0
1511,3,0,0
1512,2,0,0
1513,2,0,0
1514,2,0,0
1515,2,0,0
1516,2,0,0
1517,2,0,0
1518,2,0,0
1519,3,0,0
1520,3,0,0
1521,2,0,0
1522,2,0,0
1523,3,0,0
1524,3,0,0
1525,3,0,0
1526,3,0,0
1527,3,0,0
1528,3,0,0
1529,3,0,0
1530,3,0,0
1531,2,0,0
1532,3,0,0
1533,3,0,0
1534,2,0,0
1535,2,0,0
1536,2,0,0
1537,1,0,0
1538,1,0,0
1539,2,0,0
1540,2,0,0
1541,2,0,0
1542,2,0,0
1543,2,0,0
1544,1,0,0
1545,1,0,0
1546,1,0,0
1547,1,0,0
1548,2,0,0
1549,1,0,0
1550,1,0,0
1551,1,0,0
1552,2,0,0
1553,2,0,0
1554,2,0,0
1555,2,0,0
1556,2,0,0
1557,3,0,0
1558,3,0,0
1559,2,0,0
1560,2,0,0
1561,2,0,0
1562,2,0,0
1563,2,0,0
1564,3,0,0
1565,3,0,0
1566,1,0,0
1567,2,0,0
1568,1,0,0
1569,2,0,0
1570,2,0,0
1571,1,0,0
1572,1,0,0
1573,1,0,0
1574,1,0,0
1575,1,0,0
1576,1,0,0
1577,1,0,0
1578,1,0,0
1579,1,0,0
1580,1,0,0
1581,1,0,0
1582,1,0,0
1583,1,0,0
1584,1,0,0
1585,1,0,0
1586,1,0,0
1587,2,0,0
1588,2,0,0
1589,1,0,0
1590,2,0,0
1591,1,0,0
1592,1,0,0
1593,1,0,0
1594,2,0,0
1595,1,0,0
1596,1,0,0
1597,2,2,1
1598,2,0,0
1599,1,0,0
1600,1,0,0
1601,1,0,0
1602,1,0,0
1603,1,0,0
1604,1,0,0
1605,1,0,0
1606,2,0,0
1607,2,0,0
1608,2,0,0
1609,1,0,0
1610,1,0,0
1611,1,0,0
1612,1,0,0
1613,1,0,0
1614,1,0,0
1615,1,0,0
1616,1,0,0
1617,1,0,0
1618,2,0,0
1619,1,0,0
1620,1,0,0
1621,1,0,0
1622,1,0,0
1623,1,0,0
1624,2,0,0
1625,1,0,0
1626,1,0,0
1627,1,0,0
1628,1,0,0
1629,1,0,0
1630,1,0,0
1631,1,0,0
1632,1,0,0
1633,1,0,0
1634,1,0,0
1635,1,0,0
1636,1,0,0
1637,1,0,0
1638,3,0,0
1639,2,0,0
1640,2,0,0
1641,2,0,0
1642,2,0,0
1643,1,0,0
1644,2,0,0
1645,2,0,0
1646,2,0,0
1647,3,0,0
1648,2,0,0
1649,2,0,0
1650,2,0,0
1651,2,0,0
1652,2,0,0
1653,2,0,0
1654,2,0,0
1655,2,0,0
1656,2,0,0
1657,2,0,0
1658,2,0,0
1659,2,0,0
1660,3,0,0
1661,1,0,0
1662,1,0,0
1663,1,0,0
1664,1,0,0
1665,1,0,0
1666,1,0,0
1667,1,0,0
1668,1,0,0
1669,1,0,0
1670,1,0,0
1671,1,0,0
1672,1,0,0
1673,1,0,0
1674,1,0,0
1675,1,0,0
1676,1,0,0
1677,1,0,0
1678,2,0,0
1679,2,0,0
1680,2,0,0
1681,2,0,0
1682,1,0,0
1683,1,0,0
1684,1,0,0
1685,1,0,0
1686,2,0,0
1687,1,0,0
1688,1,0,0
1689,1,0,0
1690,1,0,0
1691,1,0,0
1692,1,0,0
1693,1,0,0
1694,1,0,0
1695,1,0,0
1696,1,0,0
1697,1,0,0
1698,1,0,0
1699,1,0,0
1700,1,0,0
1701,1,0,0
1702,1,0,0
1703,1,0,0
1704,1,0,0
1705,1,0,0
1706,1,0,0
1707,1,0,0
1708,2,0,0
1709,1,0,0
1710,1,0,0
1711,1,0,0
1712,2,0,0
1713,2,0,0
1714,2,2,1
1715,2,2,1
1716,2,2,1
1717,2,0,0
1718,3,0,0
1719,2,0,0
1720,2,0,0
1721,2,0,0
1722,2,0,0
1723,2,0,0
1724,2,0,0
1725,3,0,0
1726,1,0,0
1727,1,0,0
1728,1,0,0
1729,1,0,0
1730,1,0,0
1731,1,0,0
1732,1,0,0
1733,1,0,0
1734,1,0,0
1735,2,0,0
1736,3,0,0
1737,2,0,0
1738,3,0,0
1739,1,0,0
1740,1,0,0
1741,2,0,0
1742,3,0,0
1743,2,0,0
1744,2,0,0
1745,2,0,0
1746,1,0,0
1747,2,0,0
1748,1,0,0
1749,1,0,0
1750,2,0,0
1751,2,0,0
1752,2,0,0
1753,2,0,0
1754,2,0,0
1755,2,0,0
1756,2,0,0
1757,2,0,0
1758,2,0,0
1759,3,0,0
1760,3,0,0
1761,3,0,0
1762,3,0,0
1763,3,0,0
1764,3,0,0
1765,3,0,0
1766,3,0,0
1767,3,0,0
1768,3,0,0
1769,3,0,0
1770,3,0,0
1771,3,0,0
1772,2,0,0
1773,3,0,0
1774,3,0,0
1775,4,0,0
1776,4,0,0
1777,4,0,0
1778,4,0,0
1779,4,0,0
1780,3,0,0
1781,3,0,0
1782,3,0,0
1783,3,0,0
1784,3,0,0
1785,3,0,0
1786,2,0,0
1787,3,0,0
1788,2,0,0
1789,1,0,0
1790,2,0,0
1791,2,0,0
1792,2,0,0
1793,2,0,0
1794,2,0,0
1795,2,0,0
1796,2,0,0
1797,2,0,0
1798,2,0,0
1799,2,0,0
1800,2,0,0
1801,2,0,0
1802,2,0,0
1803,2,0,0
1804,2,0,0
1805,2,0,0
1806,2,0,0
1807,2,0,0
1808,2,0,0
1809,2,0,0
1810,3,0,0
1811,3,0,0
1812,3,0,0
1813,3,0,0
1814,3,0,0
1815,3,0,0
1816,3,0,0
1817,3,0,0
1818,3,0,0
1819,3,0,0
1820,3,0,0
1821,3,0,0
1822,3,0,0
1823,3,0,0
1824,3,0,0
1825,3,0,0
1826,3,0,0
1827,3,2,1
1828,3,0,0
1829,3,0,0
1830,3,0,0
1831,3,0,0
1832,4,0,0
1833,4,0,0
1834,4,0,0
1835,4,2,1
1836,5,2,1
1837,5,4,3
1838,5,3,3
1839,5,3,3
1840,4,3,3
1841,4,3,3
1842,5,4,5
1843,5,4,3
1844,4,4,3
1845,4,4,4
1846,4,4,4
1847,4,4,5
1848,4,4,4
1849,4,4,4
1850,4,4,5
1851,4,4,4
1852,4,4,3
1853,4,4,5
1854,4,4,5
1855,5,4,5
1856,5,4,5
1857,5,5,4
1858,5,5,6
1859,6,5,7
1860,5,5,7
1861,5,5,7
1862,5,5,7
1863,5,5,7
1864,5,5,6
1865,5,5,6
1866,5,5,6
1867,5,5,6
1868,5,5,7
1869,5,5,6
1870,5,5,7
1871,5,5,7
1872,5,5,6
1873,5,5,6
1874,5,5,7
1875,5,5,7
1876,5,5,7
1877,5,5,7
1878,5,4,4
1879,5,4,5
1880,5,4,5
1881,4,4,5
1882,5,4,4
1883,5,4,4
1884,5,4,4
1885,6,5,5
1886,6,4,5
1887,5,4,3
1888,5,4,5
1889,5,4,4
1890,5,4,4
1891,5,4,4
1892,5,4,5
1893,4,3,2
1894,4,3,2
1895,5,4,5
1896,4,4,4
1897,5,4,3
1898,5,3,3
1899,5,4,5
1900,6,5,7
1901,6,5,7
1902,6,5,7
1903,6,5,6
1904,6,5,7
1905,6,5,7
1906,5,5,6
1907,5,5,5
1908,4,4,4
1909,5,5,6
1910,5,5,7
1911,5,5,7
1912,5,5,7
1913,5,5,7
1914,5,5,7
1915,5,5,7
1916,5,5,7
1917,5,5,7
1918,5,5,6
1919,5,5,7
1920,5,5,7
1921,5,5,7
1922,5,5,7
1923,5,5,6
1924,5,5,5
1925,5,5,5
1926,5,5,6
1927,5,5,7
1928,5,5,7
1929,5,5,7
1930,5,5,6
1931,5,5,7
1932,5,5,7
1933,5,5,7
1934,6,5,6
1935,6,5,7
1936,5,5,5
1937,5,5,7
1938,5,5,5
1939,5,5,7
1940,6,5,7
1941,5,5,7
1942,5,5,7
1943,5,5,6
1944,5,5,6
1945,5,5,7
1946,5,5,7
1947,5,5,7
1948,5,5,7
1949,5,5,7
1950,5,5,7
1951,5,5,7
1952,5,5,7
1953,4,4,5
1954,5,4,4
1955,6,5,6
1956,6,4,3
1957,6,4,5
1958,6,4,4
1959,6,4,5
1960,6,4,5
1961,6,5,6
1962,5,4,4
1963,6,5,7
1964,6,4,4
1965,6,4,5
1966,6,4,5
1967,6,4,5
1968,5,3,3
1969,6,4,5
1970,5,4,5
1971,5,4,5
1972,5,4,4
1973,6,4,4
1974,5,4,5
1975,5,4,5
1976,5,4,4
1977,5,4,4
1978,5,4,5
1979,5,4,4
1980,5,4,4
1981,6,4,3
1982,6,4,5
1983,6,4,3
1984,6,4,5
1985,6,5,6
1986,5,3,2
1987,6,5,6
1988,6,5,6
1989,6,5,4
1990,6,4,4
1991,5,4,4
1992,4,4,4
1993,4,4,4
1994,4,4,4
1995,4,3,3
1996,4,3,3
1997,4,4,5
1998,4,4,5
1999,4,4,4
