0,1,0,0
1,1,0,0
2,1,0,0
3,2,0,0
4,2,0,0
5,2,0,0
6,2,0,0
7,1,0,0
8,1,0,0
9,1,0,0
10,2,0,0
11,1,0,0
12,2,0,0
13,4,0,0
14,2,0,0
15,1,0,0
16,1,0,0
17,1,0,0
18,1,0,0
19,1,0,0
20,1,0,0
21,1,0,0
22,2,0,0
23,2,0,0
24,2,0,0
25,2,0,0
26,2,0,0
27,2,0,0
28,2,0,0
29,2,0,0
30,2,0,0
31,3,0,0
32,2,0,0
33,2,0,0
34,2,0,0
35,2,0,0
36,2,0,0
37,2,0,0
38,2,0,0
39,2,2,1
40,2,0,0
41,2,0,0
42,2,0,0
43,2,0,0
44,1,0,0
45,2,0,0
46,2,0,0
47,2,0,0
48,2,0,0
49,1,0,0
50,1,0,0
51,1,0,0
52,1,0,0
53,1,0,0
54,0,0,0
55,0,0,0
56,1,0,0
57,2,0,0
58,2,0,0
59,2,0,0
60,2,0,0
61,1,0,0
62,1,0,0
63,1,0,0
64,1,0,0
65,1,0,0
66,1,0,0
67,1,0,0
68,1,0,0
69,1,0,0
70,1,0,0
71,1,0,0
72,2,0,0
73,3,0,0
74,1,0,0
75,1,0,0
76,1,0,0
77,1,0,0
78,2,0,0
79,2,0,0
80,2,0,0
81,2,0,0
82,1,0,0
83,1,0,0
84,1,0,0
85,2,0,0
86,2,0,0
87,2,0,0
88,3,0,0
89,3,0,0
90,4,0,0
91,2,0,0
92,2,0,0
93,2,0,0
94,2,0,0
95,2,0,0
96,2,0,0
97,2,0,0
98,2,0,0
99,2,0,0
100,2,0,0
101,2,0,0
102,2,0,0
103,2,0,0
104,2,0,0
105,1,0,0
106,1,0,0
107,1,0,0
108,2,0,0
109,2,0,0
110,2,2,1
111,3,3,2
112,3,2,1
113,3,3,3
114,3,3,2
115,3,2,1
116,3,2,1
117,4,3,3
118,3,3,2
119,4,4,4
120,3,3,2
121,4,4,3
122,4,4,5
123,4,4,4
124,4,4,5
125,4,4,4
126,4,4,5
127,4,3,3
128,4,3,2
129,4,3,2
130,4,3,3
131,4,3,3
132,4,3,3
133,4,4,4
134,4,4,3
135,4,4,3
136,4,4,4
137,4,4,4
138,4,3,3
139,4,4,4
140,5,3,3
141,5,3,3
142,5,3,3
143,5,3,3
144,5,3,3
145,5,3,3
146,4,3,3
147,4,3,2
148,4,3,3
149,5,3,3
150,5,3,2
151,4,3,3
152,4,3,3
153,4,3,2
154,4,3,2
155,4,3,2
156,4,3,2
157,4,3,3
158,4,3,3
159,4,3,2
160,4,3,2
161,5,0,0
162,4,0,0
163,3,0,0
164,3,0,0
165,3,0,0
166,3,0,0
167,3,0,0
168,3,0,0
169,3,0,0
170,3,0,0
171,3,3,2
172,3,2,1
173,3,2,1
174,3,0,0
175,3,0,0
176,3,0,0
177,3,0,0
178,3,2,1
179,3,0,0
180,3,0,0
181,3,2,1
182,3,0,0
183,3,0,0
184,3,0,0
185,3,2,1
186,3,0,0
187,3,0,0
188,3,0,0
189,3,0,0
190,3,0,0
191,3,0,0
192,4,2,1
193,3,0,0
194,2,0,0
195,2,2,1
196,2,0,0
197,2,0,0
198,2,0,0
199,3,0,0
200,2,0,0
201,2,0,0
202,3,0,0
203,2,0,0
204,1,0,0
205,2,0,0
206,2,0,0
207,2,0,0
208,3,0,0
209,3,0,0
210,3,0,0
211,1,0,0
212,4,0,0
213,3,0,0
214,3,0,0
215,4,0,0
216,4,2,1
217,4,0,0
218,4,0,0
219,4,0,0
220,4,2,1
221,4,0,0
222,4,2,1
223,4,3,2
224,4,2,1
225,4,0,0
226,4,0,0
227,4,0,0
228,4,0,0
229,4,0,0
230,4,0,0
231,4,0,0
232,2,0,0
233,2,0,0
234,2,0,0
235,2,0,0
236,2,0,0
237,2,0,0
238,1,0,0
239,2,2,1
240,2,0,0
241,1,0,0
242,1,0,0
243,1,0,0
244,2,0,0
245,2,0,0
246,2,0,0
247,2,0,0
248,2,0,0
249,2,0,0
250,2,2,1
251,2,2,1
252,2,0,0
253,3,0,0
254,3,0,0
255,3,2,1
256,3,3,2
257,3,0,0
258,3,0,0
259,3,0,0
260,3,0,0
261,3,0,0
262,3,0,0
263,3,0,0
264,3,0,0
265,4,0,0
266,4,0,0
267,4,0,0
268,5,0,0
269,5,2,1
270,5,0,0
271,4,0,0
272,5,0,0
273,4,0,0
274,4,0,0
275,4,0,0
276,4,0,0
277,3,2,1
278,4,0,0
279,5,0,0
280,5,3,2
281,5,2,1
282,4,2,1
283,4,2,1
284,5,2,1
285,4,0,0
286,4,0,0
287,4,0,0
288,5,2,1
289,4,2,1
290,3,2,1
291,4,3,2
292,4,3,2
293,4,3,2
294,4,3,2
295,4,4,3
296,4,3,2
297,4,0,0
298,4,0,0
299,4,0,0
300,4,0,0
301,4,2,1
302,4,0,0
303,5,0,0
304,4,0,0
305,4,0,0
306,4,2,1
307,4,0,0
308,4,0,0
309,4,0,0
310,4,0,0
311,2,0,0
312,2,0,0
313,3,0,0
314,4,0,0
315,4,2,1
316,3,0,0
317,3,0,0
318,3,0,0
319,3,0,0
320,3,0,0
321,2,0,0
322,2,0,0
323,2,0,0
324,2,0,0
325,2,0,0
326,2,0,0
327,2,0,0
328,3,0,0
329,2,0,0
330,2,0,0
331,2,0,0
332,2,0,0
333,2,0,0
334,1,0,0
335,1,0,0
336,0,0,0
337,0,0,0
338,1,0,0
339,1,0,0
340,0,0,0
341,1,0,0
342,1,0,0
343,1,0,0
344,1,0,0
345,1,0,0
346,1,0,0
347,1,0,0
348,2,0,0
349,2,0,0
350,3,2,1
351,3,0,0
352,3,2,1
353,3,2,1
354,3,0,0
355,3,0,0
356,2,0,0
357,2,0,0
358,2,0,0
359,2,0,0
360,2,0,0
361,2,0,0
362,2,0,0
363,2,0,0
364,3,0,0
365,3,0,0
366,3,0,0
367,3,0,0
368,3,0,0
369,3,2,1
370,3,0,0
371,3,2,1
372,3,0,0
373,3,0,0
374,4,2,1
375,4,2,1
376,4,0,0
377,4,0,0
378,4,2,1
379,4,0,0
380,3,0,0
381,3,0,0
382,3,0,0
383,2,0,0
384,2,0,0
385,3,0,0
386,3,0,0
387,3,0,0
388,3,0,0
389,3,0,0
390,3,0,0
391,3,0,0
392,3,0,0
393,2,0,0
394,2,2,1
395,2,2,1
396,2,2,1
397,2,2,1
398,2,2,1
399,2,0,0
400,2,0,0
401,2,0,0
402,2,0,0
403,3,0,0
404,1,0,0
405,1,0,0
406,1,0,0
407,1,0,0
408,2,0,0
409,2,0,0
410,2,0,0
411,2,0,0
412,2,0,0
413,1,0,0
414,1,0,0
415,2,0,0
416,2,0,0
417,2,0,0
418,1,0,0
419,1,0,0
420,1,0,0
421,1,0,0
422,2,0,0
423,2,0,0
424,2,0,0
425,2,0,0
426,2,0,0
427,2,0,0
428,2,0,0
429,1,0,0
430,2,0,0
431,3,0,0
432,3,0,0
433,3,0,0
434,3,0,0
435,1,0,0
436,1,0,0
437,2,0,0
438,2,0,0
439,1,0,0
440,1,0,0
441,2,0,0
442,2,0,0
443,2,0,0
444,2,0,0
445,2,0,0
446,3,0,0
447,3,0,0
448,2,0,0
449,2,0,0
450,3,0,0
451,3,0,0
452,3,0,0
453,3,2,1
454,3,0,0
455,3,0,0
456,3,0,0
457,3,0,0
458,2,0,0
459,3,0,0
460,3,0,0
461,3,0,0
462,3,0,0
463,3,0,0
464,3,0,0
465,3,0,0
466,3,0,0
467,3,0,0
468,3,2,1
469,3,0,0
470,3,0,0
471,3,0,0
472,3,0,0
473,3,0,0
474,3,0,0
475,3,0,0
476,3,0,0
477,3,0,0
478,3,0,0
479,3,2,1
480,3,0,0
481,3,0,0
482,3,3,2
483,3,3,3
484,4,4,3
485,4,4,3
486,4,4,4
487,4,4,5
488,4,4,5
489,4,4,5
490,4,4,5
491,4,4,5
492,4,4,3
493,4,4,4
494,4,4,5
495,4,4,5
496,4,4,4
497,4,4,4
498,4,4,3
499,4,4,4
500,4,4,3
501,4,4,5
502,4,4,4
503,5,4,5
504,4,4,4
505,4,4,5
506,4,3,3
507,5,3,3
508,5,3,2
509,5,3,3
510,4,2,1
511,5,3,2
512,5,3,3
513,5,3,3
514,4,2,1
515,3,3,3
516,3,3,2
517,3,3,2
518,3,3,3
519,3,3,2
520,3,3,2
521,3,3,3
522,3,3,3
523,3,3,3
524,3,3,3
525,3,3,3
526,4,3,2
527,3,3,2
528,3,3,2
529,3,3,2
530,3,3,3
531,3,3,3
532,3,3,3
533,4,3,3
534,5,3,3
535,5,3,3
536,5,3,2
537,4,3,2
538,4,3,3
539,4,3,3
540,4,3,3
541,4,3,3
542,4,3,3
543,4,4,3
544,4,4,4
545,4,4,3
546,4,3,3
547,3,3,3
548,3,3,3
549,3,3,2
550,3,3,2
551,4,3,3
552,4,3,3
553,4,4,3
554,4,3,2
555,4,3,2
556,5,3,3
557,4,3,2
558,3,2,1
559,3,2,1
560,4,4,4
561,4,4,3
562,4,4,3
563,4,3,2
564,4,3,2
565,5,3,2
566,4,2,1
567,4,0,0
568,3,0,0
569,3,0,0
570,4,2,1
571,4,2,1
572,3,0,0
573,3,0,0
574,2,0,0
575,3,0,0
576,2,0,0
577,2,0,0
578,2,0,0
579,2,2,1
580,3,0,0
581,3,0,0
582,3,0,0
583,3,0,0
584,3,0,0
585,3,0,0
586,3,0,0
587,3,0,0
588,2,0,0
589,2,0,0
590,1,0,0
591,1,0,0
592,1,0,0
593,1,0,0
594,1,0,0
595,1,0,0
596,1,0,0
597,1,0,0
598,2,0,0
599,2,0,0
600,2,0,0
601,1,0,0
602,1,0,0
603,0,0,0
604,0,0,0
605,0,0,0
606,0,0,0
607,2,0,0
608,3,0,0
609,1,0,0
610,1,0,0
611,1,0,0
612,1,0,0
613,1,0,0
614,1,0,0
615,1,0,0
616,1,0,0
617,1,0,0
618,1,0,0
619,1,0,0
620,1,0,0
621,1,0,0
622,1,0,0
623,1,0,0
624,1,0,0
625,1,0,0
626,2,0,0
627,2,0,0
628,2,0,0
629,2,0,0
630,2,0,0
631,2,0,0
632,2,0,0
633,2,0,0
634,3,0,0
635,1,0,0
636,2,0,0
637,2,0,0
638,2,0,0
639,2,0,0
640,2,0,0
641,2,0,0
642,1,0,0
643,1,0,0
644,1,0,0
645,2,0,0
646,2,0,0
647,2,0,0
648,2,0,0
649,2,0,0
650,2,0,0
651,2,0,0
652,2,0,0
653,2,0,0
654,2,0,0
655,2,0,0
656,2,2,1
657,2,0,0
658,3,0,0
659,3,0,0
660,3,0,0
661,3,0,0
662,3,0,0
663,5,2,1
664,5,0,0
665,5,2,1
666,5,2,1
667,5,0,0
668,5,0,0
669,3,0,0
670,3,0,0
671,3,0,0
672,3,0,0
673,2,0,0
674,4,0,0
675,4,0,0
676,4,0,0
677,4,0,0
678,3,0,0
679,4,0,0
680,2,0,0
681,2,0,0
682,2,0,0
683,2,0,0
684,2,0,0
685,2,0,0
686,2,0,0
687,3,0,0
688,3,0,0
689,2,0,0
690,3,2,1
691,3,0,0
692,3,0,0
693,3,2,1
694,2,0,0
695,2,0,0
696,2,0,0
697,2,0,0
698,2,0,0
699,2,0,0
700,2,0,0
701,2,2,1
702,2,0,0
703,2,0,0
704,2,0,0
705,2,0,0
706,2,0,0
707,2,0,0
708,2,2,1
709,1,0,0
710,1,0,0
711,1,0,0
712,3,0,0
713,2,0,0
714,2,0,0
715,2,2,1
716,2,0,0
717,2,0,0
718,2,0,0
719,2,0,0
720,2,0,0
721,2,0,0
722,2,0,0
723,2,0,0
724,2,0,0
725,2,0,0
726,1,0,0
727,1,0,0
728,1,0,0
729,1,0,0
730,1,0,0
731,1,0,0
732,3,0,0
733,2,0,0
734,1,0,0
735,1,0,0
736,0,0,0
737,1,0,0
738,2,0,0
739,2,0,0
740,3,0,0
741,3,2,1
742,3,0,0
743,2,0,0
744,2,0,0
745,2,0,0
746,2,0,0
747,2,0,0
748,2,0,0
749,2,0,0
750,2,0,0
751,2,0,0
752,2,0,0
753,2,0,0
754,2,0,0
755,2,0,0
756,2,0,0
757,2,0,0
758,2,0,0
759,2,0,0
760,2,2,1
761,2,2,1
762,2,2,1
763,2,2,1
764,2,2,1
765,3,2,1
766,3,0,0
767,3,0,0
768,3,2,1
769,3,2,1
770,3,0,0
771,3,0,0
772,3,0,0
773,3,0,0
774,3,0,0
775,3,0,0
776,1,0,0
777,1,0,0
778,1,0,0
779,1,0,0
780,1,0,0
781,1,0,0
782,1,0,0
783,2,0,0
784,1,0,0
785,1,0,0
786,1,0,0
787,1,0,0
788,1,0,0
789,1,0,0
790,2,0,0
791,2,0,0
792,1,0,0
793,1,0,0
794,1,0,0
795,3,0,0
796,3,0,0
797,2,0,0
798,2,0,0
799,2,0,0
800,2,0,0
801,2,0,0
802,3,0,0
803,2,0,0
804,2,0,0
805,3,0,0
806,3,0,0
807,3,0,0
808,3,0,0
809,4,0,0
810,4,0,0
811,4,0,0
812,4,0,0
813,3,0,0
814,3,0,0
815,3,0,0
816,4,0,0
817,5,0,0
818,3,0,0
819,3,0,0
820,3,0,0
821,3,0,0
822,3,0,0
823,3,2,1
824,3,0,0
825,4,0,0
826,3,0,0
827,3,2,1
828,3,0,0
829,3,0,0
830,3,0,0
831,3,2,1
832,3,0,0
833,3,2,1
834,4,2,1
835,3,2,1
836,3,2,1
837,2,0,0
838,2,0,0
839,3,0,0
840,3,0,0
841,3,0,0
842,3,0,0
843,3,0,0
844,3,0,0
845,2,0,0
846,2,0,0
847,2,0,0
848,2,0,0
849,2,0,0
850,2,0,0
851,2,0,0
852,2,0,0
853,2,2,1
854,2,0,0
855,2,0,0
856,2,0,0
857,2,0,0
858,2,0,0
859,2,0,0
860,3,0,0
861,2,0,0
862,2,0,0
863,2,0,0
864,3,0,0
865,2,0,0
866,3,0,0
867,4,0,0
868,4,0,0
869,3,0,0
870,3,0,0
871,3,0,0
872,3,0,0
873,3,0,0
874,3,0,0
875,3,0,0
876,3,0,0
877,3,0,0
878,3,0,0
879,3,0,0
880,3,0,0
881,3,0,0
882,3,0,0
883,3,0,0
884,3,0,0
885,2,0,0
886,2,0,0
887,2,0,0
888,2,0,0
889,2,0,0
890,1,0,0
891,1,0,0
892,1,0,0
893,2,0,0
894,3,0,0
895,2,0,0
896,2,0,0
897,2,0,0
898,1,0,0
899,1,0,0
900,1,0,0
901,2,0,0
902,1,0,0
903,1,0,0
904,1,0,0
905,2,0,0
906,2,0,0
907,2,0,0
908,2,0,0
909,2,0,0
910,2,0,0
911,2,0,0
912,2,0,0
913,2,0,0
914,2,0,0
915,1,0,0
916,1,0,0
917,1,0,0
918,2,0,0
919,2,0,0
920,2,0,0
921,2,0,0
922,2,2,1
923,2,2,1
924,2,0,0
925,2,0,0
926,3,0,0
927,3,0,0
928,3,0,0
929,3,0,0
930,3,0,0
931,3,2,1
932,4,0,0
933,3,0,0
934,3,2,1
935,3,0,0
936,4,2,1
937,3,2,1
938,3,2,1
939,3,2,1
940,2,0,0
941,3,0,0
942,2,0,0
943,2,0,0
944,2,0,0
945,3,0,0
946,2,2,1
947,2,2,1
948,2,2,1
949,2,0,0
950,2,2,1
951,2,0,0
952,2,2,1
953,2,2,1
954,3,2,1
955,3,2,1
956,3,2,1
957,3,2,1
958,3,2,1
959,3,2,1
960,3,0,0
961,3,2,1
962,3,0,0
963,3,0,0
964,3,0,0
965,3,0,0
966,3,0,0
967,2,0,0
968,3,0,0
969,3,0,0
970,3,0,0
971,3,0,0
972,3,0,0
973,2,2,1
974,2,0,0
975,3,0,0
976,3,0,0
977,3,0,0
978,4,0,0
979,3,0,0
980,3,0,0
981,3,0,0
982,4,0,0
983,4,0,0
984,3,0,0
985,4,0,0
986,4,0,0
987,4,0,0
988,4,0,0
989,4,0,0
990,3,0,0
991,4,0,0
992,4,0,0
993,4,0,0
994,4,0,0
995,3,0,0
996,4,0,0
997,4,0,0
998,5,2,1
999,5,3,2
1000,4,2,1
1001,4,2,1
1002,4,2,1
1003,4,2,1
1004,4,0,0
1005,4,0,0
1006,3,0,0
1007,3,0,0
1008,3,0,0
1009,4,0,0
1010,3,0,0
1011,3,0,0
1012,3,0,0
1013,3,0,0
1014,2,0,0
1015,2,0,0
1016,2,0,0
1017,2,0,0
1018,2,0,0
1019,3,0,0
1020,3,0,0
1021,3,0,0
1022,3,0,0
1023,3,0,0
1024,3,2,1
1025,2,0,0
1026,2,0,0
1027,2,0,0
1028,1,0,0
1029,1,0,0
1030,1,0,0
1031,1,0,0
1032,1,0,0
1033,1,0,0
1034,2,0,0
1035,2,0,0
1036,1,0,0
1037,1,0,0
1038,1,0,0
1039,2,0,0
1040,2,0,0
1041,2,0,0
1042,2,0,0
1043,2,0,0
1044,2,0,0
1045,2,0,0
1046,1,0,0
1047,1,0,0
1048,1,0,0
1049,1,0,0
1050,1,0,0
1051,1,0,0
1052,1,0,0
1053,1,0,0
1054,2,0,0
1055,2,0,0
1056,2,0,0
1057,2,0,0
1058,2,0,0
1059,3,0,0
1060,2,0,0
1061,2,2,1
1062,2,0,0
1063,2,0,0
1064,2,0,0
1065,2,0,0
1066,2,0,0
1067,3,0,0
1068,2,0,0
1069,2,0,0
1070,2,0,0
1071,2,0,0
1072,2,0,0
1073,1,0,0
1074,1,0,0
1075,3,0,0
1076,3,0,0
1077,3,0,0
1078,3,0,0
1079,3,0,0
1080,4,0,0
1081,3,0,0
1082,3,0,0
1083,4,0,0
1084,3,0,0
1085,3,0,0
1086,3,0,0
1087,4,0,0
1088,3,2,1
1089,4,2,1
1090,4,2,1
1091,4,2,1
1092,4,2,1
1093,4,0,0
1094,4,0,0
1095,5,0,0
1096,5,0,0
1097,4,0,0
1098,4,0,0
1099,4,0,0
1100,4,2,1
1101,4,0,0
1102,4,2,1
1103,4,0,0
1104,4,0,0
1105,4,2,1
1106,4,0,0
1107,4,0,0
1108,4,0,0
1109,4,2,1
1110,4,0,0
1111,4,2,1
1112,4,2,1
1113,4,0,0
1114,4,0,0
1115,4,0,0
1116,4,0,0
1117,4,0,0
1118,4,0,0
1119,4,0,0
1120,4,0,0
1121,4,0,0
1122,5,0,0
1123,5,0,0
1124,5,4,3
1125,5,3,3
1126,4,3,2
1127,4,4,3
1128,4,3,2
1129,4,0,0
1130,6,3,3
1131,3,2,1
1132,3,0,0
1133,2,0,0
1134,3,0,0
1135,3,0,0
1136,2,0,0
1137,2,0,0
1138,2,0,0
1139,2,0,0
1140,2,0,0
1141,2,0,0
1142,3,0,0
1143,3,0,0
1144,3,0,0
1145,2,0,0
1146,2,0,0
1147,2,0,0
1148,3,0,0
1149,3,0,0
1150,3,0,0
1151,3,0,0
1152,3,0,0
1153,3,0,0
1154,3,0,0
1155,3,0,0
1156,3,0,0
1157,3,2,1
1158,3,0,0
1159,3,0,0
1160,3,0,0
1161,3,0,0
1162,3,0,0
1163,3,0,0
1164,3,0,0
1165,3,0,0
1166,3,0,0
1167,3,0,0
1168,3,0,0
1169,3,0,0
1170,3,0,0
1171,3,0,0
1172,3,0,0
1173,3,0,0
1174,3,2,1
1175,2,2,1
1176,3,2,1
1177,2,0,0
1178,2,0,0
1179,2,0,0
1180,2,0,0
1181,3,0,0
1182,3,0,0
1183,1,0,0
1184,1,0,0
1185,2,0,0
1186,2,0,0
1187,2,0,0
1188,3,0,0
1189,3,0,0
1190,2,0,0
1191,2,0,0
1192,2,0,0
1193,2,0,0
1194,2,0,0
1195,2,0,0
1196,2,0,0
1197,2,0,0
1198,2,0,0
1199,3,0,0
1200,2,0,0
1201,2,0,0
1202,2,0,0
1203,2,0,0
1204,2,0,0
1205,2,0,0
1206,2,0,0
1207,2,0,0
1208,3,0,0
1209,3,0,0
1210,3,0,0
1211,3,2,1
1212,3,0,0
1213,2,0,0
1214,2,0,0
1215,2,0,0
1216,2,0,0
1217,2,0,0
1218,3,0,0
1219,3,0,0
1220,3,0,0
1221,3,0,0
1222,2,0,0
1223,2,0,0
1224,1,0,0
1225,0,0,0
1226,1,0,0
1227,2,0,0
1228,2,0,0
1229,2,0,0
1230,1,0,0
1231,2,0,0
1232,1,0,0
1233,1,0,0
1234,0,0,0
1235,0,0,0
1236,0,0,0
1237,0,0,0
1238,1,0,0
1239,1,0,0
1240,1,0,0
1241,1,0,0
1242,2,0,0
1243,2,0,0
1244,2,0,0
1245,2,0,0
1246,2,0,0
1247,2,0,0
1248,2,0,0
1249,2,0,0
1250,1,0,0
1251,1,0,0
1252,1,0,0
1253,2,0,0
1254,2,0,0
1255,2,0,0
1256,2,0,0
1257,2,0,0
1258,2,0,0
1259,1,0,0
1260,3,0,0
1261,2,0,0
1262,2,0,0
1263,2,0,0
1264,2,0,0
1265,2,0,0
1266,3,0,0
1267,2,0,0
1268,2,0,0
1269,2,0,0
1270,2,0,0
1271,2,0,0
1272,3,2,1
1273,2,0,0
1274,2,0,0
1275,3,0,0
1276,4,2,1
1277,3,0,0
1278,3,0,0
1279,3,0,0
1280,3,0,0
1281,3,0,0
1282,3,0,0
1283,3,2,1
1284,3,0,0
1285,2,0,0
1286,2,0,0
1287,1,0,0
1288,1,0,0
1289,1,0,0
1290,1,0,0
1291,2,0,0
1292,2,0,0
1293,1,0,0
1294,2,0,0
1295,2,0,0
1296,3,0,0
1297,2,0,0
1298,3,0,0
1299,4,0,0
1300,4,2,1
1301,3,2,1
1302,3,0,0
1303,3,0,0
1304,3,0,0
1305,3,2,1
1306,4,0,0
1307,4,0,0
1308,2,0,0
1309,2,0,0
1310,3,0,0
1311,3,0,0
1312,3,0,0
1313,3,0,0
1314,3,0,0
1315,3,0,0
1316,3,0,0
1317,2,0,0
1318,2,0,0
1319,2,0,0
1320,2,0,0
1321,2,0,0
1322,2,0,0
1323,2,0,0
1324,2,0,0
1325,3,0,0
1326,2,0,0
1327,2,0,0
1328,3,0,0
1329,2,0,0
1330,3,0,0
1331,4,0,0
1332,4,0,0
1333,4,2,1
1334,4,2,1
1335,4,2,1
1336,4,3,3
1337,4,4,4
1338,4,3,2
1339,5,4,5
1340,4,4,4
1341,5,4,4
1342,5,3,2
1343,5,3,2
1344,5,0,0
1345,5,0,0
1346,5,0,0
1347,5,0,0
1348,5,2,1
1349,5,0,0
1350,5,0,0
1351,5,0,0
1352,5,0,0
1353,5,0,0
1354,5,0,0
1355,4,0,0
1356,5,3,2
1357,4,0,0
1358,4,0,0
1359,4,0,0
1360,3,0,0
1361,4,0,0
1362,3,0,0
1363,3,0,0
1364,4,0,0
1365,4,2,1
1366,4,2,1
1367,5,2,1
1368,5,2,1
1369,4,2,1
1370,4,0,0
1371,4,2,1
1372,4,0,0
1373,4,0,0
1374,4,0,0
1375,5,0,0
1376,4,0,0
1377,4,0,0
1378,4,0,0
1379,4,0,0
1380,3,0,0
1381,3,0,0
1382,4,0,0
1383,3,0,0
1384,3,0,0
1385,3,0,0
1386,3,2,1
1387,3,0,0
1388,3,0,0
1389,3,0,0
1390,3,0,0
1391,3,0,0
1392,4,0,0
1393,4,0,0
1394,4,0,0
1395,3,0,0
1396,3,0,0
1397,3,0,0
1398,3,0,0
1399,3,0,0
1400,3,0,0
1401,3,0,0
1402,2,0,0
1403,2,0,0
1404,2,0,0
1405,2,0,0
1406,3,0,0
1407,3,0,0
1408,2,0,0
1409,3,0,0
1410,3,0,0
1411,3,0,0
1412,3,2,1
1413,2,2,1
1414,2,0,0
1415,2,0,0
1416,2,0,0
1417,2,0,0
1418,2,0,0
1419,2,0,0
1420,2,0,0
1421,2,0,0
1422,1,0,0
1423,2,0,0
1424,2,0,0
1425,2,0,0
1426,2,0,0
1427,3,0,0
1428,2,0,0
1429,2,0,0
1430,3,0,0
1431,3,0,0
1432,3,0,0
1433,3,0,0
1434,3,0,0
1435,3,0,0
1436,2,0,0
1437,3,0,0
1438,3,0,0
1439,3,0,0
1440,2,0,0
1441,2,0,0
1442,3,0,0
1443,2,0,0
1444,2,0,0
1445,2,2,1
1446,3,0,0
1447,3,0,0
1448,2,0,0
1449,2,0,0
1450,2,0,0
1451,2,0,0
1452,2,0,0
1453,2,0,0
1454,2,0,0
1455,2,0,0
1456,2,0,0
1457,3,0,0
1458,2,0,0
1459,2,0,0
1460,2,2,1
1461,3,0,0
1462,3,0,0
1463,3,0,0
1464,3,0,0
1465,3,0,0
1466,2,2,1
1467,2,2,1
1468,2,2,1
1469,2,2,1
1470,2,2,1
1471,2,2,1
1472,2,2,1
1473,2,0,0
1474,2,0,0
1475,2,0,0
1476,2,0,0
1477,3,0,0
1478,3,0,0
1479,2,0,0
1480,2,0,0
1481,2,0,0
1482,2,0,0
1483,2,0,0
1484,1,0,0
1485,1,0,0
1486,1,0,0
1487,2,0,0
1488,1,0,0
1489,1,0,0
1490,2,0,0
1491,3,0,0
1492,1,0,0
1493,2,0,0
1494,2,2,1
1495,3,0,0
1496,2,0,0
1497,2,0,0
1498,1,0,0
1499,1,0,0
1500,1,0,0
1501,1,0,0
1502,3,0,0
1503,1,0,0
1504,1,0,0
1505,1,0,0
1506,2,0,0
1507,2,0,0
1508,2,0,0
1509,2,0,0
1510,2,0,0
1511,1,0,0
1512,2,0,0
1513,1,0,0
1514,1,0,0
1515,1,0,0
1516,1,0,0
1517,2,0,0
1518,2,0,0
1519,1,0,0
1520,1,0,0
1521,2,0,0
1522,1,0,0
1523,1,0,0
1524,1,0,0
1525,2,0,0
1526,2,0,0
1527,2,0,0
1528,3,0,0
1529,2,0,0
1530,2,0,0
1531,3,0,0
1532,3,2,1
1533,3,0,0
1534,2,0,0
1535,2,0,0
1536,2,0,0
1537,3,0,0
1538,2,0,0
1539,2,0,0
1540,3,0,0
1541,2,0,0
1542,3,0,0
1543,2,0,0
1544,2,2,1
1545,2,2,1
1546,2,2,1
1547,2,0,0
1548,2,0,0
1549,2,0,0
1550,2,0,0
1551,2,2,1
1552,2,0,0
1553,2,0,0
1554,2,0,0
1555,2,0,0
1556,2,0,0
1557,2,0,0
1558,2,0,0
1559,2,0,0
1560,2,0,0
1561,2,0,0
1562,2,2,1
1563,2,0,0
1564,2,0,0
1565,2,0,0
1566,3,0,0
1567,3,0,0
1568,1,0,0
1569,0,0,0
1570,0,0,0
1571,0,0,0
1572,0,0,0
1573,0,0,0
1574,0,0,0
1575,1,0,0
1576,0,0,0
1577,0,0,0
1578,2,0,0
1579,1,0,0
1580,1,0,0
1581,1,0,0
1582,1,0,0
1583,2,0,0
1584,2,0,0
1585,3,0,0
1586,2,0,0
1587,2,0,0
1588,2,0,0
1589,2,0,0
1590,2,0,0
1591,2,0,0
1592,3,0,0
1593,2,0,0
1594,2,0,0
1595,2,0,0
1596,2,0,0
1597,2,0,0
1598,2,0,0
1599,2,0,0
1600,2,0,0
1601,2,0,0
1602,2,0,0
1603,2,0,0
1604,2,0,0
1605,3,0,0
1606,2,0,0
1607,3,0,0
1608,3,0,0
1609,2,0,0
1610,2,0,0
1611,2,0,0
1612,2,0,0
1613,3,0,0
1614,2,0,0
1615,1,0,0
1616,1,0,0
1617,1,0,0
1618,1,0,0
1619,1,0,0
1620,1,0,0
1621,1,0,0
1622,1,0,0
1623,1,0,0
1624,0,0,0
1625,1,0,0
1626,1,0,0
1627,2,0,0
1628,2,0,0
1629,2,0,0
1630,2,0,0
1631,2,0,0
1632,2,0,0
1633,2,0,0
1634,2,0,0
1635,1,0,0
1636,1,0,0
1637,1,0,0
1638,1,0,0
1639,1,0,0
1640,1,0,0
1641,1,0,0
1642,1,0,0
1643,1,0,0
1644,1,0,0
1645,1,0,0
1646,1,0,0
1647,2,0,0
1648,1,0,0
1649,2,0,0
1650,2,0,0
1651,2,0,0
1652,2,0,0
1653,3,0,0
1654,3,2,1
1655,2,0,0
1656,2,0,0
1657,3,0,0
1658,3,3,3
1659,3,3,3
1660,3,0,0
1661,3,0,0
1662,3,0,0
1663,3,2,1
1664,3,2,1
1665,3,3,2
1666,3,2,1
1667,3,0,0
1668,3,2,1
1669,3,2,1
1670,3,2,1
1671,4,3,2
1672,3,3,2
1673,4,3,3
1674,4,3,3
1675,4,4,4
1676,5,4,5
1677,4,4,4
1678,4,4,3
1679,4,3,2
1680,5,4,4
1681,6,3,2
1682,5,3,2
1683,4,3,2
1684,4,3,2
1685,4,3,2
1686,4,3,3
1687,4,3,3
1688,4,3,3
1689,4,3,2
1690,4,3,3
1691,4,3,2
1692,3,3,2
1693,3,3,3
1694,3,3,3
1695,3,3,3
1696,3,3,2
1697,3,3,2
1698,4,3,3
1699,4,3,3
1700,4,3,2
1701,4,3,2
1702,4,3,3
1703,4,3,3
1704,4,3,2
1705,4,0,0
1706,3,0,0
1707,4,0,0
1708,2,0,0
1709,2,0,0
1710,2,0,0
1711,2,0,0
1712,2,0,0
1713,2,0,0
1714,1,0,0
1715,1,0,0
1716,2,0,0
1717,1,0,0
1718,1,0,0
1719,1,0,0
1720,1,0,0
1721,1,0,0
1722,2,0,0
1723,1,0,0
1724,2,0,0
1725,2,0,0
1726,3,0,0
1727,3,0,0
1728,3,0,0
1729,3,0,0
1730,3,0,0
1731,3,0,0
1732,3,0,0
1733,3,0,0
1734,3,2,1
1735,3,2,1
1736,3,2,1
1737,3,2,1
1738,3,2,1
1739,3,2,1
1740,3,0,0
1741,3,0,0
1742,3,0,0
1743,4,0,0
1744,4,0,0
1745,4,0,0
1746,5,2,1
1747,4,0,0
1748,4,0,0
1749,4,0,0
1750,4,0,0
1751,4,0,0
1752,4,0,0
1753,4,0,0
1754,4,0,0
1755,4,0,0
1756,4,0,0
1757,4,0,0
1758,4,0,0
1759,4,0,0
1760,4,0,0
1761,3,0,0
1762,3,0,0
1763,1,0,0
1764,1,0,0
1765,3,0,0
1766,3,0,0
1767,1,0,0
1768,1,0,0
1769,1,0,0
1770,2,0,0
1771,2,0,0
1772,2,0,0
1773,3,0,0
1774,3,0,0
1775,2,0,0
1776,2,0,0
1777,2,0,0
1778,2,0,0
1779,2,0,0
1780,2,0,0
1781,2,0,0
1782,2,0,0
1783,2,0,0
1784,2,0,0
1785,2,0,0
1786,2,0,0
1787,2,0,0
1788,2,0,0
1789,1,0,0
1790,1,0,0
1791,1,0,0
1792,1,0,0
1793,1,0,0
1794,1,0,0
1795,1,0,0
1796,2,0,0
1797,1,0,0
1798,1,0,0
1799,2,0,0
1800,2,0,0
1801,3,0,0
1802,2,0,0
1803,2,0,0
1804,1,0,0
1805,1,0,0
1806,2,0,0
1807,2,0,0
1808,2,0,0
1809,2,0,0
1810,2,0,0
1811,2,0,0
1812,2,0,0
1813,2,0,0
1814,2,0,0
1815,1,0,0
1816,1,0,0
1817,1,0,0
1818,1,0,0
1819,2,0,0
1820,1,0,0
1821,0,0,0
1822,0,0,0
1823,1,0,0
1824,2,0,0
1825,1,0,0
1826,2,0,0
1827,3,0,0
1828,2,0,0
1829,2,0,0
1830,1,0,0
1831,1,0,0
1832,1,0,0
1833,2,0,0
1834,2,0,0
1835,1,0,0
1836,2,0,0
1837,2,0,0
1838,2,0,0
1839,2,0,0
1840,2,0,0
1841,2,0,0
1842,2,0,0
1843,2,0,0
1844,2,0,0
1845,2,0,0
1846,1,0,0
1847,2,0,0
1848,2,0,0
1849,2,0,0
1850,2,0,0
1851,2,0,0
1852,2,0,0
1853,2,0,0
1854,2,0,0
1855,2,0,0
1856,2,0,0
1857,3,0,0
1858,3,0,0
1859,4,0,0
1860,4,0,0
1861,3,0,0
1862,3,0,0
1863,4,0,0
1864,4,0,0
1865,4,2,1
1866,4,0,0
1867,4,0,0
1868,4,0,0
1869,2,2,1
1870,3,0,0
1871,3,0,0
1872,3,0,0
1873,3,0,0
1874,3,0,0
1875,3,2,1
1876,3,0,0
1877,3,2,1
1878,3,0,0
1879,3,0,0
1880,3,0,0
1881,3,0,0
1882,3,0,0
1883,2,0,0
1884,3,0,0
1885,3,0,0
1886,3,2,1
1887,3,0,0
1888,3,0,0
1889,3,0,0
1890,3,0,0
1891,3,0,0
1892,3,0,0
1893,3,0,0
1894,3,0,0
1895,2,0,0
1896,3,0,0
1897,3,0,0
1898,2,0,0
1899,2,0,0
1900,2,0,0
1901,2,0,0
1902,2,0,0
1903,2,0,0
1904,1,0,0
1905,1,0,0
1906,2,0,0
1907,2,0,0
1908,2,0,0
1909,2,0,0
1910,2,0,0
1911,2,0,0
1912,2,0,0
1913,2,0,0
1914,2,0,0
1915,1,0,0
1916,1,0,0
1917,1,0,0
1918,1,0,0
1919,1,0,0
1920,1,0,0
1921,2,0,0
1922,1,0,0
1923,1,0,0
1924,1,0,0
1925,1,0,0
1926,1,0,0
1927,1,0,0
1928,1,0,0
1929,1,0,0
1930,1,0,0
1931,1,0,0
1932,1,0,0
1933,1,0,0
1934,1,0,0
1935,2,0,0
1936,2,0,0
1937,1,0,0
1938,2,0,0
1939,2,0,0
1940,2,0,0
1941,3,0,0
1942,2,0,0
1943,3,2,1
1944,3,0,0
1945,2,0,0
1946,2,0,0
1947,3,2,1
1948,3,0,0
1949,3,0,0
1950,3,2,1
1951,3,2,1
1952,4,0,0
1953,4,0,0
1954,4,0,0
1955,4,0,0
1956,4,2,1
1957,5,0,0
1958,5,0,0
1959,4,0,0
1960,5,0,0
1961,5,2,1
1962,5,2,1
1963,5,0,0
1964,5,2,1
1965,5,2,1
1966,4,0,0
1967,5,2,1
1968,5,2,1
1969,5,0,0
1970,6,2,1
1971,6,0,0
1972,4,0,0
1973,3,0,0
1974,3,0,0
1975,3,0,0
1976,3,0,0
1977,3,0,0
1978,3,2,1
1979,3,0,0
1980,3,0,0
1981,3,2,1
1982,3,3,2
1983,3,3,2
1984,3,2,1
1985,3,3,2
1986,3,3,3
1987,3,3,3
1988,3,3,2
1989,3,3,2
1990,3,3,2
1991,3,3,2
1992,3,3,2
1993,3,3,3
1994,5,3,2
1995,5,3,3
1996,4,3,3
1997,5,3,2
1998,4,3,3
1999,4,3,3
