0,0,0,0
1,0,0,0
2,0,0,0
3,0,0,0
4,1,0,0
5,2,0,0
6,2,0,0
7,2,0,0
8,2,0,0
9,2,0,0
10,2,0,0
11,2,0,0
12,2,0,0
13,3,0,0
14,3,0,0
15,3,0,0
16,3,0,0
17,3,2,1
18,3,0,0
19,3,0,0
20,2,0,0
21,2,0,0
22,2,0,0
23,2,0,0
24,3,0,0
25,3,0,0
26,3,0,0
27,3,0,0
28,3,0,0
29,3,0,0
30,3,0,0
31,3,0,0
32,3,0,0
33,3,0,0
34,3,0,0
35,4,0,0
36,4,2,1
37,3,0,0
38,3,0,0
39,3,2,1
40,3,0,0
41,3,0,0
42,3,0,0
43,3,0,0
44,3,3,3
45,3,3,2
46,2,0,0
47,2,0,0
48,2,0,0
49,3,0,0
50,3,0,0
51,3,0,0
52,3,0,0
53,3,0,0
54,3,2,1
55,3,2,1
56,3,0,0
57,2,0,0
58,3,0,0
59,3,0,0
60,3,0,0
61,3,0,0
62,3,0,0
63,3,0,0
64,3,0,0
65,2,0,0
66,3,0,0
67,3,0,0
68,1,0,0
69,3,0,0
70,2,0,0
71,2,0,0
72,2,0,0
73,2,0,0
74,2,0,0
75,2,0,0
76,2,0,0
77,2,0,0
78,2,0,0
79,3,0,0
80,2,0,0
81,2,0,0
82,2,0,0
83,2,0,0
84,2,0,0
85,2,0,0
86,2,0,0
87,3,0,0
88,3,0,0
89,3,2,1
90,3,0,0
91,3,0,0
92,3,0,0
93,3,2,1
94,3,0,0
95,2,0,0
96,1,0,0
97,1,0,0
98,1,0,0
99,1,0,0
100,1,0,0
101,2,0,0
102,2,0,0
103,1,0,0
104,2,2,1
105,2,0,0
106,2,0,0
107,2,2,1
108,2,0,0
109,2,0,0
110,3,0,0
111,3,0,0
112,1,0,0
113,2,0,0
114,3,0,0
115,3,0,0
116,3,0,0
117,3,0,0
118,3,2,1
119,3,0,0
120,2,0,0
121,2,0,0
122,1,0,0
123,2,0,0
124,2,0,0
125,2,0,0
126,2,0,0
127,2,0,0
128,2,0,0
129,2,2,1
130,2,0,0
131,2,0,0
132,2,0,0
133,3,2,1
134,3,0,0
135,3,0,0
136,3,0,0
137,3,0,0
138,3,0,0
139,3,0,0
140,3,2,1
141,3,0,0
142,3,2,1
143,3,0,0
144,3,0,0
145,4,0,0
146,4,0,0
147,4,0,0
148,3,0,0
149,3,0,0
150,3,0,0
151,3,0,0
152,3,0,0
153,3,0,0
154,3,0,0
155,3,0,0
156,3,2,1
157,3,2,1
158,3,2,1
159,3,0,0
160,3,0,0
161,3,0,0
162,3,0,0
163,2,0,0
164,3,0,0
165,3,0,0
166,3,0,0
167,3,0,0
168,3,0,0
169,4,2,1
170,4,0,0
171,4,2,1
172,4,2,1
173,3,0,0
174,4,3,2
175,3,3,3
176,3,3,3
177,3,3,2
178,4,3,3
179,4,3,2
180,3,3,2
181,5,3,3
182,4,3,3
183,4,3,2
184,4,3,3
185,4,3,3
186,4,3,2
187,4,3,3
188,4,3,2
189,4,3,3
190,4,3,2
191,3,2,1
192,3,2,1
193,3,3,3
194,3,2,1
195,3,3,3
196,3,3,2
197,3,3,2
198,3,3,2
199,2,2,1
200,2,2,1
201,3,3,3
202,4,3,3
203,4,4,4
204,3,3,2
205,4,4,3
206,3,3,3
207,3,3,2
208,3,3,2
209,3,3,2
210,3,3,2
211,3,3,3
212,3,3,2
213,3,3,2
214,3,3,3
215,3,3,2
216,3,3,3
217,3,3,2
218,4,2,1
219,4,2,1
220,4,0,0
221,4,0,0
222,3,0,0
223,2,0,0
224,2,0,0
225,2,0,0
226,2,0,0
227,1,0,0
228,1,0,0
229,1,0,0
230,1,0,0
231,1,0,0
232,2,0,0
233,2,0,0
234,2,0,0
235,2,0,0
236,2,0,0
237,2,0,0
238,2,0,0
239,2,0,0
240,3,0,0
241,1,0,0
242,2,0,0
243,2,0,0
244,2,2,1
245,2,0,0
246,2,0,0
247,3,0,0
248,3,0,0
249,2,0,0
250,2,0,0
251,2,0,0
252,2,0,0
253,2,0,0
254,2,0,0
255,2,0,0
256,1,0,0
257,1,0,0
258,2,0,0
259,3,0,0
260,2,0,0
261,2,0,0
262,2,0,0
263,2,0,0
264,2,0,0
265,2,0,0
266,3,0,0
267,3,0,0
268,3,0,0
269,2,0,0
270,2,0,0
271,2,0,0
272,3,0,0
273,2,0,0
274,1,0,0
275,1,0,0
276,1,0,0
277,1,0,0
278,1,0,0
279,1,0,0
280,1,0,0
281,1,0,0
282,1,0,0
283,1,0,0
284,1,0,0
285,1,0,0
286,1,0,0
287,1,0,0
288,1,0,0
289,1,0,0
290,2,0,0
291,1,0,0
292,1,0,0
293,1,0,0
294,2,0,0
295,2,0,0
296,2,0,0
297,2,0,0
298,1,0,0
299,1,0,0
300,1,0,0
301,1,0,0
302,1,0,0
303,1,0,0
304,1,0,0
305,2,0,0
306,3,0,0
307,2,0,0
308,2,0,0
309,2,0,0
310,3,0,0
311,2,0,0
312,1,0,0
313,1,0,0
314,2,0,0
315,1,0,0
316,1,0,0
317,1,0,0
318,1,0,0
319,1,0,0
320,1,0,0
321,1,0,0
322,2,0,0
323,2,0,0
324,2,0,0
325,2,0,0
326,2,0,0
327,2,0,0
328,2,0,0
329,2,0,0
330,2,0,0
331,2,0,0
332,2,0,0
333,2,0,0
334,2,0,0
335,2,2,1
336,2,2,1
337,2,2,1
338,2,2,1
339,2,2,1
340,2,0,0
341,3,0,0
342,2,0,0
343,2,0,0
344,2,0,0
345,2,0,0
346,1,0,0
347,1,0,0
348,1,0,0
349,1,0,0
350,1,0,0
351,1,0,0
352,1,0,0
353,1,0,0
354,1,0,0
355,1,0,0
356,1,0,0
357,3,0,0
358,2,0,0
359,2,0,0
360,2,0,0
361,2,0,0
362,2,0,0
363,3,0,0
364,2,0,0
365,1,0,0
366,1,0,0
367,1,0,0
368,1,0,0
369,2,0,0
370,2,0,0
371,2,0,0
372,2,0,0
373,2,0,0
374,2,0,0
375,2,0,0
376,2,0,0
377,1,0,0
378,2,0,0
379,1,0,0
380,1,0,0
381,1,0,0
382,3,0,0
383,3,0,0
384,2,0,0
385,2,0,0
386,2,0,0
387,2,0,0
388,2,0,0
389,2,0,0
390,2,0,0
391,3,0,0
392,2,0,0
393,3,3,3
394,3,2,1
395,3,0,0
396,3,2,1
397,3,0,0
398,3,0,0
399,3,0,0
400,3,0,0
401,2,2,1
402,3,0,0
403,3,0,0
404,2,0,0
405,2,0,0
406,2,0,0
407,2,0,0
408,2,0,0
409,1,0,0
410,2,0,0
411,2,0,0
412,2,2,1
413,2,0,0
414,2,0,0
415,2,0,0
416,2,0,0
417,2,0,0
418,2,0,0
419,2,0,0
420,1,0,0
421,2,0,0
422,2,0,0
423,2,0,0
424,2,0,0
425,2,2,1
426,2,0,0
427,2,0,0
428,2,0,0
429,3,0,0
430,2,0,0
431,2,0,0
432,2,0,0
433,2,0,0
434,2,0,0
435,2,0,0
436,2,0,0
437,2,0,0
438,2,0,0
439,2,0,0
440,2,0,0
441,2,0,0
442,2,0,0
443,2,0,0
444,3,0,0
445,2,0,0
446,2,0,0
447,2,0,0
448,2,0,0
449,2,0,0
450,2,0,0
451,2,0,0
452,2,0,0
453,1,0,0
454,1,0,0
455,1,0,0
456,2,0,0
457,1,0,0
458,2,0,0
459,2,0,0
460,2,0,0
461,2,0,0
462,1,0,0
463,1,0,0
464,2,0,0
465,2,0,0
466,2,0,0
467,2,0,0
468,2,0,0
469,2,0,0
470,4,2,1
471,3,0,0
472,3,2,1
473,3,0,0
474,3,2,1
475,3,0,0
476,3,0,0
477,3,2,1
478,3,2,1
479,2,0,0
480,2,0,0
481,2,0,0
482,2,0,0
483,2,0,0
484,2,0,0
485,2,0,0
486,2,0,0
487,2,2,1
488,2,0,0
489,2,0,0
490,2,0,0
491,2,0,0
492,2,0,0
493,2,0,0
494,3,0,0
495,3,0,0
496,3,0,0
497,3,0,0
498,3,0,0
499,3,0,0
500,3,0,0
501,4,0,0
502,3,0,0
503,4,0,0
504,2,2,1
505,2,0,0
506,2,0,0
507,2,0,0
508,2,0,0
509,2,0,0
510,2,0,0
511,2,0,0
512,2,0,0
513,3,0,0
514,3,0,0
515,3,0,0
516,3,0,0
517,2,0,0
518,2,0,0
519,2,0,0
520,2,0,0
521,3,0,0
522,3,0,0
523,3,0,0
524,3,0,0
525,3,0,0
526,4,0,0
527,3,0,0
528,2,0,0
529,2,0,0
530,2,0,0
531,2,0,0
532,2,0,0
533,2,0,0
534,2,0,0
535,2,0,0
536,2,0,0
537,2,0,0
538,1,0,0
539,2,0,0
540,1,0,0
541,3,0,0
542,3,0,0
543,3,0,0
544,3,0,0
545,3,0,0
546,3,0,0
547,3,0,0
548,3,0,0
549,3,0,0
550,3,2,1
551,3,0,0
552,2,0,0
553,3,0,0
554,2,0,0
555,2,0,0
556,1,0,0
557,1,0,0
558,2,0,0
559,2,0,0
560,3,0,0
561,2,0,0
562,3,0,0
563,3,0,0
564,3,0,0
565,3,0,0
566,3,0,0
567,3,0,0
568,3,0,0
569,3,0,0
570,4,0,0
571,2,0,0
572,2,0,0
573,2,2,1
574,4,0,0
575,3,0,0
576,2,0,0
577,2,0,0
578,2,0,0
579,2,0,0
580,2,0,0
581,3,0,0
582,1,0,0
583,2,0,0
584,2,0,0
585,2,0,0
586,2,0,0
587,2,0,0
588,3,0,0
589,3,0,0
590,3,0,0
591,4,0,0
592,3,0,0
593,3,0,0
594,3,0,0
595,3,0,0
596,4,0,0
597,4,0,0
598,3,0,0
599,4,0,0
600,4,2,1
601,4,2,1
602,3,2,1
603,3,2,1
604,3,0,0
605,3,0,0
606,4,0,0
607,3,0,0
608,3,0,0
609,3,2,1
610,3,2,1
611,3,2,1
612,2,0,0
613,2,0,0
614,2,0,0
615,2,0,0
616,2,0,0
617,2,0,0
618,2,0,0
619,2,0,0
620,3,0,0
621,2,0,0
622,2,0,0
623,2,0,0
624,2,0,0
625,2,0,0
626,3,0,0
627,3,0,0
628,2,0,0
629,3,0,0
630,3,0,0
631,3,0,0
632,3,0,0
633,3,0,0
634,3,0,0
635,3,2,1
636,4,0,0
637,4,0,0
638,4,0,0
639,4,0,0
640,3,0,0
641,4,0,0
642,4,0,0
643,4,0,0
644,4,0,0
645,4,0,0
646,4,0,0
647,4,0,0
648,4,0,0
649,4,0,0
650,3,0,0
651,3,0,0
652,3,0,0
653,3,0,0
654,3,0,0
655,3,0,0
656,2,0,0
657,3,0,0
658,3,0,0
659,3,0,0
660,4,0,0
661,3,0,0
662,3,0,0
663,2,0,0
664,3,0,0
665,3,0,0
666,3,0,0
667,3,0,0
668,2,0,0
669,2,0,0
670,2,0,0
671,2,0,0
672,2,0,0
673,2,0,0
674,2,0,0
675,3,0,0
676,2,0,0
677,2,0,0
678,3,0,0
679,3,0,0
680,3,0,0
681,3,0,0
682,3,0,0
683,3,0,0
684,2,0,0
685,2,2,1
686,3,0,0
687,3,0,0
688,2,0,0
689,3,0,0
690,1,0,0
691,2,0,0
692,1,0,0
693,2,0,0
694,2,0,0
695,2,0,0
696,2,0,0
697,2,0,0
698,3,0,0
699,3,0,0
700,3,0,0
701,3,2,1
702,3,0,0
703,3,2,1
704,3,2,1
705,3,0,0
706,3,0,0
707,3,0,0
708,2,0,0
709,3,0,0
710,3,0,0
711,3,0,0
712,3,0,0
713,3,0,0
714,3,0,0
715,4,0,0
716,4,0,0
717,3,0,0
718,4,0,0
719,3,0,0
720,4,0,0
721,4,0,0
722,4,0,0
723,4,0,0
724,4,0,0
725,3,0,0
726,2,0,0
727,3,0,0
728,2,0,0
729,3,0,0
730,3,0,0
731,4,0,0
732,4,0,0
733,3,0,0
734,4,0,0
735,3,0,0
736,3,0,0
737,3,0,0
738,3,2,1
739,2,0,0
740,2,0,0
741,2,0,0
742,2,0,0
743,3,0,0
744,3,0,0
745,3,0,0
746,4,0,0
747,4,0,0
748,4,0,0
749,4,0,0
750,3,0,0
751,3,0,0
752,2,0,0
753,3,0,0
754,3,0,0
755,2,0,0
756,2,0,0
757,3,0,0
758,3,0,0
759,3,0,0
760,3,0,0
761,3,0,0
762,2,2,1
763,2,2,1
764,1,0,0
765,2,0,0
766,2,0,0
767,2,0,0
768,3,0,0
769,2,0,0
770,2,0,0
771,2,0,0
772,2,0,0
773,2,0,0
774,1,0,0
775,1,0,0
776,1,0,0
777,2,0,0
778,2,0,0
779,2,0,0
780,2,0,0
781,2,0,0
782,2,0,0
783,3,0,0
784,4,2,1
785,4,0,0
786,3,2,1
787,4,0,0
788,2,0,0
789,3,0,0
790,3,0,0
791,3,0,0
792,3,0,0
793,3,0,0
794,3,0,0
795,3,2,1
796,3,0,0
797,3,0,0
798,3,0,0
799,3,0,0
800,2,0,0
801,2,0,0
802,1,0,0
803,1,0,0
804,2,0,0
805,2,0,0
806,3,0,0
807,2,0,0
808,2,0,0
809,2,0,0
810,2,0,0
811,2,0,0
812,2,0,0
813,2,0,0
814,3,0,0
815,3,0,0
816,3,0,0
817,3,0,0
818,3,0,0
819,3,0,0
820,3,0,0
821,3,0,0
822,3,0,0
823,3,0,0
824,3,0,0
825,3,0,0
826,3,0,0
827,2,0,0
828,2,0,0
829,2,0,0
830,2,0,0
831,2,0,0
832,2,0,0
833,2,0,0
834,2,0,0
835,2,0,0
836,2,0,0
837,3,0,0
838,3,0,0
839,3,0,0
840,2,0,0
841,2,0,0
842,2,0,0
843,2,0,0
844,1,0,0
845,2,0,0
846,1,0,0
847,1,0,0
848,1,0,0
849,2,0,0
850,2,0,0
851,2,0,0
852,2,0,0
853,2,0,0
854,2,0,0
855,2,0,0
856,2,0,0
857,2,0,0
858,1,0,0
859,1,0,0
860,1,0,0
861,2,0,0
862,2,0,0
863,1,0,0
864,1,0,0
865,1,0,0
866,2,0,0
867,1,0,0
868,1,0,0
869,2,0,0
870,2,0,0
871,3,0,0
872,2,0,0
873,3,0,0
874,3,2,1
875,4,2,1
876,4,2,1
877,4,0,0
878,4,0,0
879,4,0,0
880,4,0,0
881,5,2,1
882,3,0,0
883,2,0,0
884,2,0,0
885,2,0,0
886,2,0,0
887,2,0,0
888,2,0,0
889,1,0,0
890,2,0,0
891,2,0,0
892,2,0,0
893,2,0,0
894,2,0,0
895,2,0,0
896,2,0,0
897,4,0,0
898,2,0,0
899,2,0,0
900,2,0,0
901,2,0,0
902,2,0,0
903,2,0,0
904,1,0,0
905,1,0,0
906,1,0,0
907,1,0,0
908,1,0,0
909,1,0,0
910,1,0,0
911,2,0,0
912,2,0,0
913,2,0,0
914,2,0,0
915,2,0,0
916,2,0,0
917,2,0,0
918,2,0,0
919,2,0,0
920,2,0,0
921,2,0,0
922,2,0,0
923,2,0,0
924,2,0,0
925,3,0,0
926,4,0,0
927,3,0,0
928,2,0,0
929,2,0,0
930,2,0,0
931,2,2,1
932,2,0,0
933,2,0,0
934,2,0,0
935,2,0,0
936,2,0,0
937,2,0,0
938,2,0,0
939,2,0,0
940,2,0,0
941,2,0,0
942,3,0,0
943,3,0,0
944,2,0,0
945,2,0,0
946,2,0,0
947,3,0,0
948,4,0,0
949,2,2,1
950,3,0,0
951,2,0,0
952,2,0,0
953,2,0,0
954,3,0,0
955,2,0,0
956,2,0,0
957,2,0,0
958,2,0,0
959,2,2,1
960,2,2,1
961,2,2,1
962,2,0,0
963,2,0,0
964,1,0,0
965,1,0,0
966,2,0,0
967,2,0,0
968,2,0,0
969,2,0,0
970,3,0,0
971,1,0,0
972,2,0,0
973,2,0,0
974,2,0,0
975,2,0,0
976,2,0,0
977,1,0,0
978,3,0,0
979,2,0,0
980,2,0,0
981,3,0,0
982,2,0,0
983,2,0,0
984,2,0,0
985,3,2,1
986,3,0,0
987,3,0,0
988,3,0,0
989,3,0,0
990,3,0,0
991,3,0,0
992,3,0,0
993,3,2,1
994,3,2,1
995,3,2,1
996,3,2,1
997,3,2,1
998,3,2,1
999,3,2,1
1000,3,2,1
1001,3,0,0
1002,3,0,0
1003,2,0,0
1004,3,0,0
1005,3,2,1
1006,3,0,0
1007,3,2,1
1008,3,0,0
1009,3,0,0
1010,3,0,0
1011,3,0,0
1012,2,0,0
1013,2,0,0
1014,3,0,0
1015,3,0,0
1016,2,0,0
1017,4,2,1
1018,3,0,0
1019,1,0,0
1020,1,0,0
1021,1,0,0
1022,1,0,0
1023,1,0,0
1024,1,0,0
1025,1,0,0
1026,1,0,0
1027,1,0,0
1028,1,0,0
1029,1,0,0
1030,2,0,0
1031,2,0,0
1032,2,0,0
1033,2,0,0
1034,2,0,0
1035,2,0,0
1036,2,2,1
1037,2,0,0
1038,3,2,1
1039,3,0,0
1040,2,0,0
1041,3,0,0
1042,3,0,0
1043,2,0,0
1044,2,0,0
1045,2,0,0
1046,2,0,0
1047,2,0,0
1048,2,0,0
1049,2,0,0
1050,2,0,0
1051,2,0,0
1052,2,2,1
1053,2,0,0
1054,2,0,0
1055,2,0,0
1056,2,0,0
1057,2,0,0
1058,2,0,0
1059,2,0,0
1060,2,0,0
1061,2,0,0
1062,1,0,0
1063,1,0,0
1064,1,0,0
1065,1,0,0
1066,1,0,0
1067,2,0,0
1068,3,0,0
1069,3,0,0
1070,3,0,0
1071,3,0,0
1072,3,0,0
1073,3,0,0
1074,3,0,0
1075,3,0,0
1076,2,0,0
1077,2,0,0
1078,2,0,0
1079,2,0,0
1080,2,0,0
1081,2,0,0
1082,2,2,1
1083,2,0,0
1084,4,0,0
1085,2,0,0
1086,2,0,0
1087,2,0,0
1088,2,0,0
1089,2,0,0
1090,2,0,0
1091,2,0,0
1092,2,0,0
1093,2,0,0
1094,3,0,0
1095,3,0,0
1096,2,0,0
1097,2,0,0
1098,2,0,0
1099,3,0,0
1100,2,0,0
1101,2,0,0
1102,2,0,0
1103,3,0,0
1104,2,0,0
1105,2,0,0
1106,2,0,0
1107,3,0,0
1108,2,0,0
1109,2,0,0
1110,2,0,0
1111,3,0,0
1112,4,0,0
1113,3,0,0
1114,4,2,1
1115,3,0,0
1116,3,0,0
1117,2,0,0
1118,2,0,0
1119,2,0,0
1120,3,2,1
1121,2,0,0
1122,2,0,0
1123,3,0,0
1124,2,0,0
1125,2,0,0
1126,2,0,0
1127,2,0,0
1128,2,0,0
1129,2,0,0
1130,2,0,0
1131,2,0,0
1132,2,0,0
1133,3,0,0
1134,3,0,0
1135,4,0,0
1136,4,0,0
1137,4,3,2
1138,4,2,1
1139,4,0,0
1140,4,2,1
1141,4,2,1
1142,5,2,1
1143,4,2,1
1144,4,2,1
1145,4,2,1
1146,5,2,1
1147,4,2,1
1148,4,2,1
1149,4,2,1
1150,4,2,1
1151,4,2,1
1152,4,0,0
1153,4,2,1
1154,4,0,0
1155,4,0,0
1156,4,0,0
1157,4,3,2
1158,4,3,2
1159,4,3,3
1160,4,3,3
1161,4,3,3
1162,4,3,2
1163,4,2,1
1164,4,2,1
1165,4,0,0
1166,4,0,0
1167,4,2,1
1168,4,0,0
1169,3,0,0
1170,3,2,1
1171,3,2,1
1172,3,3,2
1173,4,2,1
1174,4,3,2
1175,2,0,0
1176,4,2,1
1177,4,2,1
1178,4,3,2
1179,4,2,1
1180,4,3,2
1181,4,3,2
1182,3,2,1
1183,3,0,0
1184,5,3,3
1185,4,0,0
1186,4,0,0
1187,3,0,0
1188,3,0,0
1189,3,0,0
1190,3,0,0
1191,2,0,0
1192,3,0,0
1193,2,0,0
1194,1,0,0
1195,2,0,0
1196,4,0,0
1197,4,2,1
1198,4,0,0
1199,4,2,1
1200,4,2,1
1201,4,2,1
1202,4,0,0
1203,4,2,1
1204,4,3,2
1205,4,2,1
1206,4,3,2
1207,4,4,4
1208,4,3,3
1209,3,2,1
1210,3,2,1
1211,2,0,0
1212,3,0,0
1213,2,0,0
1214,2,0,0
1215,2,0,0
1216,2,0,0
1217,2,0,0
1218,2,0,0
1219,2,0,0
1220,2,0,0
1221,2,0,0
1222,2,0,0
1223,2,0,0
1224,2,0,0
1225,2,0,0
1226,2,0,0
1227,2,0,0
1228,2,0,0
1229,3,0,0
1230,2,0,0
1231,2,0,0
1232,2,0,0
1233,1,0,0
1234,1,0,0
1235,2,0,0
1236,2,0,0
1237,2,0,0
1238,2,0,0
1239,2,0,0
1240,2,0,0
1241,2,0,0
1242,2,0,0
1243,3,0,0
1244,2,0,0
1245,2,0,0
1246,2,0,0
1247,2,0,0
1248,2,0,0
1249,3,0,0
1250,2,0,0
1251,2,0,0
1252,2,0,0
1253,2,0,0
1254,2,0,0
1255,2,0,0
1256,1,0,0
1257,1,0,0
1258,1,0,0
1259,1,0,0
1260,1,0,0
1261,1,0,0
1262,0,0,0
1263,2,0,0
1264,2,0,0
1265,2,0,0
1266,2,0,0
1267,2,0,0
1268,1,0,0
1269,1,0,0
1270,1,0,0
1271,1,0,0
1272,2,0,0
1273,2,0,0
1274,2,0,0
1275,2,0,0
1276,1,0,0
1277,1,0,0
1278,1,0,0
1279,2,0,0
1280,1,0,0
1281,1,0,0
1282,2,0,0
1283,2,0,0
1284,2,0,0
1285,2,0,0
1286,1,0,0
1287,1,0,0
1288,1,0,0
1289,1,0,0
1290,1,0,0
1291,1,0,0
1292,1,0,0
1293,0,0,0
1294,0,0,0
1295,0,0,0
1296,0,0,0
1297,0,0,0
1298,1,0,0
1299,0,0,0
1300,1,0,0
1301,1,0,0
1302,1,0,0
1303,2,0,0
1304,2,0,0
1305,1,0,0
1306,1,0,0
1307,1,0,0
1308,1,0,0
1309,1,0,0
1310,1,0,0
1311,1,0,0
1312,1,0,0
1313,1,0,0
1314,1,0,0
1315,2,0,0
1316,1,0,0
1317,1,0,0
1318,1,0,0
1319,1,0,0
1320,1,0,0
1321,1,0,0
1322,1,0,0
1323,1,0,0
1324,1,0,0
1325,1,0,0
1326,1,0,0
1327,2,0,0
1328,3,0,0
1329,2,0,0
1330,2,0,0
1331,2,0,0
1332,2,0,0
1333,2,0,0
1334,2,0,0
1335,1,0,0
1336,1,0,0
1337,1,0,0
1338,0,0,0
1339,0,0,0
1340,0,0,0
1341,0,0,0
1342,0,0,0
1343,0,0,0
1344,1,0,0
1345,1,0,0
1346,1,0,0
1347,1,0,0
1348,1,0,0
1349,2,0,0
1350,2,0,0
1351,2,0,0
1352,1,0,0
1353,2,0,0
1354,2,0,0
1355,2,0,0
1356,2,0,0
1357,2,0,0
1358,2,0,0
1359,2,0,0
1360,2,0,0
1361,2,0,0
1362,3,0,0
1363,2,0,0
1364,2,0,0
1365,2,0,0
1366,2,0,0
1367,2,0,0
1368,2,0,0
1369,2,0,0
1370,2,0,0
1371,2,0,0
1372,2,0,0
1373,2,0,0
1374,2,0,0
1375,2,0,0
1376,3,0,0
1377,2,0,0
1378,2,0,0
1379,2,0,0
1380,2,0,0
1381,2,0,0
1382,2,0,0
1383,2,0,0
1384,2,0,0
1385,2,0,0
1386,2,0,0
1387,2,0,0
1388,3,0,0
1389,3,0,0
1390,3,0,0
1391,3,0,0
1392,2,0,0
1393,2,0,0
1394,2,0,0
1395,2,0,0
1396,2,0,0
1397,1,0,0
1398,1,0,0
1399,2,0,0
1400,2,0,0
1401,2,0,0
1402,2,0,0
1403,3,0,0
1404,3,0,0
1405,2,2,1
1406,2,0,0
1407,2,0,0
1408,2,0,0
1409,1,0,0
1410,2,0,0
1411,1,0,0
1412,1,0,0
1413,2,0,0
1414,2,0,0
1415,2,0,0
1416,2,0,0
1417,2,0,0
1418,3,0,0
1419,2,0,0
1420,2,0,0
1421,2,0,0
1422,2,2,1
1423,2,0,0
1424,2,0,0
1425,3,0,0
1426,3,0,0
1427,3,0,0
1428,4,0,0
1429,4,0,0
1430,4,0,0
1431,4,0,0
1432,4,2,1
1433,4,2,1
1434,4,0,0
1435,4,0,0
1436,3,2,1
1437,3,0,0
1438,3,0,0
1439,4,0,0
1440,3,0,0
1441,4,0,0
1442,2,0,0
1443,3,0,0
1444,2,0,0
1445,3,0,0
1446,3,0,0
1447,3,0,0
1448,3,3,2
1449,4,2,1
1450,3,0,0
1451,4,0,0
1452,4,0,0
1453,4,0,0
1454,4,0,0
1455,4,0,0
1456,5,0,0
1457,5,2,1
1458,4,0,0
1459,5,0,0
1460,4,0,0
1461,4,2,1
1462,4,0,0
1463,4,0,0
1464,4,0,0
1465,4,0,0
1466,3,0,0
1467,3,0,0
1468,3,0,0
1469,3,0,0
1470,3,0,0
1471,3,0,0
1472,3,0,0
1473,3,0,0
1474,3,0,0
1475,3,0,0
1476,3,0,0
1477,3,0,0
1478,3,0,0
1479,2,0,0
1480,2,0,0
1481,2,0,0
1482,2,0,0
1483,2,0,0
1484,2,0,0
1485,3,0,0
1486,3,0,0
1487,2,0,0
1488,2,0,0
1489,2,0,0
1490,2,0,0
1491,1,0,0
1492,2,0,0
1493,1,0,0
1494,1,0,0
1495,1,0,0
1496,1,0,0
1497,1,0,0
1498,1,0,0
1499,2,0,0
1500,2,0,0
1501,2,0,0
1502,2,0,0
1503,3,0,0
1504,2,0,0
1505,2,0,0
1506,2,0,0
1507,2,0,0
1508,2,0,0
1509,3,0,0
1510,2,0,0
1511,2,0,0
1512,2,0,0
1513,2,0,0
1514,3,0,0
1515,1,0,0
1516,1,0,0
1517,1,0,0
1518,1,0,0
1519,1,0,0
1520,1,0,0
1521,2,0,0
1522,0,0,0
1523,0,0,0
1524,0,0,0
1525,1,0,0
1526,0,0,0
1527,0,0,0
1528,1,0,0
1529,1,0,0
1530,1,0,0
1531,1,0,0
1532,3,0,0
1533,2,0,0
1534,1,0,0
1535,2,0,0
1536,2,0,0
1537,2,0,0
1538,2,0,0
1539,3,0,0
1540,3,0,0
1541,3,0,0
1542,3,0,0
1543,3,0,0
1544,2,0,0
1545,2,0,0
1546,2,0,0
1547,2,0,0
1548,3,0,0
1549,2,0,0
1550,2,0,0
1551,2,0,0
1552,2,0,0
1553,2,0,0
1554,2,0,0
1555,3,0,0
1556,3,0,0
1557,3,0,0
1558,1,0,0
1559,2,0,0
1560,2,0,0
1561,2,0,0
1562,2,0,0
1563,3,0,0
1564,3,0,0
1565,2,2,1
1566,3,0,0
1567,2,0,0
1568,3,2,1
1569,3,0,0
1570,4,0,0
1571,2,0,0
1572,2,0,0
1573,2,0,0
1574,2,0,0
1575,3,0,0
1576,3,0,0
1577,1,0,0
1578,2,0,0
1579,3,0,0
1580,4,0,0
1581,4,0,0
1582,4,0,0
1583,4,0,0
1584,4,0,0
1585,4,0,0
1586,4,0,0
1587,4,0,0
1588,3,0,0
1589,3,0,0
1590,3,0,0
1591,3,0,0
1592,3,0,0
1593,4,2,1
1594,4,0,0
1595,4,0,0
1596,3,0,0
1597,3,0,0
1598,4,0,0
1599,4,0,0
1600,5,0,0
1601,5,0,0
1602,5,0,0
1603,4,0,0
1604,3,0,0
1605,5,0,0
1606,5,0,0
1607,5,0,0
1608,3,0,0
1609,4,0,0
1610,3,0,0
1611,4,0,0
1612,4,0,0
1613,5,0,0
1614,4,0,0
1615,5,0,0
1616,5,2,1
1617,5,2,1
1618,5,2,1
1619,5,2,1
1620,5,2,1
1621,5,2,1
1622,5,2,1
1623,5,2,1
1624,5,2,1
1625,4,2,1
1626,4,0,0
1627,3,0,0
1628,3,0,0
1629,3,0,0
1630,3,0,0
1631,3,0,0
1632,3,0,0
1633,2,0,0
1634,3,0,0
1635,2,0,0
1636,3,0,0
1637,4,0,0
1638,3,0,0
1639,3,0,0
1640,3,0,0
1641,3,0,0
1642,3,0,0
1643,3,0,0
1644,3,0,0
1645,3,0,0
1646,3,0,0
1647,4,0,0
1648,3,0,0
1649,4,2,1
1650,4,0,0
1651,4,0,0
1652,4,0,0
1653,4,0,0
1654,4,0,0
1655,4,0,0
1656,4,0,0
1657,4,0,0
1658,3,0,0
1659,3,0,0
1660,3,0,0
1661,3,0,0
1662,3,0,0
1663,3,0,0
1664,3,0,0
1665,4,0,0
1666,2,0,0
1667,3,0,0
1668,3,0,0
1669,3,0,0
1670,3,0,0
1671,2,0,0
1672,2,0,0
1673,2,0,0
1674,2,0,0
1675,3,0,0
1676,3,0,0
1677,2,0,0
1678,3,0,0
1679,2,0,0
1680,2,0,0
1681,2,0,0
1682,2,0,0
1683,3,0,0
1684,3,0,0
1685,3,0,0
1686,2,0,0
1687,2,0,0
1688,2,0,0
1689,2,0,0
1690,3,0,0
1691,3,0,0
1692,4,0,0
1693,4,0,0
1694,3,0,0
1695,3,0,0
1696,3,0,0
1697,3,0,0
1698,3,2,1
1699,3,2,1
1700,2,0,0
1701,2,0,0
1702,2,0,0
1703,3,0,0
1704,2,0,0
1705,2,0,0
1706,3,0,0
1707,3,0,0
1708,3,0,0
1709,3,2,1
1710,3,0,0
1711,3,0,0
1712,2,0,0
1713,2,0,0
1714,3,0,0
1715,3,0,0
1716,3,2,1
1717,3,0,0
1718,3,0,0
1719,3,0,0
1720,3,0,0
1721,3,0,0
1722,3,0,0
1723,3,0,0
1724,3,0,0
1725,3,0,0
1726,3,0,0
1727,3,0,0
1728,3,0,0
1729,3,0,0
1730,2,0,0
1731,2,2,1
1732,3,0,0
1733,3,0,0
1734,2,0,0
1735,2,0,0
1736,2,0,0
1737,2,0,0
1738,2,0,0
1739,3,0,0
1740,3,0,0
1741,3,0,0
1742,3,0,0
1743,2,0,0
1744,2,0,0
1745,2,0,0
1746,2,0,0
1747,2,0,0
1748,2,0,0
1749,1,0,0
1750,1,0,0
1751,1,0,0
1752,3,0,0
1753,2,0,0
1754,1,0,0
1755,1,0,0
1756,2,0,0
1757,3,0,0
1758,3,0,0
1759,1,0,0
1760,2,0,0
1761,2,0,0
1762,2,0,0
1763,2,0,0
1764,2,0,0
1765,2,0,0
1766,2,0,0
1767,2,0,0
1768,2,0,0
1769,2,0,0
1770,2,0,0
1771,1,0,0
1772,2,0,0
1773,2,0,0
1774,1,0,0
1775,1,0,0
1776,1,0,0
1777,1,0,0
1778,2,0,0
1779,1,0,0
1780,1,0,0
1781,1,0,0
1782,1,0,0
1783,1,0,0
1784,1,0,0
1785,2,0,0
1786,2,0,0
1787,2,0,0
1788,2,0,0
1789,2,0,0
1790,2,0,0
1791,2,0,0
1792,3,0,0
1793,3,0,0
1794,3,0,0
1795,3,0,0
1796,3,0,0
1797,3,0,0
1798,2,0,0
1799,3,0,0
1800,3,0,0
1801,2,0,0
1802,1,0,0
1803,2,0,0
1804,3,0,0
1805,3,0,0
1806,2,0,0
1807,2,0,0
1808,3,0,0
1809,3,0,0
1810,3,0,0
1811,2,0,0
1812,2,0,0
1813,2,0,0
1814,2,0,0
1815,2,0,0
1816,2,2,1
1817,3,0,0
1818,3,0,0
1819,2,0,0
1820,2,0,0
1821,2,0,0
1822,2,0,0
1823,2,0,0
1824,2,0,0
1825,3,0,0
1826,3,0,0
1827,3,2,1
1828,3,2,1
1829,3,2,1
1830,3,2,1
1831,3,3,2
1832,4,3,3
1833,3,3,2
1834,4,3,2
1835,3,3,2
1836,3,3,2
1837,3,3,2
1838,3,3,2
1839,3,3,3
1840,3,3,2
1841,3,3,2
1842,3,2,1
1843,3,3,2
1844,3,3,2
1845,3,3,2
1846,3,3,3
1847,3,3,3
1848,3,3,3
1849,3,3,3
1850,3,3,3
1851,3,3,3
1852,4,3,2
1853,4,3,2
1854,5,4,4
1855,5,4,5
1856,5,4,4
1857,4,4,4
1858,5,5,5
1859,5,5,5
1860,6,5,7
1861,5,4,4
1862,6,4,3
1863,5,4,4
1864,5,4,5
1865,5,3,3
1866,4,3,3
1867,4,3,2
1868,5,4,4
1869,5,4,4
1870,4,3,3
1871,4,3,3
1872,3,3,3
1873,3,3,2
1874,3,3,3
1875,3,3,3
1876,3,3,2
1877,3,3,3
1878,3,3,2
1879,3,3,2
1880,3,3,2
1881,3,3,2
1882,3,3,2
1883,3,3,2
1884,3,3,2
1885,3,3,2
1886,3,3,2
1887,4,3,2
1888,4,3,2
1889,4,2,1
1890,4,3,3
1891,4,3,3
1892,4,3,3
1893,4,3,3
1894,4,3,3
1895,4,3,2
1896,4,3,3
1897,4,3,2
1898,4,3,3
1899,3,3,2
1900,3,3,3
1901,3,3,3
1902,4,3,3
1903,4,3,3
1904,4,3,3
1905,4,4,5
1906,5,4,4
1907,5,4,5
1908,6,4,5
1909,6,4,5
1910,6,5,5
1911,6,5,7
1912,6,5,7
1913,6,5,7
1914,6,5,7
1915,6,5,7
1916,6,5,7
1917,6,5,7
1918,6,5,7
1919,6,5,7
1920,6,5,7
1921,6,5,7
1922,6,5,6
1923,6,5,6
1924,6,5,6
1925,6,5,7
1926,6,6,8
1927,6,6,8
1928,6,6,10
1929,6,6,10
1930,6,6,9
1931,6,6,9
1932,6,6,8
1933,6,6,8
1934,6,6,8
1935,6,6,9
1936,6,6,9
1937,6,6,9
1938,6,6,9
1939,6,6,9
1940,6,6,10
1941,6,6,10
1942,7,6,10
1943,7,6,9
1944,6,6,9
1945,6,6,10
1946,6,6,10
1947,6,6,9
1948,6,6,9
1949,6,6,10
1950,6,6,9
1951,6,6,9
1952,6,6,10
1953,6,6,9
1954,6,6,9
1955,6,6,9
1956,6,6,10
1957,6,6,10
1958,6,6,10
1959,6,6,9
1960,6,6,9
1961,6,6,7
1962,6,6,10
1963,6,6,8
1964,6,6,9
1965,6,6,10
1966,6,6,9
1967,6,6,10
1968,6,6,10
1969,6,6,9
1970,6,6,10
1971,6,6,10
1972,6,6,10
1973,6,6,10
1974,6,6,10
1975,6,6,10
1976,6,6,10
1977,6,6,10
1978,6,6,10
1979,6,6,9
1980,6,6,10
1981,6,6,9
1982,6,6,10
1983,6,6,10
1984,6,6,10
1985,6,6,9
1986,6,6,10
1987,6,6,10
1988,6,6,9
1989,6,6,10
1990,6,6,10
1991,6,6,10
1992,6,6,9
1993,6,6,10
1994,6,6,10
1995,6,6,10
1996,6,6,10
1997,6,6,10
1998,7,6,9
1999,7,6,10
