0,0,0,0
1,1,0,0
2,1,0,0
3,1,0,0
4,1,0,0
5,2,0,0
6,1,0,0
7,2,0,0
8,2,0,0
9,2,0,0
10,2,0,0
11,3,0,0
12,3,2,1
13,3,0,0
14,3,0,0
15,3,0,0
16,3,0,0
17,3,0,0
18,3,0,0
19,2,0,0
20,2,2,1
21,2,2,1
22,2,0,0
23,2,0,0
24,2,0,0
25,2,0,0
26,3,0,0
27,3,0,0
28,2,0,0
29,3,0,0
30,3,0,0
31,3,0,0
32,3,0,0
33,3,0,0
34,3,0,0
35,4,0,0
36,4,0,0
37,3,0,0
38,3,0,0
39,3,2,1
40,3,0,0
41,2,0,0
42,3,0,0
43,3,0,0
44,3,2,1
45,3,0,0
46,2,0,0
47,2,0,0
48,2,2,1
49,2,2,1
50,2,2,1
51,2,2,1
52,2,2,1
53,2,0,0
54,2,0,0
55,3,0,0
56,3,0,0
57,3,0,0
58,3,0,0
59,3,0,0
60,3,0,0
61,3,0,0
62,2,0,0
63,2,0,0
64,2,0,0
65,3,0,0
66,2,0,0
67,2,0,0
68,1,0,0
69,1,0,0
70,1,0,0
71,1,0,0
72,2,0,0
73,2,0,0
74,2,0,0
75,2,0,0
76,3,0,0
77,3,0,0
78,3,0,0
79,2,0,0
80,2,0,0
81,2,0,0
82,2,0,0
83,2,0,0
84,2,0,0
85,2,0,0
86,2,0,0
87,3,0,0
88,3,0,0
89,4,0,0
90,4,2,1
91,4,2,1
92,4,0,0
93,3,0,0
94,3,0,0
95,3,0,0
96,4,0,0
97,4,0,0
98,2,2,1
99,3,0,0
100,3,0,0
101,5,0,0
102,3,0,0
103,3,0,0
104,3,0,0
105,3,0,0
106,2,0,0
107,3,0,0
108,3,0,0
109,3,0,0
110,3,0,0
111,2,0,0
112,2,0,0
113,1,0,0
114,1,0,0
115,1,0,0
116,1,0,0
117,1,0,0
118,1,0,0
119,1,0,0
120,1,0,0
121,1,0,0
122,2,0,0
123,1,0,0
124,1,0,0
125,1,0,0
126,1,0,0
127,1,0,0
128,1,0,0
129,1,0,0
130,1,0,0
131,1,0,0
132,1,0,0
133,1,0,0
134,1,0,0
135,1,0,0
136,1,0,0
137,1,0,0
138,1,0,0
139,1,0,0
140,1,0,0
141,2,0,0
142,1,0,0
143,1,0,0
144,2,0,0
145,3,0,0
146,2,0,0
147,1,0,0
148,2,0,0
149,2,0,0
150,2,0,0
151,1,0,0
152,1,0,0
153,1,0,0
154,2,0,0
155,1,0,0
156,1,0,0
157,1,0,0
158,1,0,0
159,1,0,0
160,1,0,0
161,1,0,0
162,1,0,0
163,2,0,0
164,3,0,0
165,3,0,0
166,3,0,0
167,3,0,0
168,3,0,0
169,2,0,0
170,2,0,0
171,3,0,0
172,4,0,0
173,3,0,0
174,4,0,0
175,3,2,1
176,4,2,1
177,3,2,1
178,3,2,1
179,3,0,0
180,3,0,0
181,2,0,0
182,2,0,0
183,2,2,1
184,3,0,0
185,3,0,0
186,2,0,0
187,2,0,0
188,2,2,1
189,2,0,0
190,3,0,0
191,2,0,0
192,3,0,0
193,4,0,0
194,4,0,0
195,3,0,0
196,3,0,0
197,3,0,0
198,3,0,0
199,3,0,0
200,3,0,0
201,4,0,0
202,4,0,0
203,3,0,0
204,3,0,0
205,3,2,1
206,3,0,0
207,3,2,1
208,3,2,1
209,3,0,0
210,3,0,0
211,3,0,0
212,3,0,0
213,3,0,0
214,3,0,0
215,3,0,0
216,3,0,0
217,3,0,0
218,3,0,0
219,3,0,0
220,4,2,1
221,3,0,0
222,4,0,0
223,4,0,0
224,4,0,0
225,4,2,1
226,4,0,0
227,4,0,0
228,4,0,0
229,3,0,0
230,4,0,0
231,3,2,1
232,3,0,0
233,3,0,0
234,3,2,1
235,3,0,0
236,3,0,0
237,3,0,0
238,2,0,0
239,2,0,0
240,2,0,0
241,2,0,0
242,1,0,0
243,1,0,0
244,1,0,0
245,1,0,0
246,1,0,0
247,2,0,0
248,1,0,0
249,1,0,0
250,1,0,0
251,3,0,0
252,2,0,0
253,1,0,0
254,1,0,0
255,1,0,0
256,3,0,0
257,2,0,0
258,2,0,0
259,2,0,0
260,2,0,0
261,2,0,0
262,2,0,0
263,2,0,0
264,1,0,0
265,2,0,0
266,3,0,0
267,3,0,0
268,3,0,0
269,2,0,0
270,2,0,0
271,3,0,0
272,2,0,0
273,2,0,0
274,2,0,0
275,2,0,0
276,2,0,0
277,2,0,0
278,2,0,0
279,2,0,0
280,2,0,0
281,2,0,0
282,2,0,0
283,2,0,0
284,2,0,0
285,2,0,0
286,3,0,0
287,3,0,0
288,3,0,0
289,3,0,0
290,3,0,0
291,3,0,0
292,3,0,0
293,2,0,0
294,2,0,0
295,3,0,0
296,3,0,0
297,2,0,0
298,2,0,0
299,2,0,0
300,1,0,0
301,1,0,0
302,2,0,0
303,2,0,0
304,2,0,0
305,2,0,0
306,2,0,0
307,2,0,0
308,1,0,0
309,1,0,0
310,1,0,0
311,2,0,0
312,2,0,0
313,2,0,0
314,3,0,0
315,3,0,0
316,2,0,0
317,2,0,0
318,3,0,0
319,3,0,0
320,3,0,0
321,3,0,0
322,3,0,0
323,3,2,1
324,3,0,0
325,3,0,0
326,2,0,0
327,2,0,0
328,2,0,0
329,2,0,0
330,1,0,0
331,3,0,0
332,2,0,0
333,2,0,0
334,3,0,0
335,3,0,0
336,3,0,0
337,3,0,0
338,3,2,1
339,3,3,2
340,3,0,0
341,3,3,3
342,3,3,2
343,3,3,2
344,3,3,2
345,3,2,1
346,3,2,1
347,3,0,0
348,3,0,0
349,3,0,0
350,3,0,0
351,3,0,0
352,3,0,0
353,3,0,0
354,3,0,0
355,3,0,0
356,3,0,0
357,3,0,0
358,4,2,1
359,3,2,1
360,3,2,1
361,3,2,1
362,3,2,1
363,3,2,1
364,3,0,0
365,3,0,0
366,2,0,0
367,2,2,1
368,2,0,0
369,2,0,0
370,2,0,0
371,1,0,0
372,2,0,0
373,1,0,0
374,1,0,0
375,1,0,0
376,1,0,0
377,1,0,0
378,1,0,0
379,2,0,0
380,1,0,0
381,1,0,0
382,1,0,0
383,2,0,0
384,1,0,0
385,2,0,0
386,2,2,1
387,1,0,0
388,1,0,0
389,1,0,0
390,2,0,0
391,2,0,0
392,2,0,0
393,3,2,1
394,3,0,0
395,3,0,0
396,3,0,0
397,3,0,0
398,3,0,0
399,3,0,0
400,3,2,1
401,2,0,0
402,2,0,0
403,3,0,0
404,3,0,0
405,3,0,0
406,2,0,0
407,2,0,0
408,2,0,0
409,2,0,0
410,3,0,0
411,2,0,0
412,2,0,0
413,2,0,0
414,2,0,0
415,2,0,0
416,2,0,0
417,2,0,0
418,2,0,0
419,2,0,0
420,2,0,0
421,3,0,0
422,3,0,0
423,3,0,0
424,2,0,0
425,2,0,0
426,2,0,0
427,2,0,0
428,2,0,0
429,1,0,0
430,1,0,0
431,1,0,0
432,2,0,0
433,2,0,0
434,2,0,0
435,2,0,0
436,2,0,0
437,2,0,0
438,2,0,0
439,2,0,0
440,1,0,0
441,1,0,0
442,2,0,0
443,3,0,0
444,3,0,0
445,2,0,0
446,2,0,0
447,2,2,1
448,2,2,1
449,2,2,1
450,2,2,1
451,2,2,1
452,2,2,1
453,2,0,0
454,2,0,0
455,2,0,0
456,2,0,0
457,2,0,0
458,2,0,0
459,1,0,0
460,2,0,0
461,2,0,0
462,2,0,0
463,2,0,0
464,3,0,0
465,3,0,0
466,3,0,0
467,2,0,0
468,2,0,0
469,2,0,0
470,2,0,0
471,2,0,0
472,2,0,0
473,2,0,0
474,2,0,0
475,2,0,0
476,2,0,0
477,2,0,0
478,2,0,0
479,2,0,0
480,3,0,0
481,3,0,0
482,3,0,0
483,3,0,0
484,3,0,0
485,2,2,1
486,2,0,0
487,3,2,1
488,3,0,0
489,4,0,0
490,2,0,0
491,2,2,1
492,3,0,0
493,3,0,0
494,4,0,0
495,4,0,0
496,4,0,0
497,3,0,0
498,3,0,0
499,3,0,0
500,3,0,0
501,3,0,0
502,3,0,0
503,3,0,0
504,3,2,1
505,3,0,0
506,3,0,0
507,3,0,0
508,3,0,0
509,3,0,0
510,3,0,0
511,3,0,0
512,3,0,0
513,3,0,0
514,3,0,0
515,4,2,1
516,2,2,1
517,3,2,1
518,3,0,0
519,3,2,1
520,3,0,0
521,4,2,1
522,4,3,2
523,5,0,0
524,5,0,0
525,4,2,1
526,5,2,1
527,4,2,1
528,5,0,0
529,5,0,0
530,5,0,0
531,4,0,0
532,5,2,1
533,6,2,1
534,6,2,1
535,5,3,2
536,4,3,2
537,3,3,3
538,3,0,0
539,3,3,2
540,3,3,3
541,3,2,1
542,3,3,2
543,3,2,1
544,3,3,2
545,3,3,3
546,3,3,2
547,3,3,2
548,3,3,2
549,3,3,3
550,4,3,3
551,4,3,2
552,4,3,2
553,4,2,1
554,4,2,1
555,4,0,0
556,3,0,0
557,3,0,0
558,3,2,1
559,3,0,0
560,3,0,0
561,3,0,0
562,5,0,0
563,4,0,0
564,5,0,0
565,4,0,0
566,4,0,0
567,4,0,0
568,4,0,0
569,3,0,0
570,3,0,0
571,4,0,0
572,4,2,1
573,4,0,0
574,4,2,1
575,4,0,0
576,4,2,1
577,4,2,1
578,4,2,1
579,5,2,1
580,4,0,0
581,4,0,0
582,4,0,0
583,3,0,0
584,2,0,0
585,2,0,0
586,2,0,0
587,2,0,0
588,3,0,0
589,3,2,1
590,4,2,1
591,4,3,2
592,4,2,1
593,4,0,0
594,3,0,0
595,4,0,0
596,4,0,0
597,3,0,0
598,4,0,0
599,4,0,0
600,3,0,0
601,3,0,0
602,3,2,1
603,3,0,0
604,3,0,0
605,3,0,0
606,3,0,0
607,3,0,0
608,3,0,0
609,3,0,0
610,3,2,1
611,3,2,1
612,3,0,0
613,3,0,0
614,3,0,0
615,3,0,0
616,1,0,0
617,2,0,0
618,1,0,0
619,1,0,0
620,1,0,0
621,1,0,0
622,1,0,0
623,1,0,0
624,1,0,0
625,1,0,0
626,1,0,0
627,1,0,0
628,1,0,0
629,2,0,0
630,1,0,0
631,1,0,0
632,3,0,0
633,2,0,0
634,2,0,0
635,2,0,0
636,4,0,0
637,3,0,0
638,2,0,0
639,3,0,0
640,3,0,0
641,3,0,0
642,3,0,0
643,3,0,0
644,3,0,0
645,2,0,0
646,2,0,0
647,1,0,0
648,1,0,0
649,2,0,0
650,1,0,0
651,1,0,0
652,1,0,0
653,3,0,0
654,2,0,0
655,2,0,0
656,2,2,1
657,3,0,0
658,2,2,1
659,2,0,0
660,2,0,0
661,3,0,0
662,3,0,0
663,3,0,0
664,3,0,0
665,4,0,0
666,4,0,0
667,4,0,0
668,4,0,0
669,4,0,0
670,4,0,0
671,4,0,0
672,4,0,0
673,4,0,0
674,3,0,0
675,4,0,0
676,5,0,0
677,4,0,0
678,4,0,0
679,3,0,0
680,4,2,1
681,3,0,0
682,3,0,0
683,2,0,0
684,2,0,0
685,3,0,0
686,3,0,0
687,2,0,0
688,3,0,0
689,2,0,0
690,2,0,0
691,2,0,0
692,3,0,0
693,2,0,0
694,2,0,0
695,3,0,0
696,3,0,0
697,3,0,0
698,3,0,0
699,3,0,0
700,3,0,0
701,3,0,0
702,2,0,0
703,1,0,0
704,3,0,0
705,3,0,0
706,3,0,0
707,4,0,0
708,4,0,0
709,3,0,0
710,3,0,0
711,3,0,0
712,2,0,0
713,3,0,0
714,3,0,0
715,3,0,0
716,3,0,0
717,3,0,0
718,3,0,0
719,3,2,1
720,3,0,0
721,3,2,1
722,3,0,0
723,3,0,0
724,3,0,0
725,2,0,0
726,2,0,0
727,2,0,0
728,2,0,0
729,2,0,0
730,2,0,0
731,2,0,0
732,2,0,0
733,2,0,0
734,2,0,0
735,2,0,0
736,2,0,0
737,2,0,0
738,1,0,0
739,1,0,0
740,1,0,0
741,1,0,0
742,1,0,0
743,1,0,0
744,1,0,0
745,1,0,0
746,1,0,0
747,1,0,0
748,1,0,0
749,1,0,0
750,1,0,0
751,1,0,0
752,2,0,0
753,2,0,0
754,2,0,0
755,3,2,1
756,2,0,0
757,2,0,0
758,1,0,0
759,1,0,0
760,1,0,0
761,1,0,0
762,2,0,0
763,2,0,0
764,2,0,0
765,1,0,0
766,1,0,0
767,1,0,0
768,1,0,0
769,1,0,0
770,1,0,0
771,2,0,0
772,1,0,0
773,1,0,0
774,1,0,0
775,1,0,0
776,1,0,0
777,1,0,0
778,1,0,0
779,1,0,0
780,1,0,0
781,3,0,0
782,3,0,0
783,3,0,0
784,3,0,0
785,3,0,0
786,3,2,1
787,3,0,0
788,2,0,0
789,2,0,0
790,2,0,0
791,2,0,0
792,2,0,0
793,2,0,0
794,2,0,0
795,2,0,0
796,3,0,0
797,3,0,0
798,3,0,0
799,4,0,0
800,4,2,1
801,4,2,1
802,4,2,1
803,4,0,0
804,5,0,0
805,5,0,0
806,5,0,0
807,5,0,0
808,5,0,0
809,4,0,0
810,5,2,1
811,3,0,0
812,3,0,0
813,3,0,0
814,3,0,0
815,3,0,0
816,3,2,1
817,1,0,0
818,1,0,0
819,1,0,0
820,1,0,0
821,1,0,0
822,1,0,0
823,2,0,0
824,2,0,0
825,2,0,0
826,2,0,0
827,2,0,0
828,2,0,0
829,2,0,0
830,2,0,0
831,2,0,0
832,2,0,0
833,2,0,0
834,3,0,0
835,2,0,0
836,2,0,0
837,2,0,0
838,2,0,0
839,2,0,0
840,3,2,1
841,3,0,0
842,3,0,0
843,3,2,1
844,3,0,0
845,4,0,0
846,4,0,0
847,3,0,0
848,3,0,0
849,3,0,0
850,3,0,0
851,3,0,0
852,2,0,0
853,2,0,0
854,2,0,0
855,2,0,0
856,2,0,0
857,1,0,0
858,1,0,0
859,1,0,0
860,2,0,0
861,1,0,0
862,2,0,0
863,1,0,0
864,2,0,0
865,1,0,0
866,1,0,0
867,2,0,0
868,2,0,0
869,2,0,0
870,2,0,0
871,2,0,0
872,2,0,0
873,3,0,0
874,3,0,0
875,3,0,0
876,3,0,0
877,2,0,0
878,2,0,0
879,2,0,0
880,2,0,0
881,2,0,0
882,2,0,0
883,1,0,0
884,2,0,0
885,2,0,0
886,2,0,0
887,2,0,0
888,2,0,0
889,2,0,0
890,3,0,0
891,3,0,0
892,4,0,0
893,4,0,0
894,5,0,0
895,5,0,0
896,5,0,0
897,4,2,1
898,5,0,0
899,4,2,1
900,4,0,0
901,4,0,0
902,4,2,1
903,3,2,1
904,3,2,1
905,3,2,1
906,4,3,2
907,4,2,1
908,4,3,2
909,4,3,3
910,4,3,2
911,4,3,3
912,3,3,3
913,4,4,4
914,5,4,5
915,3,2,1
916,4,3,2
917,4,4,4
918,4,4,4
919,4,4,4
920,5,3,3
921,6,4,5
922,5,4,4
923,4,4,3
924,5,4,5
925,5,4,4
926,5,4,4
927,5,4,4
928,5,4,4
929,5,4,4
930,4,4,4
931,6,4,4
932,4,4,5
933,4,4,5
934,4,3,2
935,3,3,2
936,3,3,3
937,3,3,2
938,3,3,3
939,3,3,2
940,3,3,2
941,3,3,2
942,3,3,3
943,3,3,2
944,3,3,2
945,3,3,2
946,3,3,2
947,3,3,3
948,3,3,3
949,3,3,3
950,3,3,2
951,3,3,3
952,4,3,3
953,3,3,3
954,3,3,2
955,3,3,2
956,3,3,2
957,3,3,3
958,3,3,2
959,3,3,3
960,4,3,3
961,4,3,3
962,4,3,3
963,4,3,3
964,4,3,3
965,3,2,1
966,4,3,3
967,3,3,2
968,4,3,2
969,4,2,1
970,4,2,1
971,4,0,0
972,4,0,0
973,4,0,0
974,3,0,0
975,3,2,1
976,3,3,2
977,3,3,2
978,4,3,3
979,4,3,3
980,4,3,3
981,4,4,3
982,4,4,4
983,4,4,4
984,4,4,5
985,4,4,3
986,4,4,4
987,4,4,4
988,5,4,4
989,5,4,5
990,5,5,4
991,5,5,5
992,5,5,5
993,5,5,6
994,5,5,6
995,6,5,7
996,6,5,6
997,5,4,4
998,5,5,5
999,4,4,5
1000,5,5,6
1001,5,5,6
1002,5,5,7
1003,5,5,6
1004,5,5,6
1005,4,4,5
1006,5,5,6
1007,5,4,5
1008,5,5,5
1009,5,5,5
1010,5,5,7
1011,6,6,7
1012,5,4,5
1013,6,4,4
1014,6,4,3
1015,5,4,4
1016,6,4,5
1017,5,4,5
1018,5,4,5
1019,5,4,5
1020,5,4,5
1021,6,4,4
1022,6,4,5
1023,6,4,5
1024,6,4,4
1025,6,4,5
1026,6,4,5
1027,6,4,4
1028,6,4,5
1029,6,4,5
1030,5,4,5
1031,5,4,5
1032,5,4,4
1033,5,4,4
1034,6,5,6
1035,6,4,5
1036,7,4,5
1037,7,4,4
1038,7,4,5
1039,7,4,4
1040,7,4,5
1041,7,4,4
1042,7,4,3
1043,6,4,4
1044,5,3,2
1045,5,3,2
1046,5,3,3
1047,4,3,3
1048,4,3,3
1049,3,3,3
1050,3,3,3
1051,3,2,1
1052,3,3,3
1053,3,3,3
1054,3,3,3
1055,3,3,2
1056,4,3,3
1057,3,3,3
1058,3,3,3
1059,3,3,2
1060,3,3,3
1061,4,4,3
1062,5,4,3
1063,5,4,4
1064,5,4,4
1065,5,4,4
1066,5,4,5
1067,5,4,5
1068,4,4,5
1069,4,4,5
1070,4,4,3
1071,5,5,7
1072,5,5,6
1073,5,5,6
1074,5,5,7
1075,5,5,7
1076,5,5,7
1077,5,5,5
1078,5,5,6
1079,5,5,7
1080,5,5,7
1081,5,5,7
1082,5,5,7
1083,5,5,7
1084,5,5,6
1085,5,5,7
1086,5,5,4
1087,5,5,6
1088,5,5,7
1089,5,5,7
1090,5,5,6
1091,5,5,7
1092,5,5,7
1093,5,5,7
1094,5,5,7
1095,5,5,6
1096,5,5,6
1097,5,5,6
1098,5,4,5
1099,5,4,4
1100,5,4,5
1101,4,3,2
1102,4,4,3
1103,5,4,5
1104,4,4,4
1105,4,4,5
1106,5,4,5
1107,4,4,5
1108,4,4,5
1109,4,4,5
1110,4,4,5
1111,4,4,5
1112,4,4,5
1113,4,4,5
1114,4,4,4
1115,4,4,4
1116,4,4,4
1117,4,4,4
1118,4,4,4
1119,4,4,5
1120,4,4,4
1121,4,4,5
1122,4,4,5
1123,4,4,5
1124,4,4,4
1125,4,4,3
1126,4,4,3
1127,5,4,5
1128,5,4,5
1129,5,4,4
1130,5,4,4
1131,5,4,4
1132,5,3,3
1133,5,4,4
1134,5,2,1
1135,5,5,5
1136,5,4,4
1137,4,4,5
1138,4,3,3
1139,4,4,3
1140,4,4,4
1141,3,3,3
1142,4,4,4
1143,4,2,1
1144,4,4,5
1145,4,3,2
1146,4,3,2
1147,4,3,2
1148,4,3,2
1149,3,3,2
1150,3,3,3
1151,3,3,3
1152,4,4,5
1153,4,4,3
1154,4,3,2
1155,4,4,3
1156,4,4,3
1157,4,4,5
1158,4,4,4
1159,4,4,3
1160,4,4,4
1161,4,4,5
1162,4,4,4
1163,5,4,4
1164,4,4,5
1165,5,4,5
1166,6,5,6
1167,6,5,5
1168,5,5,4
1169,4,4,5
1170,5,5,6
1171,5,5,6
1172,5,5,5
1173,5,5,7
1174,5,5,7
1175,5,5,6
1176,5,5,7
1177,5,5,7
1178,6,5,6
1179,5,5,7
1180,5,5,7
1181,5,5,6
1182,5,5,7
1183,5,5,6
1184,5,5,5
1185,5,5,6
1186,6,5,7
1187,5,5,5
1188,5,5,7
1189,5,5,7
1190,5,5,7
1191,5,5,7
1192,5,5,7
1193,5,5,6
1194,5,5,6
1195,5,5,6
1196,5,5,7
1197,5,5,7
1198,5,5,5
1199,5,5,5
1200,5,5,5
1201,6,5,7
1202,6,5,7
1203,6,5,6
1204,6,5,7
1205,6,5,6
1206,4,4,4
1207,6,5,6
1208,6,4,5
1209,6,3,3
1210,6,3,3
1211,6,3,2
1212,5,3,2
1213,5,3,2
1214,5,3,3
1215,5,3,2
1216,5,3,3
1217,5,4,4
1218,5,5,6
1219,5,5,6
1220,5,5,7
1221,5,5,5
1222,5,5,7
1223,5,5,6
1224,5,5,6
1225,5,5,6
1226,5,5,7
1227,5,5,7
1228,5,5,7
1229,5,5,7
1230,5,5,7
1231,5,5,7
1232,5,5,7
1233,6,5,7
1234,6,6,8
1235,6,4,5
1236,6,6,7
1237,6,5,5
1238,6,5,7
1239,6,5,6
1240,6,5,5
1241,6,4,5
1242,6,5,5
1243,4,4,5
1244,4,4,5
1245,4,4,5
1246,4,4,5
1247,4,4,4
1248,4,4,5
1249,4,4,5
1250,4,4,5
1251,4,4,5
1252,4,4,4
1253,5,4,5
1254,4,4,4
1255,4,4,5
1256,4,4,5
1257,4,4,5
1258,4,4,5
1259,4,4,5
1260,4,4,4
1261,4,4,4
1262,4,4,5
1263,4,4,3
1264,4,4,4
1265,4,4,4
1266,4,2,1
1267,3,3,3
1268,3,3,3
1269,3,3,2
1270,3,3,3
1271,3,3,3
1272,3,3,3
1273,3,3,2
1274,3,3,2
1275,3,3,2
1276,3,3,3
1277,3,3,3
1278,3,3,3
1279,3,3,3
1280,3,3,3
1281,3,3,3
1282,3,3,2
1283,3,3,2
1284,3,3,2
1285,3,2,1
1286,3,3,2
1287,3,3,3
1288,3,3,2
1289,3,3,3
1290,3,3,3
1291,3,3,3
1292,3,3,3
1293,3,3,3
1294,3,3,3
1295,4,3,2
1296,4,2,1
1297,4,2,1
1298,4,2,1
1299,4,3,2
1300,3,3,2
1301,3,3,2
1302,3,3,3
1303,3,2,1
1304,3,3,2
1305,3,3,3
1306,3,3,2
1307,3,3,2
1308,3,3,3
1309,3,3,3
1310,3,3,3
1311,3,3,2
1312,3,2,1
1313,3,3,3
1314,3,3,2
1315,3,3,2
1316,3,3,2
1317,3,3,2
1318,3,3,3
1319,3,3,2
1320,3,3,2
1321,3,3,2
1322,3,3,2
1323,3,3,3
1324,3,2,1
1325,3,2,1
1326,3,2,1
1327,3,3,2
1328,3,2,1
1329,3,2,1
1330,3,0,0
1331,3,0,0
1332,3,0,0
1333,3,0,0
1334,3,2,1
1335,3,0,0
1336,3,0,0
1337,3,0,0
1338,3,2,1
1339,3,0,0
1340,3,0,0
1341,3,0,0
1342,2,0,0
1343,2,0,0
1344,2,0,0
1345,2,0,0
1346,3,0,0
1347,2,0,0
1348,2,0,0
1349,2,0,0
1350,2,0,0
1351,3,2,1
1352,3,0,0
1353,3,0,0
1354,3,0,0
1355,4,0,0
1356,4,2,1
1357,4,0,0
1358,4,2,1
1359,4,0,0
1360,4,0,0
1361,5,2,1
1362,5,2,1
1363,5,2,1
1364,4,2,1
1365,4,2,1
1366,5,0,0
1367,3,0,0
1368,3,0,0
1369,3,2,1
1370,3,0,0
1371,3,0,0
1372,3,2,1
1373,3,0,0
1374,3,0,0
1375,3,0,0
1376,3,0,0
1377,2,0,0
1378,2,0,0
1379,1,0,0
1380,1,0,0
1381,1,0,0
1382,1,0,0
1383,2,0,0
1384,1,0,0
1385,1,0,0
1386,1,0,0
1387,1,0,0
1388,1,0,0
1389,1,0,0
1390,1,0,0
1391,1,0,0
1392,1,0,0
1393,1,0,0
1394,2,0,0
1395,1,0,0
1396,1,0,0
1397,1,0,0
1398,2,0,0
1399,2,0,0
1400,2,0,0
1401,2,0,0
1402,2,0,0
1403,2,0,0
1404,3,0,0
1405,3,0,0
1406,3,0,0
1407,3,0,0
1408,4,0,0
1409,4,2,1
1410,4,2,1
1411,4,2,1
1412,4,2,1
1413,4,0,0
1414,3,0,0
1415,4,0,0
1416,5,0,0
1417,3,0,0
1418,3,2,1
1419,4,2,1
1420,3,0,0
1421,2,0,0
1422,2,0,0
1423,2,0,0
1424,2,0,0
1425,2,0,0
1426,2,0,0
1427,2,0,0
1428,2,0,0
1429,2,0,0
1430,1,0,0
1431,2,0,0
1432,2,0,0
1433,2,0,0
1434,2,0,0
1435,2,0,0
1436,2,0,0
1437,2,0,0
1438,2,0,0
1439,2,0,0
1440,2,0,0
1441,3,0,0
1442,3,0,0
1443,3,0,0
1444,4,0,0
1445,4,0,0
1446,5,0,0
1447,5,0,0
1448,5,0,0
1449,5,2,1
1450,6,2,1
1451,6,2,1
1452,5,0,0
1453,5,0,0
1454,4,0,0
1455,4,0,0
1456,4,0,0
1457,4,0,0
1458,4,2,1
1459,4,0,0
1460,3,0,0
1461,4,0,0
1462,4,0,0
1463,4,2,1
1464,3,0,0
1465,3,2,1
1466,3,2,1
1467,3,0,0
1468,3,0,0
1469,3,0,0
1470,3,0,0
1471,3,0,0
1472,3,0,0
1473,3,0,0
1474,4,0,0
1475,4,0,0
1476,5,0,0
1477,4,0,0
1478,4,0,0
1479,4,3,2
1480,3,3,2
1481,3,2,1
1482,4,4,4
1483,3,3,3
1484,3,3,2
1485,3,3,2
1486,4,2,1
1487,5,2,1
1488,3,2,1
1489,3,0,0
1490,3,0,0
1491,3,0,0
1492,3,0,0
1493,3,0,0
1494,2,0,0
1495,2,0,0
1496,2,0,0
1497,2,0,0
1498,2,0,0
1499,2,0,0
1500,2,0,0
1501,2,0,0
1502,2,0,0
1503,1,0,0
1504,1,0,0
1505,1,0,0
1506,1,0,0
1507,2,0,0
1508,2,0,0
1509,2,0,0
1510,2,0,0
1511,2,0,0
1512,4,0,0
1513,2,0,0
1514,2,0,0
1515,2,0,0
1516,2,0,0
1517,2,0,0
1518,2,0,0
1519,2,0,0
1520,2,0,0
1521,2,0,0
1522,2,0,0
1523,2,0,0
1524,2,0,0
1525,2,0,0
1526,2,0,0
1527,2,0,0
1528,2,0,0
1529,2,0,0
1530,2,0,0
1531,2,0,0
1532,3,0,0
1533,2,0,0
1534,2,0,0
1535,2,0,0
1536,2,0,0
1537,2,0,0
1538,2,0,0
1539,2,0,0
1540,1,0,0
1541,1,0,0
1542,1,0,0
1543,1,0,0
1544,1,0,0
1545,1,0,0
1546,1,0,0
1547,1,0,0
1548,1,0,0
1549,1,0,0
1550,3,0,0
1551,2,0,0
1552,2,0,0
1553,2,0,0
1554,2,0,0
1555,2,0,0
1556,2,0,0
1557,2,0,0
1558,2,0,0
1559,3,0,0
1560,2,0,0
1561,2,0,0
1562,2,0,0
1563,2,0,0
1564,3,0,0
1565,2,0,0
1566,2,0,0
1567,2,0,0
1568,2,0,0
1569,2,0,0
1570,2,0,0
1571,1,0,0
1572,1,0,0
1573,0,0,0
1574,0,0,0
1575,0,0,0
1576,0,0,0
1577,0,0,0
1578,0,0,0
1579,0,0,0
1580,1,0,0
1581,1,0,0
1582,1,0,0
1583,1,0,0
1584,1,0,0
1585,2,0,0
1586,1,0,0
1587,1,0,0
1588,1,0,0
1589,2,0,0
1590,1,0,0
1591,1,0,0
1592,1,0,0
1593,1,0,0
1594,1,0,0
1595,1,0,0
1596,1,0,0
1597,1,0,0
1598,1,0,0
1599,1,0,0
1600,1,0,0
1601,1,0,0
1602,1,0,0
1603,1,0,0
1604,1,0,0
1605,1,0,0
1606,1,0,0
1607,1,0,0
1608,1,0,0
1609,1,0,0
1610,1,0,0
1611,1,0,0
1612,1,0,0
1613,2,0,0
1614,1,0,0
1615,1,0,0
1616,2,0,0
1617,3,0,0
1618,2,0,0
1619,2,0,0
1620,2,0,0
1621,2,0,0
1622,2,0,0
1623,2,0,0
1624,2,0,0
1625,2,0,0
1626,2,0,0
1627,3,0,0
1628,3,0,0
1629,3,2,1
1630,3,0,0
1631,3,2,1
1632,3,0,0
1633,3,0,0
1634,3,0,0
1635,2,0,0
1636,3,0,0
1637,3,0,0
1638,3,0,0
1639,3,0,0
1640,3,0,0
1641,3,0,0
1642,3,0,0
1643,3,0,0
1644,3,0,0
1645,3,0,0
1646,3,0,0
1647,3,0,0
1648,3,0,0
1649,3,0,0
1650,3,0,0
1651,2,0,0
1652,2,0,0
1653,2,0,0
1654,3,0,0
1655,2,0,0
1656,2,0,0
1657,2,0,0
1658,2,0,0
1659,2,0,0
1660,1,0,0
1661,1,0,0
1662,1,0,0
1663,1,0,0
1664,1,0,0
1665,1,0,0
1666,1,0,0
1667,2,0,0
1668,2,0,0
1669,2,0,0
1670,2,0,0
1671,1,0,0
1672,3,0,0
1673,3,0,0
1674,2,0,0
1675,3,0,0
1676,3,0,0
1677,3,0,0
1678,3,0,0
1679,3,0,0
1680,3,0,0
1681,3,0,0
1682,3,0,0
1683,3,2,1
1684,3,0,0
1685,3,2,1
1686,4,4,4
1687,4,4,5
1688,4,4,5
1689,4,4,4
1690,4,4,5
1691,4,4,4
1692,4,4,4
1693,4,4,4
1694,5,4,5
1695,5,4,5
1696,4,4,4
1697,4,4,5
1698,4,4,5
1699,4,4,5
1700,4,4,5
1701,4,4,5
1702,4,4,5
1703,4,3,3
1704,5,4,4
1705,5,4,5
1706,6,5,7
1707,6,5,7
1708,6,4,5
1709,6,5,7
1710,6,5,7
1711,7,5,7
1712,6,5,7
1713,7,6,8
1714,7,6,9
1715,7,6,9
1716,6,5,7
1717,7,6,8
1718,6,5,7
1719,7,7,10
1720,7,7,12
1721,7,7,12
1722,7,7,12
1723,7,7,12
1724,7,7,11
1725,7,7,12
1726,7,7,12
1727,7,7,12
1728,6,6,10
1729,7,7,11
1730,7,7,12
1731,7,7,11
1732,7,7,12
1733,7,7,12
1734,7,7,12
1735,7,7,11
1736,7,7,12
1737,7,7,11
1738,7,7,11
1739,6,6,10
1740,7,7,11
1741,7,7,11
1742,7,7,11
1743,7,7,12
1744,7,7,12
1745,7,7,12
1746,7,7,12
1747,7,7,11
1748,7,7,11
1749,7,7,11
1750,7,7,11
1751,7,7,10
1752,7,7,11
1753,7,7,12
1754,7,7,12
1755,7,7,12
1756,7,7,12
1757,6,6,10
1758,7,7,12
1759,7,7,12
1760,7,7,12
1761,7,7,10
1762,7,7,12
1763,7,7,12
1764,7,7,12
1765,7,7,12
1766,7,7,12
1767,7,7,11
1768,7,7,12
1769,7,7,11
1770,7,7,11
1771,7,7,11
1772,7,7,11
1773,7,7,12
1774,7,7,11
1775,7,7,12
1776,7,7,12
1777,7,7,10
1778,7,7,10
1779,7,7,12
1780,7,7,12
1781,7,7,10
1782,7,7,11
1783,7,7,11
1784,7,7,10
1785,7,7,10
1786,7,7,12
1787,7,7,12
1788,7,7,11
1789,7,7,11
1790,7,7,12
1791,7,7,12
1792,7,7,12
1793,7,7,12
1794,7,7,12
1795,7,7,12
1796,7,7,12
1797,7,7,11
1798,7,7,12
1799,7,7,12
1800,7,7,11
1801,7,7,11
1802,7,7,12
1803,7,7,12
1804,7,7,12
1805,7,7,12
1806,7,7,12
1807,7,7,12
1808,7,7,12
1809,7,7,11
1810,7,7,12
1811,7,7,11
1812,7,7,11
1813,7,7,11
1814,7,7,12
1815,7,7,12
1816,7,7,12
1817,7,7,12
1818,7,7,10
1819,7,7,11
1820,7,7,12
1821,7,7,12
1822,7,7,12
1823,7,7,12
1824,7,7,12
1825,7,7,12
1826,8,7,12
1827,6,6,10
1828,7,7,12
1829,7,7,9
1830,7,7,11
1831,7,7,11
1832,7,7,11
1833,6,6,9
1834,7,7,11
1835,7,6,10
1836,7,6,8
1837,7,6,10
1838,7,6,10
1839,7,6,10
1840,7,6,9
1841,7,6,10
1842,6,6,10
1843,6,6,10
1844,6,6,9
1845,6,6,10
1846,6,6,10
1847,6,6,10
1848,6,6,10
1849,6,6,10
1850,6,6,10
1851,6,6,10
1852,6,6,10
1853,6,6,9
1854,6,6,10
1855,6,6,10
1856,6,6,9
1857,6,6,10
1858,6,6,10
1859,6,6,10
1860,6,6,10
1861,6,6,10
1862,6,6,10
1863,6,6,10
1864,6,6,10
1865,7,6,10
1866,6,6,10
1867,6,6,10
1868,6,6,10
1869,6,6,9
1870,6,6,10
1871,6,6,10
1872,6,6,10
1873,6,6,10
1874,6,6,10
1875,7,6,10
1876,6,6,8
1877,6,6,9
1878,6,6,8
1879,6,6,8
1880,6,6,7
1881,6,6,9
1882,6,6,9
1883,6,6,8
1884,6,6,8
1885,6,6,8
1886,6,6,10
1887,6,6,9
1888,6,6,9
1889,6,6,9
1890,6,6,9
1891,6,6,10
1892,6,6,9
1893,6,6,9
1894,6,6,9
1895,6,6,10
1896,6,6,9
1897,6,6,10
1898,6,6,9
1899,6,6,8
1900,6,6,9
1901,6,6,10
1902,6,6,10
1903,6,6,9
1904,6,6,10
1905,6,6,9
1906,6,6,10
1907,6,6,10
1908,6,6,10
1909,6,6,10
1910,6,6,8
1911,6,6,10
1912,6,6,9
1913,6,6,9
1914,6,6,8
1915,6,6,7
1916,6,6,6
1917,6,5,7
1918,6,6,10
1919,6,6,7
1920,6,6,9
1921,6,6,8
1922,6,5,6
1923,6,6,8
1924,6,6,8
1925,6,6,9
1926,6,6,10
1927,6,6,9
1928,6,6,10
1929,6,6,10
1930,6,6,10
1931,6,6,9
1932,6,6,10
1933,6,6,9
1934,6,6,10
1935,6,6,10
1936,7,6,10
1937,7,6,10
1938,7,6,9
1939,7,6,9
1940,7,6,10
1941,7,6,10
1942,7,6,10
1943,7,6,9
1944,6,6,10
1945,7,6,10
1946,7,6,10
1947,7,6,9
1948,6,6,10
1949,6,6,9
1950,6,6,10
1951,6,6,10
1952,6,6,10
1953,6,6,10
1954,6,6,10
1955,6,6,10
1956,6,6,10
1957,6,6,8
1958,6,6,9
1959,6,6,10
1960,6,6,10
1961,6,6,10
1962,6,6,10
1963,6,6,9
1964,6,6,10
1965,6,6,10
1966,6,6,10
1967,7,6,10
1968,7,6,9
1969,7,6,10
1970,7,6,10
1971,7,7,11
1972,7,7,10
1973,7,7,11
1974,7,7,11
1975,7,7,10
1976,6,6,10
1977,6,6,10
1978,7,6,10
1979,7,7,12
1980,7,7,11
1981,7,7,11
1982,7,7,12
1983,7,7,12
1984,7,7,11
1985,7,7,12
1986,8,7,12
1987,8,7,12
1988,8,7,12
1989,8,7,12
1990,8,7,12
1991,8,7,12
1992,8,7,12
1993,7,7,12
1994,7,7,12
1995,7,7,12
1996,7,7,12
1997,7,7,12
1998,7,7,12
1999,7,7,12
