0,0,0,0
1,1,0,0
2,1,0,0
3,1,0,0
4,1,0,0
5,1,0,0
6,2,0,0
7,2,0,0
8,2,0,0
9,2,0,0
10,2,0,0
11,2,0,0
12,2,0,0
13,2,0,0
14,2,0,0
15,2,0,0
16,2,0,0
17,1,0,0
18,2,0,0
19,3,0,0
20,3,0,0
21,3,0,0
22,3,0,0
23,3,0,0
24,3,0,0
25,4,0,0
26,3,0,0
27,3,0,0
28,2,0,0
29,2,0,0
30,2,0,0
31,3,0,0
32,3,0,0
33,3,0,0
34,3,0,0
35,3,0,0
36,3,0,0
37,3,0,0
38,2,0,0
39,2,0,0
40,2,0,0
41,3,0,0
42,2,0,0
43,1,0,0
44,2,0,0
45,3,0,0
46,3,0,0
47,2,0,0
48,2,0,0
49,2,0,0
50,2,0,0
51,2,0,0
52,2,0,0
53,1,0,0
54,1,0,0
55,1,0,0
56,1,0,0
57,1,0,0
58,1,0,0
59,1,0,0
60,1,0,0
61,1,0,0
62,1,0,0
63,1,0,0
64,1,0,0
65,1,0,0
66,1,0,0
67,1,0,0
68,1,0,0
69,1,0,0
70,2,0,0
71,3,0,0
72,3,0,0
73,3,0,0
74,3,0,0
75,2,0,0
76,2,0,0
77,2,0,0
78,2,2,1
79,2,2,1
80,2,0,0
81,2,0,0
82,2,0,0
83,2,0,0
84,2,0,0
85,2,0,0
86,2,0,0
87,1,0,0
88,1,0,0
89,1,0,0
90,1,0,0
91,2,0,0
92,2,0,0
93,2,0,0
94,2,0,0
95,2,2,1
96,2,0,0
97,3,0,0
98,2,0,0
99,2,0,0
100,2,0,0
101,2,0,0
102,2,0,0
103,2,0,0
104,2,0,0
105,2,0,0
106,2,0,0
107,2,0,0
108,2,0,0
109,2,0,0
110,2,0,0
111,2,0,0
112,3,0,0
113,3,0,0
114,3,0,0
115,4,0,0
116,4,0,0
117,3,2,1
118,3,0,0
119,3,0,0
120,3,0,0
121,3,0,0
122,3,0,0
123,3,0,0
124,3,0,0
125,3,2,1
126,2,2,1
127,2,2,1
128,2,2,1
129,2,2,1
130,2,2,1
131,2,2,1
132,2,2,1
133,2,2,1
134,2,2,1
135,2,2,1
136,2,2,1
137,2,2,1
138,3,2,1
139,2,2,1
140,2,2,1
141,2,2,1
142,2,2,1
143,2,0,0
144,2,2,1
145,2,0,0
146,2,0,0
147,2,0,0
148,3,0,0
149,3,0,0
150,3,0,0
151,3,0,0
152,3,0,0
153,2,0,0
154,2,0,0
155,2,0,0
156,2,0,0
157,2,0,0
158,2,0,0
159,2,0,0
160,2,0,0
161,2,0,0
162,3,0,0
163,4,0,0
164,4,0,0
165,4,2,1
166,4,0,0
167,4,0,0
168,4,0,0
169,4,0,0
170,3,0,0
171,3,0,0
172,3,0,0
173,3,2,1
174,3,0,0
175,3,0,0
176,2,0,0
177,2,2,1
178,2,0,0
179,2,0,0
180,2,0,0
181,2,0,0
182,2,0,0
183,2,0,0
184,2,0,0
185,2,0,0
186,2,0,0
187,2,0,0
188,3,0,0
189,2,0,0
190,2,0,0
191,2,0,0
192,2,0,0
193,2,0,0
194,2,0,0
195,1,0,0
196,2,0,0
197,2,0,0
198,2,0,0
199,1,0,0
200,2,0,0
201,1,0,0
202,1,0,0
203,1,0,0
204,1,0,0
205,1,0,0
206,1,0,0
207,1,0,0
208,1,0,0
209,1,0,0
210,1,0,0
211,1,0,0
212,1,0,0
213,1,0,0
214,1,0,0
215,1,0,0
216,1,0,0
217,1,0,0
218,1,0,0
219,1,0,0
220,1,0,0
221,1,0,0
222,1,0,0
223,2,0,0
224,1,0,0
225,2,0,0
226,2,0,0
227,2,0,0
228,2,0,0
229,1,0,0
230,1,0,0
231,2,0,0
232,2,0,0
233,2,0,0
234,2,0,0
235,2,0,0
236,1,0,0
237,1,0,0
238,1,0,0
239,1,0,0
240,1,0,0
241,1,0,0
242,2,0,0
243,2,0,0
244,2,0,0
245,2,0,0
246,2,0,0
247,3,0,0
248,2,0,0
249,2,0,0
250,3,2,1
251,3,2,1
252,3,2,1
253,3,0,0
254,3,2,1
255,3,2,1
256,3,3,2
257,2,0,0
258,2,0,0
259,3,0,0
260,3,0,0
261,4,0,0
262,3,2,1
263,3,2,1
264,3,0,0
265,3,0,0
266,2,0,0
267,1,0,0
268,1,0,0
269,1,0,0
270,2,0,0
271,1,0,0
272,1,0,0
273,1,0,0
274,1,0,0
275,0,0,0
276,1,0,0
277,1,0,0
278,1,0,0
279,1,0,0
280,2,0,0
281,2,0,0
282,2,0,0
283,3,0,0
284,2,0,0
285,1,0,0
286,1,0,0
287,2,0,0
288,2,0,0
289,2,0,0
290,2,0,0
291,3,0,0
292,3,0,0
293,3,0,0
294,3,0,0
295,2,0,0
296,2,0,0
297,2,0,0
298,2,0,0
299,2,0,0
300,2,0,0
301,2,0,0
302,3,0,0
303,3,0,0
304,2,0,0
305,2,0,0
306,2,0,0
307,1,0,0
308,1,0,0
309,1,0,0
310,1,0,0
311,1,0,0
312,1,0,0
313,2,0,0
314,2,0,0
315,2,0,0
316,2,0,0
317,2,0,0
318,2,0,0
319,2,0,0
320,2,0,0
321,2,0,0
322,2,0,0
323,3,0,0
324,2,0,0
325,3,0,0
326,3,0,0
327,3,0,0
328,3,0,0
329,3,0,0
330,3,0,0
331,3,0,0
332,3,0,0
333,3,0,0
334,3,0,0
335,3,0,0
336,3,0,0
337,3,0,0
338,3,0,0
339,3,0,0
340,3,0,0
341,3,0,0
342,3,0,0
343,3,2,1
344,2,0,0
345,2,0,0
346,2,0,0
347,2,0,0
348,3,0,0
349,3,0,0
350,3,0,0
351,3,2,1
352,3,2,1
353,3,2,1
354,3,2,1
355,3,2,1
356,3,0,0
357,3,0,0
358,3,0,0
359,3,0,0
360,3,0,0
361,2,0,0
362,2,0,0
363,2,0,0
364,3,0,0
365,3,0,0
366,3,0,0
367,3,0,0
368,2,0,0
369,2,0,0
370,2,0,0
371,2,0,0
372,2,0,0
373,2,0,0
374,2,0,0
375,2,0,0
376,2,0,0
377,2,0,0
378,2,0,0
379,2,0,0
380,2,0,0
381,2,0,0
382,2,0,0
383,3,0,0
384,3,0,0
385,3,0,0
386,2,0,0
387,2,0,0
388,2,0,0
389,1,0,0
390,1,0,0
391,1,0,0
392,1,0,0
393,1,0,0
394,1,0,0
395,2,0,0
396,2,0,0
397,2,0,0
398,2,0,0
399,2,0,0
400,2,0,0
401,2,0,0
402,2,0,0
403,3,0,0
404,2,0,0
405,2,0,0
406,2,0,0
407,1,0,0
408,1,0,0
409,1,0,0
410,1,0,0
411,1,0,0
412,1,0,0
413,2,0,0
414,1,0,0
415,2,0,0
416,2,0,0
417,2,0,0
418,3,0,0
419,2,0,0
420,3,0,0
421,2,0,0
422,2,0,0
423,2,0,0
424,1,0,0
425,2,0,0
426,2,0,0
427,2,0,0
428,2,0,0
429,2,0,0
430,2,0,0
431,2,0,0
432,3,0,0
433,2,0,0
434,3,0,0
435,3,0,0
436,3,0,0
437,3,0,0
438,3,0,0
439,3,0,0
440,3,0,0
441,3,0,0
442,3,0,0
443,2,0,0
444,2,0,0
445,2,0,0
446,3,0,0
447,3,2,1
448,4,0,0
449,3,0,0
450,3,0,0
451,2,0,0
452,2,0,0
453,2,0,0
454,2,0,0
455,2,0,0
456,2,0,0
457,2,0,0
458,1,0,0
459,1,0,0
460,1,0,0
461,3,0,0
462,3,0,0
463,2,0,0
464,2,2,1
465,2,0,0
466,2,0,0
467,2,0,0
468,2,0,0
469,2,0,0
470,3,0,0
471,3,0,0
472,3,0,0
473,2,0,0
474,2,0,0
475,2,0,0
476,2,0,0
477,2,0,0
478,2,0,0
479,2,0,0
480,2,0,0
481,2,0,0
482,2,0,0
483,2,0,0
484,2,2,1
485,2,0,0
486,2,0,0
487,2,0,0
488,4,0,0
489,3,0,0
490,3,0,0
491,3,0,0
492,3,0,0
493,3,0,0
494,3,0,0
495,3,0,0
496,3,0,0
497,3,0,0
498,3,2,1
499,3,2,1
500,3,2,1
501,3,2,1
502,3,3,3
503,3,3,3
504,3,3,2
505,3,3,3
506,3,3,2
507,3,3,2
508,3,3,3
509,3,3,3
510,3,3,2
511,3,3,3
512,3,3,3
513,3,2,1
514,3,3,2
515,3,2,1
516,3,2,1
517,4,2,1
518,4,3,3
519,4,3,3
520,4,3,2
521,3,3,3
522,4,3,2
523,3,3,3
524,3,3,3
525,3,3,2
526,3,3,3
527,3,3,3
528,3,3,3
529,3,3,3
530,4,4,3
531,3,3,3
532,3,3,3
533,4,3,2
534,3,3,3
535,3,3,3
536,3,3,3
537,3,3,3
538,3,3,3
539,3,3,3
540,3,3,3
541,3,3,3
542,3,3,3
543,3,3,2
544,3,3,3
545,3,3,2
546,3,3,3
547,3,3,2
548,3,0,0
549,3,0,0
550,3,2,1
551,3,3,3
552,3,3,3
553,3,3,2
554,3,3,2
555,3,3,3
556,3,3,3
557,3,2,1
558,3,0,0
559,3,2,1
560,4,0,0
561,4,0,0
562,4,0,0
563,4,0,0
564,4,2,1
565,4,0,0
566,4,0,0
567,5,4,3
568,4,0,0
569,4,2,1
570,4,0,0
571,4,0,0
572,3,0,0
573,3,0,0
574,4,0,0
575,4,0,0
576,3,0,0
577,3,0,0
578,2,0,0
579,2,0,0
580,2,0,0
581,2,0,0
582,2,0,0
583,2,0,0
584,2,0,0
585,3,0,0
586,2,0,0
587,2,0,0
588,2,0,0
589,2,0,0
590,2,0,0
591,2,0,0
592,2,0,0
593,3,0,0
594,3,0,0
595,2,0,0
596,2,0,0
597,2,0,0
598,2,0,0
599,2,0,0
600,1,0,0
601,2,0,0
602,2,0,0
603,2,0,0
604,2,0,0
605,2,0,0
606,1,0,0
607,2,0,0
608,2,0,0
609,2,0,0
610,2,0,0
611,2,0,0
612,1,0,0
613,2,0,0
614,2,0,0
615,2,0,0
616,2,0,0
617,2,0,0
618,2,0,0
619,2,0,0
620,2,0,0
621,2,0,0
622,3,0,0
623,2,0,0
624,2,0,0
625,2,0,0
626,2,0,0
627,2,0,0
628,3,0,0
629,2,0,0
630,1,0,0
631,1,0,0
632,1,0,0
633,1,0,0
634,1,0,0
635,2,0,0
636,1,0,0
637,1,0,0
638,1,0,0
639,1,0,0
640,1,0,0
641,1,0,0
642,1,0,0
643,1,0,0
644,1,0,0
645,1,0,0
646,1,0,0
647,1,0,0
648,1,0,0
649,1,0,0
650,1,0,0
651,1,0,0
652,1,0,0
653,1,0,0
654,1,0,0
655,2,0,0
656,1,0,0
657,2,0,0
658,1,0,0
659,1,0,0
660,0,0,0
661,2,0,0
662,1,0,0
663,1,0,0
664,1,0,0
665,1,0,0
666,1,0,0
667,1,0,0
668,1,0,0
669,2,0,0
670,2,0,0
671,1,0,0
672,2,0,0
673,2,0,0
674,3,0,0
675,3,0,0
676,3,0,0
677,3,0,0
678,3,0,0
679,2,0,0
680,2,0,0
681,2,0,0
682,2,0,0
683,2,0,0
684,2,0,0
685,2,0,0
686,2,0,0
687,2,0,0
688,2,0,0
689,2,0,0
690,2,0,0
691,2,0,0
692,1,0,0
693,2,0,0
694,2,0,0
695,2,0,0
696,3,0,0
697,3,0,0
698,2,0,0
699,2,0,0
700,3,0,0
701,3,0,0
702,3,0,0
703,3,0,0
704,2,0,0
705,2,0,0
706,2,0,0
707,2,0,0
708,2,0,0
709,2,0,0
710,2,0,0
711,3,2,1
712,3,2,1
713,2,2,1
714,3,2,1
715,2,2,1
716,2,2,1
717,2,0,0
718,2,0,0
719,2,0,0
720,2,0,0
721,2,0,0
722,2,0,0
723,1,0,0
724,1,0,0
725,3,2,1
726,2,0,0
727,2,0,0
728,3,0,0
729,3,0,0
730,2,0,0
731,3,0,0
732,3,0,0
733,3,0,0
734,3,0,0
735,3,0,0
736,3,0,0
737,3,0,0
738,3,0,0
739,2,0,0
740,1,0,0
741,1,0,0
742,1,0,0
743,1,0,0
744,1,0,0
745,2,0,0
746,2,0,0
747,2,0,0
748,3,0,0
749,1,0,0
750,1,0,0
751,1,0,0
752,1,0,0
753,1,0,0
754,1,0,0
755,1,0,0
756,1,0,0
757,1,0,0
758,1,0,0
759,1,0,0
760,2,0,0
761,1,0,0
762,3,0,0
763,3,2,1
764,4,0,0
765,4,0,0
766,3,0,0
767,3,0,0
768,3,2,1
769,3,2,1
770,3,0,0
771,3,0,0
772,3,0,0
773,2,0,0
774,2,0,0
775,2,0,0
776,2,0,0
777,3,0,0
778,3,0,0
779,3,0,0
780,3,0,0
781,3,0,0
782,3,0,0
783,3,0,0
784,3,0,0
785,3,0,0
786,3,2,1
787,3,0,0
788,1,0,0
789,2,0,0
790,2,0,0
791,1,0,0
792,2,0,0
793,2,0,0
794,2,0,0
795,2,0,0
796,2,0,0
797,2,0,0
798,2,0,0
799,2,0,0
800,2,0,0
801,2,0,0
802,2,0,0
803,1,0,0
804,1,0,0
805,2,0,0
806,2,0,0
807,1,0,0
808,2,0,0
809,3,0,0
810,3,0,0
811,4,0,0
812,3,0,0
813,3,0,0
814,3,0,0
815,3,0,0
816,3,0,0
817,3,0,0
818,2,0,0
819,2,0,0
820,2,0,0
821,2,0,0
822,2,0,0
823,2,0,0
824,2,0,0
825,2,0,0
826,2,0,0
827,2,0,0
828,2,0,0
829,2,0,0
830,2,0,0
831,2,0,0
832,1,0,0
833,2,0,0
834,3,0,0
835,1,0,0
836,2,0,0
837,2,2,1
838,2,2,1
839,2,2,1
840,2,0,0
841,2,0,0
842,2,0,0
843,2,2,1
844,2,2,1
845,2,2,1
846,2,2,1
847,2,2,1
848,3,2,1
849,3,2,1
850,3,2,1
851,3,2,1
852,3,2,1
853,2,2,1
854,2,0,0
855,3,0,0
856,3,0,0
857,3,0,0
858,3,0,0
859,3,2,1
860,3,2,1
861,3,2,1
862,3,0,0
863,3,0,0
864,4,0,0
865,3,0,0
866,3,0,0
867,3,0,0
868,3,0,0
869,3,2,1
870,3,0,0
871,3,0,0
872,3,0,0
873,3,0,0
874,3,0,0
875,3,2,1
876,3,0,0
877,3,0,0
878,3,0,0
879,3,0,0
880,3,0,0
881,2,0,0
882,2,0,0
883,1,0,0
884,2,0,0
885,2,0,0
886,1,0,0
887,2,0,0
888,3,0,0
889,1,0,0
890,1,0,0
891,1,0,0
892,1,0,0
893,1,0,0
894,1,0,0
895,1,0,0
896,1,0,0
897,1,0,0
898,1,0,0
899,1,0,0
900,1,0,0
901,1,0,0
902,2,0,0
903,1,0,0
904,1,0,0
905,1,0,0
906,1,0,0
907,1,0,0
908,0,0,0
909,0,0,0
910,1,0,0
911,1,0,0
912,2,0,0
913,3,0,0
914,1,0,0
915,1,0,0
916,1,0,0
917,1,0,0
918,2,0,0
919,2,0,0
920,2,0,0
921,2,0,0
922,2,0,0
923,2,0,0
924,2,0,0
925,3,0,0
926,3,0,0
927,2,0,0
928,2,0,0
929,2,0,0
930,2,0,0
931,2,0,0
932,2,0,0
933,2,0,0
934,2,0,0
935,2,0,0
936,2,0,0
937,2,0,0
938,3,0,0
939,2,0,0
940,1,0,0
941,1,0,0
942,1,0,0
943,1,0,0
944,2,0,0
945,2,0,0
946,3,0,0
947,2,0,0
948,2,2,1
949,2,0,0
950,2,0,0
951,2,0,0
952,2,0,0
953,2,0,0
954,2,0,0
955,2,0,0
956,2,0,0
957,3,0,0
958,3,0,0
959,3,0,0
960,3,0,0
961,3,0,0
962,3,2,1
963,3,0,0
964,3,2,1
965,3,0,0
966,3,0,0
967,3,0,0
968,3,0,0
969,1,0,0
970,2,0,0
971,2,0,0
972,2,0,0
973,2,0,0
974,2,0,0
975,1,0,0
976,1,0,0
977,3,0,0
978,3,0,0
979,2,0,0
980,2,0,0
981,2,0,0
982,2,0,0
983,2,0,0
984,2,0,0
985,2,0,0
986,2,0,0
987,2,0,0
988,2,0,0
989,2,0,0
990,1,0,0
991,1,0,0
992,0,0,0
993,0,0,0
994,0,0,0
995,0,0,0
996,0,0,0
997,0,0,0
998,0,0,0
999,1,0,0
1000,1,0,0
1001,1,0,0
1002,1,0,0
1003,1,0,0
1004,0,0,0
1005,0,0,0
1006,0,0,0
1007,1,0,0
1008,0,0,0
1009,0,0,0
1010,2,0,0
1011,1,0,0
1012,1,0,0
1013,1,0,0
1014,1,0,0
1015,1,0,0
1016,1,0,0
1017,1,0,0
1018,1,0,0
1019,1,0,0
1020,1,0,0
1021,2,0,0
1022,3,0,0
1023,3,0,0
1024,2,0,0
1025,3,0,0
1026,2,0,0
1027,2,0,0
1028,2,0,0
1029,2,0,0
1030,2,2,1
1031,2,0,0
1032,2,0,0
1033,2,0,0
1034,2,0,0
1035,2,0,0
1036,2,2,1
1037,2,0,0
1038,2,2,1
1039,2,0,0
1040,3,0,0
1041,2,0,0
1042,2,0,0
1043,2,0,0
1044,3,0,0
1045,2,0,0
1046,1,0,0
1047,1,0,0
1048,1,0,0
1049,1,0,0
1050,1,0,0
1051,1,0,0
1052,1,0,0
1053,1,0,0
1054,1,0,0
1055,1,0,0
1056,1,0,0
1057,2,0,0
1058,2,0,0
1059,2,0,0
1060,3,0,0
1061,3,0,0
1062,3,0,0
1063,3,0,0
1064,2,0,0
1065,2,0,0
1066,2,0,0
1067,2,2,1
1068,3,0,0
1069,2,0,0
1070,2,0,0
1071,2,0,0
1072,2,0,0
1073,2,0,0
1074,2,0,0
1075,2,0,0
1076,2,0,0
1077,2,2,1
1078,2,0,0
1079,3,0,0
1080,2,0,0
1081,2,0,0
1082,3,0,0
1083,2,0,0
1084,2,0,0
1085,2,0,0
1086,2,0,0
1087,2,0,0
1088,2,0,0
1089,2,0,0
1090,2,0,0
1091,2,0,0
1092,1,0,0
1093,1,0,0
1094,3,0,0
1095,1,0,0
1096,1,0,0
1097,1,0,0
1098,1,0,0
1099,1,0,0
1100,1,0,0
1101,1,0,0
1102,1,0,0
1103,1,0,0
1104,1,0,0
1105,1,0,0
1106,1,0,0
1107,1,0,0
1108,2,0,0
1109,1,0,0
1110,1,0,0
1111,1,0,0
1112,2,0,0
1113,2,0,0
1114,2,0,0
1115,2,0,0
1116,2,0,0
1117,2,0,0
1118,2,0,0
1119,2,0,0
1120,3,0,0
1121,3,0,0
1122,3,0,0
1123,3,0,0
1124,3,0,0
1125,2,0,0
1126,2,0,0
1127,2,0,0
1128,2,0,0
1129,2,0,0
1130,2,0,0
1131,2,0,0
1132,2,0,0
1133,2,0,0
1134,2,0,0
1135,3,0,0
1136,3,0,0
1137,3,0,0
1138,3,0,0
1139,3,0,0
1140,3,0,0
1141,3,0,0
1142,3,0,0
1143,3,0,0
1144,3,2,1
1145,3,3,2
1146,3,3,2
1147,3,3,2
1148,3,3,2
1149,3,3,3
1150,3,3,2
1151,2,2,1
1152,3,3,3
1153,3,2,1
1154,3,3,3
1155,3,3,2
1156,3,3,3
1157,3,3,2
1158,3,3,3
1159,3,3,2
1160,3,3,2
1161,3,3,3
1162,3,3,2
1163,3,3,2
1164,3,3,3
1165,3,2,1
1166,3,3,2
1167,3,3,3
1168,3,3,2
1169,3,3,2
1170,3,3,3
1171,3,3,2
1172,3,3,3
1173,3,3,3
1174,3,3,3
1175,3,3,2
1176,3,3,2
1177,3,3,2
1178,3,3,2
1179,3,3,3
1180,3,3,2
1181,3,3,2
1182,3,3,3
1183,3,3,2
1184,3,3,2
1185,3,3,3
1186,3,3,3
1187,3,3,3
1188,3,3,3
1189,3,3,3
1190,3,3,2
1191,3,2,1
1192,4,3,2
1193,4,3,2
1194,5,3,2
1195,5,2,1
1196,4,3,2
1197,3,0,0
1198,3,2,1
1199,5,3,2
1200,4,3,2
1201,4,2,1
1202,5,3,3
1203,5,3,2
1204,5,3,3
1205,5,3,3
1206,5,3,3
1207,4,3,3
1208,4,3,2
1209,3,3,3
1210,3,3,3
1211,3,3,3
1212,3,3,3
1213,4,3,2
1214,3,3,2
1215,3,3,2
1216,4,3,3
1217,4,3,3
1218,5,3,3
1219,5,3,3
1220,4,3,3
1221,4,3,3
1222,5,3,3
1223,5,3,2
1224,5,3,3
1225,5,3,3
1226,4,2,1
1227,5,4,4
1228,3,2,1
1229,4,4,4
1230,5,5,7
1231,5,5,6
1232,5,5,6
1233,5,5,6
1234,5,5,6
1235,5,5,6
1236,5,5,6
1237,5,5,6
1238,5,4,5
1239,4,4,3
1240,5,5,7
1241,5,5,7
1242,5,5,6
1243,5,5,4
1244,5,5,6
1245,4,4,5
1246,5,5,6
1247,5,5,7
1248,6,5,7
1249,6,5,7
1250,6,5,7
1251,6,5,7
1252,6,6,8
1253,6,6,9
1254,6,6,8
1255,6,6,8
1256,6,6,8
1257,5,5,7
1258,6,6,9
1259,6,6,8
1260,6,6,9
1261,6,6,9
1262,6,6,9
1263,6,6,9
1264,6,6,9
1265,6,6,8
1266,6,6,9
1267,6,6,8
1268,6,6,9
1269,6,6,9
1270,6,6,8
1271,6,6,9
1272,6,6,9
1273,6,6,9
1274,6,6,8
1275,6,6,8
1276,6,6,9
1277,6,6,9
1278,6,6,9
1279,6,6,9
1280,6,6,9
1281,6,6,9
1282,7,6,9
1283,7,6,9
1284,7,6,8
1285,7,6,8
1286,5,5,6
1287,8,6,9
1288,7,6,9
1289,7,6,8
1290,8,6,9
1291,8,6,9
1292,8,6,9
1293,8,6,9
1294,8,6,9
1295,8,6,9
1296,8,6,9
1297,8,7,11
1298,7,7,12
1299,7,7,11
1300,7,7,12
1301,7,7,12
1302,7,7,11
1303,7,6,10
1304,7,6,9
1305,7,6,10
1306,7,6,9
1307,7,6,10
1308,7,6,7
1309,7,6,10
1310,7,6,9
1311,7,6,10
1312,7,6,10
1313,7,6,10
1314,7,6,10
1315,7,6,10
1316,7,6,10
1317,7,6,10
1318,7,6,10
1319,7,6,10
1320,7,6,10
1321,7,7,12
1322,7,7,12
1323,7,7,12
1324,7,7,12
1325,6,6,10
1326,6,6,10
1327,6,6,10
1328,7,7,11
1329,7,7,11
1330,7,7,12
1331,7,7,12
1332,7,7,12
1333,7,7,12
1334,7,7,12
1335,7,7,11
1336,7,7,12
1337,7,7,12
1338,7,7,12
1339,7,7,12
1340,7,7,12
1341,7,7,12
1342,7,7,12
1343,7,7,12
1344,7,7,12
1345,7,7,11
1346,7,7,12
1347,7,7,12
1348,7,7,12
1349,7,7,12
1350,7,7,12
1351,7,7,12
1352,7,7,12
1353,7,7,12
1354,7,7,12
1355,7,7,12
1356,7,7,12
1357,7,7,12
1358,7,7,11
1359,7,7,12
1360,8,7,11
1361,8,7,11
1362,8,7,11
1363,8,7,12
1364,8,7,11
1365,8,7,12
1366,8,7,12
1367,8,8,13
1368,8,8,13
1369,8,8,15
1370,8,8,15
1371,8,8,14
1372,8,8,15
1373,8,8,14
1374,9,9,17
1375,9,9,16
1376,10,9,16
1377,10,9,18
1378,10,10,21
1379,10,10,20
1380,10,10,21
1381,10,10,21
1382,10,10,21
1383,10,10,21
1384,10,10,21
1385,10,10,21
1386,10,10,21
1387,10,10,21
1388,10,10,20
1389,10,10,21
1390,10,10,21
1391,10,10,21
1392,10,10,21
1393,10,10,21
1394,10,10,21
1395,10,10,21
1396,10,10,21
1397,10,10,21
1398,10,10,21
1399,10,10,21
1400,10,10,21
1401,10,10,21
1402,10,10,21
1403,10,10,21
1404,10,10,21
1405,10,10,21
1406,10,10,21
1407,10,10,21
1408,10,10,21
1409,10,10,21
1410,10,10,20
1411,10,10,21
1412,10,10,21
1413,10,10,21
1414,10,10,21
1415,10,10,21
1416,10,10,20
1417,10,10,21
1418,10,10,21
1419,10,10,21
1420,10,10,21
1421,10,10,21
1422,10,10,21
1423,10,10,21
1424,10,10,21
1425,10,10,21
1426,10,10,21
1427,10,10,21
1428,10,10,20
1429,10,10,21
1430,10,10,21
1431,10,10,21
1432,10,10,21
1433,10,10,21
1434,10,10,21
1435,10,10,21
1436,10,10,21
1437,10,10,21
1438,10,10,21
1439,10,10,21
1440,10,10,21
1441,10,10,21
1442,10,10,21
1443,10,10,21
1444,10,10,21
1445,10,10,21
1446,10,10,21
1447,10,10,21
1448,10,10,21
1449,10,10,21
1450,10,10,21
1451,10,10,21
1452,10,10,21
1453,10,10,21
1454,10,10,21
1455,10,10,21
1456,10,10,21
1457,10,10,21
1458,10,10,21
1459,10,10,21
1460,10,10,21
1461,11,11,24
1462,11,11,25
1463,11,11,23
1464,11,11,25
1465,11,11,25
1466,11,11,25
1467,11,11,25
1468,11,11,25
1469,11,11,25
1470,11,11,25
1471,11,11,25
1472,11,11,25
1473,11,11,25
1474,11,11,25
1475,11,11,25
1476,11,11,25
1477,11,11,25
1478,11,11,25
1479,11,11,25
1480,11,11,24
1481,11,11,25
1482,11,11,25
1483,11,11,25
1484,11,11,25
1485,11,11,25
1486,11,11,25
1487,11,11,25
1488,11,11,25
1489,11,11,25
1490,11,11,25
1491,11,11,25
1492,11,11,25
1493,11,11,25
1494,11,11,25
1495,11,11,25
1496,11,11,25
1497,11,11,25
1498,11,11,25
1499,11,11,25
1500,11,11,25
1501,11,11,24
1502,11,11,25
1503,11,11,25
1504,11,11,25
1505,11,11,25
1506,11,11,25
1507,11,11,25
1508,11,11,25
1509,11,11,25
1510,11,11,25
1511,11,11,25
1512,11,11,25
1513,11,11,24
1514,11,11,25
1515,11,11,25
1516,11,11,25
1517,11,11,25
1518,11,11,25
1519,11,11,25
1520,11,11,25
1521,11,11,25
1522,11,11,25
1523,11,11,25
1524,11,11,24
1525,11,11,25
1526,11,11,25
1527,11,11,25
1528,11,11,25
1529,11,11,25
1530,11,11,25
1531,11,11,25
1532,11,11,25
1533,11,11,25
1534,11,11,25
1535,11,11,25
1536,11,11,25
1537,11,11,24
1538,11,11,25
1539,11,11,25
1540,11,11,25
1541,11,11,25
1542,11,11,25
1543,11,11,25
1544,11,11,25
1545,11,11,24
1546,11,11,25
1547,11,11,25
1548,11,11,25
1549,11,11,25
1550,11,11,25
1551,11,11,25
1552,11,11,25
1553,11,11,25
1554,11,11,25
1555,11,11,25
1556,11,11,25
1557,11,11,25
1558,11,11,25
1559,11,11,25
1560,11,11,25
1561,11,11,25
1562,11,11,25
1563,11,11,25
1564,11,11,25
1565,11,11,25
1566,11,11,25
1567,11,11,25
1568,11,11,25
1569,11,11,25
1570,11,11,25
1571,11,11,25
1572,11,11,25
1573,11,11,25
1574,11,11,25
1575,11,11,25
1576,11,11,25
1577,11,11,25
1578,11,11,25
1579,11,11,25
1580,11,11,24
1581,11,11,24
1582,11,11,25
1583,11,11,25
1584,11,11,25
1585,11,11,25
1586,11,11,25
1587,11,11,25
1588,11,11,25
1589,11,11,25
1590,11,11,25
1591,11,11,25
1592,11,11,25
1593,11,11,25
1594,11,11,25
1595,11,11,25
1596,11,11,25
1597,11,11,25
1598,11,11,25
1599,11,11,25
1600,11,11,25
1601,11,11,25
1602,11,11,25
1603,11,11,25
1604,11,11,25
1605,11,11,25
1606,11,11,25
1607,11,11,25
1608,11,11,25
1609,11,11,25
1610,11,11,25
1611,11,11,25
1612,11,11,25
1613,11,11,25
1614,11,11,25
1615,11,11,25
1616,11,11,25
1617,11,11,24
1618,11,11,25
1619,11,11,25
1620,11,11,25
1621,11,11,25
1622,11,11,25
1623,11,11,25
1624,11,11,25
1625,11,11,25
1626,11,11,25
1627,11,11,25
1628,11,11,25
1629,11,11,25
1630,11,11,25
1631,11,11,25
1632,11,11,25
1633,11,11,25
1634,11,11,25
1635,11,11,25
1636,11,11,25
1637,11,11,25
1638,11,11,25
1639,11,11,25
1640,11,11,25
1641,11,11,24
1642,11,11,25
1643,11,11,25
1644,11,11,25
1645,11,11,25
1646,11,11,25
1647,11,11,25
1648,11,11,25
1649,11,11,25
1650,11,11,25
1651,11,11,25
1652,11,11,25
1653,11,11,25
1654,11,11,25
1655,11,11,25
1656,11,11,25
1657,11,11,25
1658,11,11,25
1659,11,11,25
1660,11,11,25
1661,11,11,25
1662,11,11,25
1663,11,11,25
1664,11,11,25
1665,11,11,25
1666,11,11,25
1667,11,11,25
1668,11,11,25
1669,11,11,25
1670,11,11,25
1671,11,11,25
1672,11,11,25
1673,11,11,25
1674,11,11,25
1675,11,11,25
1676,11,11,25
1677,11,11,25
1678,11,11,25
1679,11,11,25
1680,11,11,25
1681,11,11,25
1682,11,11,25
1683,11,11,25
1684,11,11,25
1685,11,11,25
1686,11,11,25
1687,11,11,25
1688,11,11,25
1689,11,11,25
1690,11,11,25
1691,11,11,25
1692,11,11,25
1693,11,11,24
1694,11,11,25
1695,11,11,25
1696,11,11,25
1697,11,11,25
1698,11,11,25
1699,11,11,25
1700,11,11,25
1701,11,11,25
1702,11,11,25
1703,11,11,25
1704,11,11,25
1705,11,11,25
1706,11,11,25
1707,11,11,25
1708,11,11,25
1709,11,11,25
1710,11,11,25
1711,11,11,25
1712,11,11,25
1713,11,11,25
1714,11,11,25
1715,11,11,25
1716,11,11,25
1717,11,11,25
1718,11,11,25
1719,11,11,25
1720,11,11,25
1721,11,11,25
1722,11,11,25
1723,11,11,25
1724,11,11,25
1725,11,11,25
1726,11,11,25
1727,11,11,25
1728,11,11,25
1729,11,11,25
1730,11,11,25
1731,11,11,24
1732,11,11,25
1733,11,11,25
1734,11,11,25
1735,11,11,25
1736,11,11,25
1737,11,11,25
1738,11,11,25
1739,11,11,25
1740,11,11,25
1741,11,11,25
1742,11,11,25
1743,11,11,25
1744,11,11,25
1745,11,11,25
1746,11,11,24
1747,11,11,25
1748,11,11,25
1749,11,11,24
1750,11,11,25
1751,11,11,24
1752,11,11,25
1753,11,11,25
1754,11,11,25
1755,11,11,25
1756,11,11,24
1757,11,11,25
1758,11,11,25
1759,11,11,25
1760,11,11,25
1761,11,11,25
1762,11,11,25
1763,11,11,25
1764,11,11,25
1765,11,11,25
1766,11,11,25
1767,11,11,25
1768,11,11,25
1769,11,11,25
1770,11,11,25
1771,11,11,25
1772,11,11,25
1773,11,11,25
1774,11,11,25
1775,11,11,25
1776,11,11,25
1777,11,11,25
1778,11,11,25
1779,11,11,25
1780,11,11,25
1781,11,11,25
1782,11,11,25
1783,11,11,25
1784,11,11,25
1785,11,11,25
1786,11,11,25
1787,11,11,25
1788,11,11,25
1789,11,11,25
1790,11,11,25
1791,11,11,25
1792,11,11,25
1793,11,11,25
1794,11,11,25
1795,11,11,25
1796,11,11,25
1797,11,11,25
1798,11,11,25
1799,11,11,25
1800,11,11,25
1801,11,11,25
1802,11,11,25
1803,11,11,25
1804,11,11,25
1805,11,11,25
1806,11,11,25
1807,11,11,25
1808,11,11,25
1809,11,11,25
1810,11,11,25
1811,11,11,25
1812,11,11,25
1813,11,11,25
1814,11,11,25
1815,11,11,25
1816,11,11,25
1817,11,11,25
1818,11,11,25
1819,11,11,25
1820,11,11,25
1821,11,11,25
1822,11,11,25
1823,11,11,24
1824,11,11,25
1825,11,11,25
1826,11,11,25
1827,11,11,25
1828,11,11,25
1829,11,11,25
1830,11,11,25
1831,11,11,25
1832,11,11,25
1833,11,11,25
1834,11,11,25
1835,11,11,25
1836,11,11,25
1837,11,11,25
1838,11,11,25
1839,11,11,25
1840,11,11,25
1841,11,11,25
1842,11,11,25
1843,11,11,25
1844,11,11,25
1845,11,11,25
1846,11,11,25
1847,11,11,25
1848,11,11,25
1849,11,11,25
1850,11,11,25
1851,11,11,25
1852,11,11,25
1853,11,11,25
1854,11,11,25
1855,11,11,25
1856,11,11,25
1857,11,11,25
1858,11,11,25
1859,11,11,25
1860,11,11,25
1861,11,11,25
1862,11,11,25
1863,11,11,25
1864,11,11,25
1865,11,11,24
1866,11,11,25
1867,11,11,25
1868,11,11,25
1869,11,11,25
1870,11,11,25
1871,11,11,25
1872,11,11,25
1873,11,11,25
1874,11,11,25
1875,11,11,25
1876,11,11,25
1877,11,11,25
1878,11,11,25
1879,11,11,25
1880,11,11,25
1881,11,11,25
1882,11,11,25
1883,11,11,25
1884,11,11,25
1885,11,11,25
1886,11,11,25
1887,11,11,25
1888,11,11,25
1889,11,11,25
1890,11,11,25
1891,11,11,25
1892,11,11,25
1893,11,11,25
1894,11,11,25
1895,11,11,25
1896,11,11,25
1897,11,11,25
1898,11,11,25
1899,11,11,25
1900,11,11,25
1901,11,11,25
1902,11,11,25
1903,11,11,25
1904,11,11,24
1905,11,11,25
1906,11,11,25
1907,11,11,25
1908,11,11,25
1909,11,11,25
1910,11,11,25
1911,11,11,25
1912,11,11,25
1913,11,11,25
1914,11,11,25
1915,11,11,25
1916,11,11,25
1917,11,11,25
1918,11,11,25
1919,11,11,25
1920,11,11,25
1921,11,11,25
1922,11,11,25
1923,11,11,25
1924,11,11,25
1925,11,11,25
1926,11,11,25
1927,11,11,25
1928,11,11,25
1929,11,11,25
1930,11,11,24
1931,11,11,25
1932,11,11,25
1933,11,11,25
1934,11,11,25
1935,11,11,25
1936,11,11,25
1937,11,11,25
1938,11,11,24
1939,11,11,25
1940,11,11,25
1941,11,11,25
1942,11,11,25
1943,11,11,25
1944,11,11,25
1945,11,11,25
1946,11,11,25
1947,11,11,25
1948,11,11,25
1949,11,11,25
1950,11,11,25
1951,11,11,25
1952,11,11,24
1953,11,11,25
1954,11,11,25
1955,11,11,25
1956,11,11,25
1957,11,11,25
1958,11,11,25
1959,11,11,25
1960,11,11,25
1961,11,11,25
1962,11,11,25
1963,11,11,25
1964,11,11,25
1965,11,11,25
1966,11,11,25
1967,11,11,25
1968,11,11,25
1969,11,11,25
1970,11,11,25
1971,11,11,24
1972,11,11,25
1973,11,11,25
1974,12,12,30
1975,12,12,30
1976,12,12,30
1977,12,12,30
1978,12,12,30
1979,12,12,30
1980,12,12,30
1981,12,12,30
1982,12,12,30
1983,12,12,30
1984,12,12,30
1985,12,12,30
1986,12,12,30
1987,12,12,30
1988,12,12,30
1989,12,12,30
1990,12,12,30
1991,12,12,30
1992,12,12,30
1993,12,12,30
1994,12,12,30
1995,12,12,30
1996,12,12,30
1997,12,12,30
1998,12,12,30
1999,12,12,30
