0,0,0,0
1,1,0,0
2,0,0,0
3,0,0,0
4,0,0,0
5,1,0,0
6,1,0,0
7,2,0,0
8,2,0,0
9,2,2,1
10,2,0,0
11,3,0,0
12,2,0,0
13,2,0,0
14,2,0,0
15,2,0,0
16,2,2,1
17,2,0,0
18,2,0,0
19,2,0,0
20,2,0,0
21,2,0,0
22,2,0,0
23,3,2,1
24,2,0,0
25,3,0,0
26,3,0,0
27,2,0,0
28,2,0,0
29,2,0,0
30,2,0,0
31,2,0,0
32,2,0,0
33,3,0,0
34,3,0,0
35,3,0,0
36,2,0,0
37,2,0,0
38,2,0,0
39,2,0,0
40,2,0,0
41,2,0,0
42,2,0,0
43,3,0,0
44,2,0,0
45,1,0,0
46,1,0,0
47,1,0,0
48,2,0,0
49,1,0,0
50,1,0,0
51,1,0,0
52,3,0,0
53,1,0,0
54,2,0,0
55,1,0,0
56,1,0,0
57,1,0,0
58,1,0,0
59,1,0,0
60,1,0,0
61,2,0,0
62,2,0,0
63,2,0,0
64,2,2,1
65,1,0,0
66,1,0,0
67,2,0,0
68,2,0,0
69,1,0,0
70,1,0,0
71,1,0,0
72,1,0,0
73,1,0,0
74,1,0,0
75,1,0,0
76,1,0,0
77,1,0,0
78,1,0,0
79,1,0,0
80,1,0,0
81,1,0,0
82,2,0,0
83,2,0,0
84,2,0,0
85,2,0,0
86,2,2,1
87,2,2,1
88,2,2,1
89,2,0,0
90,2,0,0
91,2,0,0
92,2,0,0
93,2,0,0
94,2,0,0
95,2,0,0
96,2,0,0
97,2,0,0
98,1,0,0
99,1,0,0
100,1,0,0
101,1,0,0
102,1,0,0
103,1,0,0
104,1,0,0
105,1,0,0
106,1,0,0
107,1,0,0
108,1,0,0
109,1,0,0
110,1,0,0
111,2,0,0
112,2,0,0
113,2,0,0
114,2,0,0
115,2,0,0
116,2,0,0
117,2,0,0
118,3,0,0
119,1,0,0
120,2,0,0
121,2,0,0
122,2,0,0
123,1,0,0
124,1,0,0
125,1,0,0
126,1,0,0
127,1,0,0
128,1,0,0
129,1,0,0
130,2,0,0
131,2,0,0
132,2,0,0
133,2,0,0
134,2,0,0
135,2,0,0
136,2,0,0
137,2,0,0
138,2,0,0
139,1,0,0
140,2,0,0
141,2,0,0
142,2,0,0
143,2,0,0
144,2,0,0
145,2,2,1
146,2,2,1
147,2,0,0
148,2,0,0
149,1,0,0
150,1,0,0
151,1,0,0
152,1,0,0
153,2,0,0
154,1,0,0
155,2,0,0
156,1,0,0
157,1,0,0
158,1,0,0
159,2,0,0
160,2,0,0
161,2,0,0
162,2,0,0
163,2,0,0
164,2,0,0
165,2,0,0
166,2,0,0
167,2,0,0
168,2,0,0
169,2,0,0
170,2,0,0
171,2,0,0
172,2,0,0
173,2,0,0
174,2,0,0
175,2,0,0
176,2,0,0
177,2,0,0
178,3,0,0
179,3,0,0
180,3,0,0
181,3,0,0
182,4,2,1
183,3,2,1
184,3,2,1
185,3,0,0
186,3,0,0
187,3,0,0
188,3,0,0
189,3,0,0
190,4,0,0
191,3,0,0
192,3,0,0
193,3,0,0
194,3,0,0
195,2,0,0
196,4,0,0
197,4,2,1
198,2,0,0
199,2,0,0
200,2,0,0
201,2,0,0
202,3,0,0
203,2,0,0
204,2,0,0
205,2,0,0
206,2,0,0
207,2,0,0
208,2,0,0
209,2,0,0
210,2,0,0
211,2,0,0
212,3,0,0
213,3,0,0
214,2,0,0
215,2,0,0
216,2,2,1
217,2,0,0
218,2,0,0
219,2,0,0
220,2,0,0
221,2,0,0
222,2,0,0
223,2,0,0
224,2,0,0
225,2,0,0
226,2,0,0
227,2,0,0
228,1,0,0
229,1,0,0
230,1,0,0
231,1,0,0
232,1,0,0
233,1,0,0
234,0,0,0
235,0,0,0
236,2,0,0
237,1,0,0
238,1,0,0
239,1,0,0
240,1,0,0
241,2,0,0
242,2,0,0
243,1,0,0
244,1,0,0
245,1,0,0
246,2,0,0
247,3,0,0
248,2,0,0
249,3,0,0
250,3,0,0
251,3,0,0
252,3,2,1
253,3,0,0
254,3,0,0
255,3,0,0
256,3,0,0
257,2,0,0
258,2,0,0
259,2,0,0
260,2,0,0
261,3,0,0
262,2,0,0
263,2,0,0
264,2,0,0
265,2,0,0
266,1,0,0
267,2,0,0
268,2,0,0
269,2,0,0
270,2,0,0
271,2,0,0
272,2,0,0
273,3,0,0
274,3,0,0
275,3,0,0
276,4,0,0
277,4,0,0
278,3,0,0
279,3,0,0
280,3,0,0
281,3,0,0
282,3,0,0
283,3,0,0
284,3,0,0
285,3,0,0
286,3,0,0
287,3,0,0
288,3,0,0
289,3,0,0
290,3,0,0
291,3,0,0
292,3,0,0
293,3,0,0
294,3,0,0
295,2,0,0
296,2,0,0
297,2,0,0
298,3,0,0
299,2,0,0
300,2,0,0
301,3,0,0
302,3,0,0
303,3,0,0
304,3,0,0
305,3,0,0
306,3,0,0
307,1,0,0
308,2,0,0
309,2,0,0
310,2,0,0
311,1,0,0
312,1,0,0
313,1,0,0
314,2,0,0
315,1,0,0
316,2,0,0
317,1,0,0
318,2,0,0
319,2,0,0
320,3,0,0
321,2,0,0
322,2,0,0
323,2,0,0
324,2,0,0
325,2,0,0
326,2,0,0
327,2,0,0
328,3,0,0
329,2,0,0
330,1,0,0
331,1,0,0
332,1,0,0
333,1,0,0
334,1,0,0
335,2,0,0
336,2,0,0
337,1,0,0
338,2,0,0
339,2,0,0
340,2,0,0
341,3,0,0
342,3,0,0
343,2,0,0
344,1,0,0
345,1,0,0
346,1,0,0
347,2,0,0
348,2,0,0
349,2,0,0
350,2,0,0
351,2,0,0
352,2,0,0
353,2,0,0
354,2,0,0
355,3,0,0
356,2,0,0
357,2,0,0
358,2,0,0
359,2,0,0
360,2,0,0
361,2,0,0
362,2,0,0
363,2,0,0
364,3,0,0
365,3,0,0
366,3,0,0
367,1,0,0
368,2,0,0
369,2,0,0
370,3,0,0
371,3,0,0
372,3,0,0
373,3,0,0
374,3,0,0
375,3,3,2
376,3,0,0
377,4,0,0
378,4,0,0
379,3,0,0
380,3,0,0
381,3,0,0
382,3,0,0
383,2,0,0
384,2,0,0
385,2,0,0
386,2,0,0
387,2,0,0
388,3,0,0
389,3,2,1
390,3,0,0
391,3,0,0
392,2,0,0
393,2,0,0
394,2,0,0
395,2,0,0
396,1,0,0
397,1,0,0
398,2,0,0
399,2,2,1
400,2,2,1
401,1,0,0
402,2,0,0
403,2,0,0
404,1,0,0
405,2,0,0
406,1,0,0
407,1,0,0
408,2,0,0
409,2,0,0
410,1,0,0
411,1,0,0
412,2,0,0
413,2,0,0
414,2,0,0
415,3,0,0
416,2,0,0
417,3,0,0
418,3,0,0
419,2,0,0
420,2,0,0
421,2,0,0
422,2,0,0
423,3,0,0
424,2,0,0
425,3,2,1
426,3,2,1
427,3,0,0
428,3,0,0
429,3,2,1
430,3,2,1
431,3,2,1
432,3,2,1
433,3,0,0
434,3,2,1
435,3,2,1
436,3,2,1
437,2,0,0
438,2,2,1
439,2,2,1
440,2,2,1
441,3,2,1
442,3,2,1
443,2,2,1
444,1,0,0
445,2,2,1
446,2,2,1
447,2,2,1
448,2,2,1
449,1,0,0
450,2,0,0
451,2,0,0
452,3,0,0
453,3,0,0
454,2,0,0
455,2,0,0
456,2,0,0
457,2,0,0
458,2,0,0
459,2,0,0
460,2,0,0
461,2,2,1
462,2,2,1
463,2,2,1
464,2,2,1
465,2,2,1
466,2,2,1
467,2,2,1
468,2,2,1
469,2,2,1
470,2,2,1
471,2,2,1
472,2,2,1
473,2,0,0
474,2,2,1
475,2,0,0
476,2,0,0
477,2,0,0
478,2,0,0
479,2,0,0
480,2,0,0
481,2,0,0
482,2,0,0
483,1,0,0
484,1,0,0
485,0,0,0
486,2,0,0
487,1,0,0
488,2,0,0
489,2,0,0
490,2,0,0
491,2,0,0
492,2,0,0
493,2,0,0
494,2,0,0
495,2,0,0
496,2,0,0
497,2,0,0
498,2,0,0
499,2,0,0
500,2,0,0
501,2,0,0
502,2,0,0
503,1,0,0
504,1,0,0
505,1,0,0
506,1,0,0
507,1,0,0
508,1,0,0
509,1,0,0
510,1,0,0
511,1,0,0
512,1,0,0
513,1,0,0
514,1,0,0
515,1,0,0
516,1,0,0
517,1,0,0
518,1,0,0
519,1,0,0
520,1,0,0
521,1,0,0
522,1,0,0
523,1,0,0
524,1,0,0
525,1,0,0
526,1,0,0
527,1,0,0
528,1,0,0
529,1,0,0
530,1,0,0
531,1,0,0
532,1,0,0
533,1,0,0
534,1,0,0
535,0,0,0
536,0,0,0
537,1,0,0
538,1,0,0
539,1,0,0
540,1,0,0
541,1,0,0
542,1,0,0
543,1,0,0
544,1,0,0
545,2,0,0
546,1,0,0
547,1,0,0
548,0,0,0
549,0,0,0
550,0,0,0
551,0,0,0
552,0,0,0
553,0,0,0
554,0,0,0
555,0,0,0
556,0,0,0
557,1,0,0
558,1,0,0
559,1,0,0
560,1,0,0
561,1,0,0
562,1,0,0
563,1,0,0
564,1,0,0
565,1,0,0
566,1,0,0
567,2,0,0
568,2,0,0
569,2,0,0
570,2,0,0
571,2,0,0
572,2,0,0
573,2,0,0
574,2,0,0
575,2,0,0
576,2,0,0
577,2,0,0
578,2,0,0
579,2,0,0
580,2,0,0
581,2,0,0
582,2,0,0
583,2,0,0
584,2,0,0
585,3,0,0
586,3,0,0
587,3,0,0
588,3,0,0
589,4,0,0
590,4,0,0
591,4,2,1
592,3,3,2
593,3,3,3
594,3,3,2
595,3,3,2
596,3,3,2
597,3,3,3
598,3,3,2
599,3,3,3
600,3,3,2
601,3,3,3
602,3,3,2
603,3,3,3
604,3,3,2
605,3,2,1
606,3,3,2
607,3,0,0
608,3,2,1
609,4,0,0
610,3,0,0
611,3,0,0
612,4,0,0
613,5,2,1
614,4,0,0
615,4,0,0
616,4,2,1
617,3,0,0
618,3,2,1
619,3,0,0
620,3,0,0
621,3,0,0
622,3,0,0
623,3,0,0
624,3,0,0
625,2,0,0
626,2,0,0
627,2,0,0
628,2,0,0
629,1,0,0
630,1,0,0
631,1,0,0
632,1,0,0
633,1,0,0
634,2,0,0
635,1,0,0
636,1,0,0
637,2,0,0
638,1,0,0
639,2,0,0
640,2,0,0
641,2,0,0
642,2,0,0
643,2,0,0
644,1,0,0
645,1,0,0
646,1,0,0
647,2,0,0
648,1,0,0
649,1,0,0
650,1,0,0
651,1,0,0
652,1,0,0
653,2,0,0
654,2,0,0
655,2,0,0
656,2,0,0
657,2,0,0
658,2,0,0
659,2,0,0
660,2,0,0
661,3,0,0
662,3,0,0
663,3,0,0
664,3,2,1
665,3,2,1
666,2,0,0
667,2,0,0
668,2,0,0
669,2,0,0
670,2,0,0
671,3,0,0
672,2,0,0
673,2,0,0
674,2,0,0
675,3,0,0
676,2,0,0
677,3,0,0
678,3,0,0
679,4,0,0
680,3,0,0
681,3,0,0
682,3,0,0
683,3,0,0
684,3,0,0
685,3,0,0
686,3,0,0
687,4,0,0
688,4,0,0
689,4,0,0
690,4,0,0
691,4,0,0
692,4,0,0
693,3,0,0
694,3,0,0
695,3,0,0
696,3,0,0
697,3,0,0
698,3,0,0
699,3,2,1
700,3,0,0
701,3,0,0
702,3,0,0
703,4,0,0
704,2,0,0
705,3,0,0
706,4,0,0
707,3,0,0
708,3,0,0
709,3,0,0
710,3,2,1
711,3,0,0
712,3,0,0
713,3,0,0
714,2,0,0
715,2,0,0
716,2,0,0
717,2,0,0
718,2,0,0
719,2,0,0
720,2,0,0
721,2,0,0
722,2,0,0
723,2,0,0
724,2,2,1
725,2,0,0
726,3,0,0
727,2,0,0
728,2,0,0
729,2,0,0
730,2,2,1
731,2,0,0
732,2,0,0
733,2,0,0
734,2,0,0
735,4,0,0
736,3,0,0
737,3,0,0
738,3,0,0
739,3,0,0
740,3,0,0
741,3,2,1
742,2,0,0
743,2,0,0
744,4,0,0
745,2,0,0
746,3,0,0
747,2,0,0
748,2,0,0
749,2,0,0
750,1,0,0
751,2,0,0
752,2,0,0
753,2,0,0
754,2,0,0
755,2,0,0
756,2,0,0
757,2,0,0
758,2,0,0
759,2,0,0
760,1,0,0
761,3,0,0
762,2,0,0
763,2,0,0
764,2,0,0
765,2,0,0
766,2,0,0
767,2,0,0
768,2,0,0
769,2,0,0
770,1,0,0
771,1,0,0
772,1,0,0
773,1,0,0
774,1,0,0
775,2,0,0
776,2,0,0
777,2,0,0
778,2,0,0
779,2,0,0
780,2,0,0
781,1,0,0
782,1,0,0
783,2,0,0
784,2,0,0
785,2,0,0
786,3,0,0
787,1,0,0
788,2,0,0
789,2,0,0
790,2,0,0
791,2,0,0
792,2,0,0
793,2,0,0
794,2,0,0
795,2,0,0
796,2,0,0
797,2,0,0
798,1,0,0
799,1,0,0
800,1,0,0
801,1,0,0
802,1,0,0
803,1,0,0
804,1,0,0
805,1,0,0
806,1,0,0
807,2,0,0
808,1,0,0
809,1,0,0
810,1,0,0
811,1,0,0
812,1,0,0
813,3,0,0
814,3,0,0
815,2,0,0
816,2,0,0
817,3,0,0
818,2,0,0
819,2,0,0
820,3,0,0
821,2,0,0
822,2,0,0
823,2,0,0
824,3,0,0
825,2,0,0
826,2,0,0
827,2,0,0
828,2,0,0
829,2,0,0
830,3,0,0
831,3,0,0
832,3,0,0
833,3,0,0
834,3,0,0
835,3,0,0
836,3,0,0
837,3,0,0
838,3,0,0
839,3,0,0
840,3,0,0
841,3,0,0
842,3,0,0
843,4,0,0
844,3,0,0
845,3,0,0
846,2,0,0
847,2,0,0
848,2,0,0
849,2,0,0
850,3,0,0
851,3,0,0
852,2,0,0
853,2,0,0
854,2,0,0
855,2,0,0
856,2,0,0
857,2,0,0
858,2,0,0
859,2,0,0
860,2,0,0
861,2,0,0
862,2,0,0
863,2,0,0
864,2,0,0
865,2,0,0
866,2,0,0
867,2,0,0
868,2,0,0
869,2,0,0
870,2,0,0
871,1,0,0
872,1,0,0
873,1,0,0
874,1,0,0
875,2,0,0
876,2,0,0
877,2,2,1
878,2,2,1
879,2,0,0
880,3,0,0
881,2,0,0
882,3,0,0
883,3,0,0
884,2,0,0
885,1,0,0
886,1,0,0
887,3,0,0
888,2,0,0
889,1,0,0
890,2,0,0
891,2,0,0
892,3,0,0
893,3,0,0
894,3,0,0
895,2,0,0
896,1,0,0
897,1,0,0
898,1,0,0
899,1,0,0
900,1,0,0
901,1,0,0
902,1,0,0
903,1,0,0
904,2,0,0
905,1,0,0
906,1,0,0
907,1,0,0
908,1,0,0
909,1,0,0
910,1,0,0
911,1,0,0
912,1,0,0
913,1,0,0
914,1,0,0
915,1,0,0
916,1,0,0
917,2,0,0
918,2,0,0
919,2,0,0
920,2,0,0
921,2,0,0
922,3,0,0
923,1,0,0
924,1,0,0
925,1,0,0
926,1,0,0
927,1,0,0
928,1,0,0
929,1,0,0
930,1,0,0
931,1,0,0
932,1,0,0
933,1,0,0
934,1,0,0
935,1,0,0
936,2,0,0
937,1,0,0
938,1,0,0
939,1,0,0
940,1,0,0
941,2,0,0
942,2,0,0
943,1,0,0
944,1,0,0
945,1,0,0
946,1,0,0
947,2,0,0
948,1,0,0
949,2,0,0
950,2,0,0
951,2,0,0
952,1,0,0
953,1,0,0
954,1,0,0
955,1,0,0
956,2,0,0
957,1,0,0
958,1,0,0
959,2,0,0
960,1,0,0
961,1,0,0
962,1,0,0
963,2,0,0
964,2,0,0
965,1,0,0
966,1,0,0
967,1,0,0
968,1,0,0
969,1,0,0
970,1,0,0
971,1,0,0
972,1,0,0
973,1,0,0
974,1,0,0
975,1,0,0
976,1,0,0
977,1,0,0
978,2,0,0
979,2,0,0
980,2,0,0
981,2,0,0
982,2,0,0
983,2,0,0
984,2,0,0
985,2,0,0
986,3,0,0
987,3,0,0
988,3,0,0
989,3,0,0
990,3,0,0
991,3,0,0
992,3,0,0
993,3,0,0
994,4,2,1
995,4,2,1
996,4,0,0
997,3,0,0
998,2,0,0
999,2,0,0
1000,2,0,0
1001,2,0,0
1002,2,0,0
1003,2,0,0
1004,2,0,0
1005,2,0,0
1006,3,2,1
1007,3,2,1
1008,3,0,0
1009,3,0,0
1010,3,0,0
1011,3,0,0
1012,3,0,0
1013,2,0,0
1014,2,0,0
1015,2,0,0
1016,2,0,0
1017,3,0,0
1018,3,0,0
1019,3,0,0
1020,3,0,0
1021,3,2,1
1022,3,0,0
1023,3,0,0
1024,3,0,0
1025,3,2,1
1026,3,0,0
1027,2,0,0
1028,2,0,0
1029,2,0,0
1030,2,0,0
1031,2,0,0
1032,2,0,0
1033,2,0,0
1034,2,0,0
1035,2,0,0
1036,2,0,0
1037,2,0,0
1038,2,0,0
1039,2,0,0
1040,3,0,0
1041,3,0,0
1042,3,0,0
1043,3,0,0
1044,3,0,0
1045,3,0,0
1046,3,0,0
1047,3,0,0
1048,2,0,0
1049,2,0,0
1050,2,0,0
1051,2,0,0
1052,2,0,0
1053,2,0,0
1054,2,0,0
1055,1,0,0
1056,2,0,0
1057,2,0,0
1058,2,0,0
1059,2,0,0
1060,2,0,0
1061,2,0,0
1062,2,0,0
1063,2,0,0
1064,2,0,0
1065,2,0,0
1066,2,0,0
1067,2,0,0
1068,2,0,0
1069,2,0,0
1070,3,0,0
1071,2,0,0
1072,2,0,0
1073,2,0,0
1074,1,0,0
1075,1,0,0
1076,1,0,0
1077,1,0,0
1078,1,0,0
1079,1,0,0
1080,1,0,0
1081,2,0,0
1082,2,0,0
1083,2,0,0
1084,1,0,0
1085,1,0,0
1086,1,0,0
1087,2,0,0
1088,2,0,0
1089,1,0,0
1090,1,0,0
1091,1,0,0
1092,1,0,0
1093,1,0,0
1094,1,0,0
1095,1,0,0
1096,1,0,0
1097,1,0,0
1098,1,0,0
1099,1,0,0
1100,1,0,0
1101,2,0,0
1102,1,0,0
1103,1,0,0
1104,1,0,0
1105,1,0,0
1106,1,0,0
1107,2,0,0
1108,2,0,0
1109,2,0,0
1110,2,0,0
1111,2,0,0
1112,2,0,0
1113,2,0,0
1114,2,0,0
1115,2,0,0
1116,2,0,0
1117,3,0,0
1118,3,0,0
1119,4,0,0
1120,3,0,0
1121,3,0,0
1122,3,0,0
1123,3,0,0
1124,3,2,1
1125,2,0,0
1126,2,0,0
1127,1,0,0
1128,1,0,0
1129,1,0,0
1130,1,0,0
1131,1,0,0
1132,1,0,0
1133,1,0,0
1134,1,0,0
1135,2,0,0
1136,2,0,0
1137,1,0,0
1138,1,0,0
1139,1,0,0
1140,1,0,0
1141,2,0,0
1142,2,0,0
1143,2,0,0
1144,2,0,0
1145,2,0,0
1146,2,0,0
1147,1,0,0
1148,1,0,0
1149,3,2,1
1150,3,0,0
1151,3,0,0
1152,3,0,0
1153,3,0,0
1154,2,0,0
1155,3,0,0
1156,2,0,0
1157,2,0,0
1158,2,2,1
1159,2,0,0
1160,2,0,0
1161,2,0,0
1162,2,0,0
1163,2,0,0
1164,2,0,0
1165,2,0,0
1166,2,0,0
1167,2,0,0
1168,2,0,0
1169,2,0,0
1170,2,0,0
1171,2,0,0
1172,2,0,0
1173,2,0,0
1174,3,0,0
1175,2,0,0
1176,2,0,0
1177,2,0,0
1178,2,0,0
1179,1,0,0
1180,1,0,0
1181,1,0,0
1182,1,0,0
1183,1,0,0
1184,1,0,0
1185,1,0,0
1186,2,0,0
1187,1,0,0
1188,2,0,0
1189,2,0,0
1190,2,0,0
1191,2,0,0
1192,1,0,0
1193,1,0,0
1194,1,0,0
1195,1,0,0
1196,2,0,0
1197,2,0,0
1198,2,0,0
1199,2,2,1
1200,2,0,0
1201,3,0,0
1202,3,0,0
1203,2,0,0
1204,3,0,0
1205,4,0,0
1206,2,0,0
1207,2,0,0
1208,2,0,0
1209,1,0,0
1210,1,0,0
1211,1,0,0
1212,1,0,0
1213,1,0,0
1214,1,0,0
1215,3,0,0
1216,4,0,0
1217,3,0,0
1218,2,0,0
1219,2,0,0
1220,2,0,0
1221,2,0,0
1222,2,0,0
1223,2,0,0
1224,3,0,0
1225,1,0,0
1226,1,0,0
1227,1,0,0
1228,1,0,0
1229,1,0,0
1230,1,0,0
1231,1,0,0
1232,1,0,0
1233,1,0,0
1234,1,0,0
1235,1,0,0
1236,1,0,0
1237,1,0,0
1238,1,0,0
1239,1,0,0
1240,1,0,0
1241,1,0,0
1242,1,0,0
1243,1,0,0
1244,2,0,0
1245,2,0,0
1246,2,0,0
1247,2,0,0
1248,2,0,0
1249,1,0,0
1250,2,0,0
1251,2,0,0
1252,3,0,0
1253,3,0,0
1254,3,0,0
1255,3,2,1
1256,3,0,0
1257,2,0,0
1258,2,0,0
1259,2,0,0
1260,3,0,0
1261,3,0,0
1262,3,0,0
1263,3,0,0
1264,3,0,0
1265,3,0,0
1266,2,0,0
1267,2,0,0
1268,2,0,0
1269,2,0,0
1270,2,0,0
1271,4,2,1
1272,3,0,0
1273,3,0,0
1274,3,0,0
1275,3,0,0
1276,3,0,0
1277,3,0,0
1278,3,3,3
1279,3,2,1
1280,3,0,0
1281,3,0,0
1282,4,0,0
1283,4,0,0
1284,4,0,0
1285,3,3,2
1286,3,3,2
1287,3,3,2
1288,3,3,3
1289,3,3,2
1290,3,3,3
1291,3,3,2
1292,3,3,2
1293,3,3,2
1294,3,3,2
1295,3,3,3
1296,3,3,2
1297,3,3,2
1298,3,3,2
1299,3,3,2
1300,3,3,2
1301,3,3,3
1302,3,3,3
1303,3,3,3
1304,3,3,3
1305,3,3,2
1306,3,3,2
1307,3,3,2
1308,3,3,2
1309,3,3,3
1310,3,3,2
1311,3,3,3
1312,3,3,2
1313,3,3,2
1314,3,3,2
1315,3,3,3
1316,3,3,2
1317,3,3,3
1318,3,3,2
1319,3,3,2
1320,3,3,2
1321,3,3,3
1322,3,3,3
1323,3,3,3
1324,3,3,3
1325,3,3,2
1326,3,3,3
1327,3,3,2
1328,3,0,0
1329,3,2,1
1330,3,0,0
1331,3,2,1
1332,2,0,0
1333,3,0,0
1334,2,0,0
1335,2,0,0
1336,1,0,0
1337,1,0,0
1338,1,0,0
1339,1,0,0
1340,3,0,0
1341,2,0,0
1342,3,0,0
1343,3,0,0
1344,4,0,0
1345,4,0,0
1346,3,0,0
1347,3,2,1
1348,3,2,1
1349,3,2,1
1350,3,3,2
1351,3,3,2
1352,3,3,2
1353,3,3,3
1354,3,3,2
1355,3,3,3
1356,3,3,2
1357,3,3,2
1358,4,3,3
1359,4,3,3
1360,4,4,3
1361,4,3,2
1362,4,2,1
1363,3,3,2
1364,3,3,2
1365,3,3,2
1366,4,3,3
1367,4,4,3
1368,4,3,2
1369,3,3,2
1370,3,3,3
1371,3,3,2
1372,3,3,3
1373,3,3,3
1374,3,3,3
1375,3,3,2
1376,3,3,2
1377,3,3,2
1378,3,3,3
1379,3,3,3
1380,3,3,2
1381,3,3,3
1382,3,3,3
1383,3,3,3
1384,3,3,3
1385,3,3,3
1386,3,3,3
1387,3,3,2
1388,3,3,2
1389,3,3,3
1390,3,3,3
1391,3,3,2
1392,3,3,2
1393,3,3,3
1394,3,3,3
1395,3,3,2
1396,3,3,3
1397,3,3,3
1398,3,3,2
1399,3,3,2
1400,3,3,2
1401,3,2,1
1402,3,0,0
1403,3,0,0
1404,3,0,0
1405,3,0,0
1406,3,0,0
1407,3,2,1
1408,3,0,0
1409,3,0,0
1410,4,0,0
1411,3,0,0
1412,4,3,2
1413,4,3,3
1414,4,3,3
1415,4,3,2
1416,4,2,1
1417,5,2,1
1418,5,2,1
1419,4,0,0
1420,4,0,0
1421,4,0,0
1422,3,0,0
1423,3,0,0
1424,3,0,0
1425,3,0,0
1426,3,0,0
1427,3,0,0
1428,4,0,0
1429,4,0,0
1430,2,0,0
1431,2,0,0
1432,2,0,0
1433,2,0,0
1434,3,0,0
1435,4,0,0
1436,3,0,0
1437,4,0,0
1438,4,0,0
1439,4,2,1
1440,4,0,0
1441,4,2,1
1442,4,0,0
1443,4,0,0
1444,4,0,0
1445,3,0,0
1446,3,2,1
1447,3,0,0
1448,3,0,0
1449,3,2,1
1450,3,2,1
1451,3,2,1
1452,3,2,1
1453,3,2,1
1454,3,0,0
1455,3,2,1
1456,3,2,1
1457,3,2,1
1458,3,2,1
1459,3,2,1
1460,3,0,0
1461,3,0,0
1462,3,0,0
1463,2,0,0
1464,2,0,0
1465,2,0,0
1466,2,0,0
1467,2,2,1
1468,2,0,0
1469,2,0,0
1470,2,0,0
1471,2,0,0
1472,2,0,0
1473,2,0,0
1474,2,0,0
1475,1,0,0
1476,2,0,0
1477,1,0,0
1478,1,0,0
1479,2,0,0
1480,2,0,0
1481,3,0,0
1482,3,0,0
1483,3,0,0
1484,3,0,0
1485,3,0,0
1486,3,0,0
1487,3,0,0
1488,3,0,0
1489,4,0,0
1490,3,0,0
1491,3,0,0
1492,3,0,0
1493,3,0,0
1494,2,0,0
1495,2,0,0
1496,2,0,0
1497,2,0,0
1498,2,0,0
1499,2,0,0
1500,2,0,0
1501,2,0,0
1502,2,0,0
1503,2,0,0
1504,2,0,0
1505,2,0,0
1506,2,0,0
1507,2,0,0
1508,2,0,0
1509,3,0,0
1510,2,0,0
1511,3,0,0
1512,3,0,0
1513,3,0,0
1514,3,0,0
1515,3,0,0
1516,3,0,0
1517,3,0,0
1518,3,0,0
1519,2,0,0
1520,1,0,0
1521,1,0,0
1522,1,0,0
1523,2,0,0
1524,2,0,0
1525,2,0,0
1526,2,0,0
1527,1,0,0
1528,2,0,0
1529,2,0,0
1530,2,0,0
1531,2,0,0
1532,2,0,0
1533,2,0,0
1534,2,0,0
1535,3,0,0
1536,3,0,0
1537,3,2,1
1538,3,0,0
1539,2,0,0
1540,2,0,0
1541,2,0,0
1542,2,0,0
1543,2,0,0
1544,2,0,0
1545,2,2,1
1546,2,0,0
1547,2,0,0
1548,3,0,0
1549,3,0,0
1550,4,2,1
1551,4,0,0
1552,4,2,1
1553,4,0,0
1554,4,0,0
1555,4,0,0
1556,5,0,0
1557,3,0,0
1558,3,0,0
1559,4,0,0
1560,4,0,0
1561,4,0,0
1562,4,2,1
1563,4,2,1
1564,3,3,2
1565,3,2,1
1566,2,0,0
1567,3,2,1
1568,4,2,1
1569,3,2,1
1570,3,0,0
1571,3,0,0
1572,3,0,0
1573,3,0,0
1574,3,0,0
1575,3,0,0
1576,3,0,0
1577,3,0,0
1578,3,0,0
1579,3,0,0
1580,4,0,0
1581,3,0,0
1582,4,0,0
1583,3,0,0
1584,3,2,1
1585,3,0,0
1586,3,0,0
1587,3,0,0
1588,3,0,0
1589,3,0,0
1590,3,0,0
1591,2,0,0
1592,3,2,1
1593,3,0,0
1594,3,0,0
1595,3,0,0
1596,3,2,1
1597,4,2,1
1598,3,2,1
1599,3,2,1
1600,3,2,1
1601,3,2,1
1602,3,2,1
1603,3,2,1
1604,4,2,1
1605,4,2,1
1606,4,2,1
1607,5,3,2
1608,4,4,4
1609,5,4,3
1610,5,4,5
1611,5,4,4
1612,5,4,4
1613,5,4,5
1614,5,4,5
1615,5,4,5
1616,5,4,4
1617,5,4,5
1618,5,4,5
1619,5,4,5
1620,4,4,5
1621,4,4,5
1622,4,4,3
1623,4,4,5
1624,4,4,4
1625,4,4,5
1626,4,4,3
1627,4,4,3
1628,4,4,4
1629,4,4,3
1630,4,4,4
1631,4,4,4
1632,3,3,2
1633,4,3,3
1634,3,3,3
1635,4,4,4
1636,4,4,4
1637,4,2,1
1638,4,0,0
1639,4,0,0
1640,4,0,0
1641,4,0,0
1642,4,2,1
1643,3,2,1
1644,3,2,1
1645,3,0,0
1646,4,3,2
1647,5,0,0
1648,5,2,1
1649,4,2,1
1650,4,2,1
1651,4,2,1
1652,4,0,0
1653,4,3,2
1654,4,4,4
1655,4,4,3
1656,4,4,4
1657,4,4,5
1658,4,4,5
1659,4,4,5
1660,4,4,5
1661,4,4,4
1662,4,4,4
1663,4,4,5
1664,4,4,5
1665,4,4,5
1666,4,4,4
1667,4,4,3
1668,4,4,5
1669,4,4,5
1670,3,3,2
1671,5,3,3
1672,5,4,3
1673,4,4,4
1674,5,4,3
1675,4,4,4
1676,5,4,5
1677,5,4,5
1678,5,4,4
1679,5,5,5
1680,5,5,6
1681,5,5,7
1682,5,5,6
1683,5,5,6
1684,5,5,7
1685,5,5,7
1686,5,5,7
1687,5,5,7
1688,5,5,7
1689,5,5,5
1690,5,5,5
1691,5,5,6
1692,5,5,7
1693,5,5,6
1694,5,5,7
1695,5,5,5
1696,5,5,7
1697,5,5,7
1698,5,5,7
1699,5,5,5
1700,5,5,6
1701,5,5,7
1702,5,5,6
1703,5,5,6
1704,5,5,6
1705,4,4,4
1706,4,4,5
1707,4,4,5
1708,4,4,5
1709,4,4,4
1710,4,4,3
1711,4,4,4
1712,4,4,4
1713,4,4,5
1714,4,4,4
1715,4,4,5
1716,4,4,4
1717,4,4,5
1718,4,3,3
1719,4,4,3
1720,4,4,5
1721,4,4,5
1722,4,4,5
1723,4,4,5
1724,4,4,4
1725,4,4,3
1726,4,4,5
1727,4,3,3
1728,4,3,2
1729,4,4,3
1730,4,3,2
1731,4,3,3
1732,4,4,4
1733,4,4,3
1734,4,4,4
1735,4,4,5
1736,4,3,3
1737,4,3,3
1738,5,4,3
1739,5,4,4
1740,5,4,4
1741,5,4,4
1742,5,3,3
1743,4,3,3
1744,5,5,6
1745,5,3,3
1746,5,3,3
1747,5,3,2
1748,5,3,3
1749,4,3,3
1750,4,3,2
1751,4,3,3
1752,4,2,1
1753,3,2,1
1754,3,2,1
1755,4,2,1
1756,4,2,1
1757,4,4,4
1758,4,4,5
1759,4,4,3
1760,4,4,4
1761,4,4,5
1762,4,4,4
1763,4,4,5
1764,4,4,5
1765,5,4,4
1766,5,4,5
1767,5,4,3
1768,5,4,4
1769,4,4,3
1770,4,4,5
1771,4,4,4
1772,4,4,5
1773,4,4,3
1774,4,4,5
1775,4,4,4
1776,4,4,4
1777,4,4,5
1778,5,4,4
1779,4,4,5
1780,4,4,4
1781,5,4,5
1782,4,4,5
1783,4,4,5
1784,4,4,5
1785,4,4,5
1786,4,4,5
1787,4,4,4
1788,4,4,5
1789,4,4,4
1790,4,4,5
1791,4,4,4
1792,4,4,4
1793,4,4,4
1794,4,4,3
1795,4,4,5
1796,4,4,5
1797,4,4,5
1798,4,4,4
1799,4,4,3
1800,4,3,2
1801,4,4,4
1802,4,4,4
1803,4,4,4
1804,4,4,3
1805,4,4,5
1806,4,4,5
1807,4,4,5
1808,4,4,4
1809,4,4,5
1810,4,4,5
1811,4,4,3
1812,4,4,3
1813,4,3,3
1814,4,3,3
1815,4,3,3
1816,4,3,3
1817,4,3,3
1818,3,3,2
1819,3,3,2
1820,3,3,3
1821,3,3,2
1822,3,3,2
1823,4,3,3
1824,4,3,3
1825,3,2,1
1826,4,3,3
1827,4,3,2
1828,4,3,2
1829,4,3,3
1830,4,3,2
1831,3,3,3
1832,3,3,3
1833,3,2,1
1834,3,3,2
1835,3,3,2
1836,3,2,1
1837,3,3,3
1838,3,3,2
1839,4,4,3
1840,3,3,2
1841,4,4,5
1842,4,4,5
1843,4,4,5
1844,4,4,5
1845,4,4,5
1846,5,4,4
1847,5,4,5
1848,5,4,4
1849,5,4,4
1850,5,4,5
1851,5,4,5
1852,5,4,5
1853,5,4,4
1854,5,4,4
1855,5,4,4
1856,4,4,4
1857,4,4,4
1858,4,4,3
1859,4,4,5
1860,6,4,5
1861,5,4,4
1862,5,4,4
1863,6,5,6
1864,6,5,6
1865,6,5,7
1866,5,5,7
1867,5,5,7
1868,6,5,6
1869,6,5,7
1870,6,5,6
1871,5,5,7
1872,5,5,6
1873,5,5,7
1874,5,5,7
1875,5,5,5
1876,5,5,7
1877,5,5,6
1878,5,5,6
1879,5,5,6
1880,5,5,5
1881,5,5,7
1882,5,5,6
1883,5,5,6
1884,5,5,6
1885,5,5,6
1886,5,5,6
1887,5,5,7
1888,5,5,7
1889,5,5,6
1890,5,5,7
1891,5,5,6
1892,5,5,7
1893,5,5,7
1894,5,5,7
1895,5,5,7
1896,5,5,7
1897,5,5,7
1898,5,5,6
1899,5,5,6
1900,5,5,7
1901,5,5,6
1902,5,5,5
1903,5,5,6
1904,5,5,7
1905,5,5,7
1906,5,5,7
1907,5,5,7
1908,5,5,7
1909,5,5,6
1910,5,5,6
1911,5,5,6
1912,5,5,7
1913,5,5,6
1914,4,4,5
1915,4,4,5
1916,4,4,5
1917,4,3,3
1918,4,4,5
1919,4,4,4
1920,4,4,5
1921,4,4,5
1922,4,4,3
1923,4,4,4
1924,4,4,4
1925,4,4,5
1926,4,4,5
1927,4,4,4
1928,4,4,3
1929,5,3,2
1930,5,3,2
1931,5,3,2
1932,4,3,3
1933,4,3,3
1934,4,3,3
1935,4,3,3
1936,5,3,2
1937,4,3,3
1938,4,3,3
1939,4,4,3
1940,4,4,4
1941,4,3,2
1942,3,3,3
1943,5,4,3
1944,5,4,4
1945,5,4,4
1946,5,4,3
1947,5,4,4
1948,5,4,5
1949,5,4,4
1950,5,4,5
1951,4,3,3
1952,6,4,5
1953,6,4,3
1954,5,4,3
1955,5,4,3
1956,5,4,4
1957,5,4,4
1958,5,4,3
1959,5,3,3
1960,4,3,3
1961,4,3,3
1962,4,3,3
1963,4,3,3
1964,4,3,3
1965,4,3,3
1966,4,3,3
1967,4,3,3
1968,4,3,3
1969,4,3,3
1970,5,3,3
1971,4,3,2
1972,4,3,2
1973,4,3,3
1974,4,3,2
1975,3,3,3
1976,3,3,2
1977,3,3,2
1978,3,3,3
1979,3,3,3
1980,3,3,3
1981,4,3,2
1982,4,3,2
1983,4,3,3
1984,3,3,3
1985,3,3,3
1986,3,3,3
1987,3,3,3
1988,3,3,2
1989,3,3,3
1990,3,3,3
1991,3,3,3
1992,3,3,3
1993,3,3,2
1994,3,3,2
1995,3,3,2
1996,3,0,0
1997,4,2,1
1998,4,0,0
1999,4,2,1
