0,0,0,0
1,0,0,0
2,0,0,0
3,0,0,0
4,0,0,0
5,1,0,0
6,2,0,0
7,2,0,0
8,2,0,0
9,2,0,0
10,2,0,0
11,4,0,0
12,3,0,0
13,3,0,0
14,4,0,0
15,4,0,0
16,4,0,0
17,4,2,1
18,4,2,1
19,4,2,1
20,4,0,0
21,3,0,0
22,2,0,0
23,2,0,0
24,3,0,0
25,2,0,0
26,2,0,0
27,2,0,0
28,1,0,0
29,2,0,0
30,1,0,0
31,2,0,0
32,1,0,0
33,2,0,0
34,2,0,0
35,2,0,0
36,2,0,0
37,2,0,0
38,2,0,0
39,2,0,0
40,2,0,0
41,0,0,0
42,1,0,0
43,0,0,0
44,0,0,0
45,0,0,0
46,0,0,0
47,0,0,0
48,1,0,0
49,1,0,0
50,0,0,0
51,0,0,0
52,0,0,0
53,2,0,0
54,2,0,0
55,1,0,0
56,2,0,0
57,2,0,0
58,2,0,0
59,1,0,0
60,1,0,0
61,1,0,0
62,1,0,0
63,1,0,0
64,1,0,0
65,1,0,0
66,1,0,0
67,1,0,0
68,1,0,0
69,1,0,0
70,2,0,0
71,2,0,0
72,2,0,0
73,2,0,0
74,2,0,0
75,1,0,0
76,2,0,0
77,2,0,0
78,2,0,0
79,2,0,0
80,2,0,0
81,2,0,0
82,2,0,0
83,2,0,0
84,2,0,0
85,2,0,0
86,2,0,0
87,2,0,0
88,2,0,0
89,3,0,0
90,2,0,0
91,2,0,0
92,2,0,0
93,1,0,0
94,2,0,0
95,2,2,1
96,2,0,0
97,2,0,0
98,2,0,0
99,2,0,0
100,2,0,0
101,2,0,0
102,2,0,0
103,3,0,0
104,2,0,0
105,3,0,0
106,2,0,0
107,2,0,0
108,2,0,0
109,2,0,0
110,2,0,0
111,2,0,0
112,2,0,0
113,3,0,0
114,3,2,1
115,3,2,1
116,3,0,0
117,3,0,0
118,3,0,0
119,2,0,0
120,3,0,0
121,3,0,0
122,3,2,1
123,3,3,3
124,3,3,2
125,3,3,2
126,3,2,1
127,3,3,3
128,3,3,3
129,3,3,2
130,3,3,2
131,3,3,2
132,3,3,2
133,3,3,2
134,3,3,3
135,3,3,3
136,3,3,2
137,3,3,2
138,3,3,3
139,4,3,3
140,4,3,2
141,3,3,2
142,3,3,3
143,3,3,2
144,3,3,3
145,3,3,3
146,4,3,3
147,4,3,3
148,4,3,3
149,4,3,2
150,4,3,2
151,4,3,2
152,4,3,2
153,4,2,1
154,4,2,1
155,4,2,1
156,4,3,2
157,3,3,2
158,4,4,3
159,4,4,4
160,4,4,4
161,4,4,4
162,4,4,4
163,4,4,5
164,4,4,4
165,4,4,5
166,4,4,5
167,4,4,3
168,4,4,4
169,4,4,4
170,4,4,4
171,4,4,4
172,4,4,4
173,4,4,4
174,4,4,5
175,4,4,5
176,4,4,4
177,4,4,5
178,4,4,5
179,4,4,4
180,4,4,5
181,4,4,5
182,4,4,3
183,4,4,4
184,4,3,2
185,4,4,5
186,4,4,4
187,4,4,4
188,4,4,4
189,4,4,4
190,5,4,4
191,5,3,3
192,5,3,2
193,5,4,4
194,4,3,2
195,5,4,5
196,5,4,5
197,5,4,5
198,5,4,5
199,5,4,4
200,5,4,4
201,5,3,2
202,5,4,3
203,5,4,4
204,5,4,4
205,4,3,2
206,5,4,4
207,5,4,4
208,4,4,5
209,4,4,5
210,4,4,5
211,4,4,5
212,3,3,2
213,4,4,4
214,4,4,5
215,4,4,4
216,4,4,4
217,4,4,4
218,4,4,4
219,4,4,5
220,5,4,5
221,5,4,4
222,5,5,5
223,5,5,7
224,5,5,5
225,4,4,5
226,5,5,4
227,5,5,5
228,5,5,6
229,5,5,6
230,5,5,5
231,5,5,6
232,5,5,7
233,5,5,5
234,5,5,7
235,5,5,5
236,5,5,6
237,5,5,6
238,5,5,6
239,5,5,7
240,5,5,7
241,5,5,7
242,5,5,6
243,5,5,7
244,5,5,7
245,5,5,7
246,5,5,7
247,5,5,7
248,6,6,7
249,6,5,7
250,6,6,8
251,6,6,8
252,6,6,10
253,6,6,8
254,6,6,9
255,6,6,10
256,6,6,10
257,6,6,10
258,6,6,10
259,6,6,10
260,6,6,10
261,6,6,9
262,6,6,9
263,6,6,8
264,6,6,10
265,7,6,10
266,6,6,9
267,6,6,9
268,6,6,9
269,6,6,9
270,6,6,10
271,6,6,9
272,6,6,7
273,6,6,9
274,6,6,9
275,6,6,9
276,6,6,9
277,6,6,9
278,6,6,9
279,6,6,9
280,6,6,10
281,6,6,9
282,6,6,9
283,6,6,9
284,6,6,10
285,6,6,10
286,6,6,10
287,6,6,10
288,6,6,10
289,6,6,10
290,6,6,10
291,6,6,10
292,6,6,10
293,6,6,10
294,6,6,10
295,6,6,9
296,6,6,10
297,6,6,9
298,6,6,10
299,6,6,9
300,6,6,10
301,6,6,9
302,6,6,10
303,6,6,10
304,6,6,9
305,6,6,8
306,6,6,9
307,6,6,10
308,6,6,10
309,6,6,10
310,6,6,10
311,6,6,10
312,6,6,10
313,6,6,10
314,6,6,10
315,6,6,10
316,6,6,10
317,7,6,10
318,7,6,10
319,7,6,9
320,7,6,9
321,7,6,10
322,7,6,10
323,7,6,10
324,6,6,10
325,6,6,10
326,6,6,10
327,6,6,10
328,6,6,10
329,6,6,9
330,6,6,10
331,6,6,10
332,6,6,9
333,6,6,10
334,6,6,9
335,6,6,10
336,6,6,10
337,7,6,9
338,7,6,10
339,7,6,10
340,7,6,10
341,7,6,10
342,7,6,10
343,7,6,10
344,7,6,9
345,7,6,10
346,7,6,9
347,6,6,10
348,6,6,10
349,6,6,10
350,6,6,9
351,6,6,9
352,6,6,10
353,6,6,9
354,6,6,9
355,6,6,9
356,6,6,9
357,6,6,10
358,6,6,10
359,6,6,9
360,6,6,10
361,6,6,10
362,6,6,10
363,6,6,10
364,6,6,9
365,6,6,9
366,6,6,9
367,6,6,10
368,6,6,9
369,6,6,9
370,6,6,9
371,6,6,9
372,7,7,11
373,7,7,10
374,7,7,12
375,7,7,12
376,7,7,12
377,6,6,9
378,7,7,12
379,7,7,12
380,7,7,11
381,7,7,12
382,7,7,12
383,7,7,12
384,7,7,11
385,7,7,12
386,7,7,11
387,7,7,12
388,7,7,10
389,7,7,11
390,7,7,11
391,7,7,11
392,7,7,11
393,7,7,11
394,7,7,12
395,7,7,11
396,7,7,11
397,7,7,12
398,7,7,12
399,7,7,12
400,7,7,12
401,7,7,12
402,7,7,12
403,7,7,12
404,7,7,11
405,7,7,12
406,8,7,12
407,8,7,11
408,7,7,12
409,7,7,12
410,7,7,12
411,7,7,12
412,7,7,12
413,8,8,12
414,8,8,13
415,7,7,12
416,8,8,14
417,8,8,13
418,7,7,12
419,8,8,13
420,8,8,14
421,8,8,14
422,8,8,14
423,8,8,12
424,8,7,12
425,8,7,12
426,8,7,12
427,8,7,12
428,8,7,11
429,8,7,12
430,8,6,10
431,8,7,12
432,8,7,11
433,8,7,12
434,8,7,12
435,8,7,12
436,8,7,12
437,8,7,12
438,8,7,12
439,8,7,11
440,7,7,12
441,7,7,12
442,7,7,11
443,7,7,12
444,7,7,12
445,7,7,12
446,7,7,12
447,7,7,12
448,7,7,12
449,7,7,12
450,7,7,12
451,7,7,12
452,7,7,12
453,7,7,12
454,7,7,12
455,7,7,12
456,7,7,12
457,7,7,12
458,8,7,12
459,8,7,12
460,7,7,11
461,7,7,12
462,7,7,12
463,7,7,12
464,7,7,12
465,7,7,12
466,7,7,11
467,7,7,12
468,7,7,11
469,7,7,12
470,7,7,12
471,7,7,12
472,7,7,11
473,7,7,12
474,8,8,15
475,8,8,15
476,8,8,15
477,8,8,15
478,8,8,15
479,9,8,15
480,8,8,15
481,8,8,15
482,8,8,15
483,8,8,15
484,8,8,15
485,8,8,15
486,8,8,15
487,8,8,15
488,8,8,15
489,8,8,15
490,8,8,15
491,8,8,14
492,8,8,15
493,8,8,15
494,8,8,15
495,8,8,15
496,8,8,15
497,8,8,15
498,8,8,15
499,8,8,15
500,8,8,15
501,8,8,15
502,8,8,15
503,8,8,15
504,8,8,15
505,8,8,15
506,8,8,15
507,8,8,15
508,8,8,14
509,8,8,15
510,8,8,15
511,8,8,15
512,8,8,15
513,8,8,15
514,8,8,15
515,8,8,15
516,8,8,15
517,8,8,14
518,9,9,18
519,9,9,18
520,9,9,17
521,9,9,18
522,9,9,18
523,9,9,18
524,9,9,18
525,9,9,18
526,9,9,18
527,9,9,18
528,9,9,18
529,9,9,18
530,9,9,18
531,9,9,18
532,9,9,18
533,9,9,18
534,9,9,18
535,9,9,18
536,9,9,18
537,9,9,18
538,9,9,18
539,9,9,18
540,9,9,18
541,9,9,18
542,9,9,17
543,10,9,18
544,10,9,18
545,10,9,18
546,10,10,19
547,10,9,18
548,10,9,18
549,10,9,18
550,10,9,18
551,10,9,18
552,10,9,18
553,10,9,18
554,10,9,18
555,10,9,18
556,10,9,18
557,10,9,18
558,10,9,18
559,10,9,18
560,10,9,18
561,10,9,18
562,10,9,18
563,10,9,18
564,10,9,18
565,10,9,18
566,10,10,19
567,10,10,20
568,10,10,20
569,10,10,21
570,10,10,21
571,10,10,21
572,10,10,21
573,10,10,21
574,10,10,21
575,10,10,21
576,10,10,21
577,10,10,21
578,10,10,21
579,10,10,21
580,10,10,21
581,10,10,21
582,10,10,21
583,10,10,21
584,10,10,21
585,10,10,21
586,10,10,21
587,10,10,21
588,10,10,21
589,10,10,21
590,10,10,21
591,10,10,21
592,10,10,21
593,10,10,21
594,10,10,21
595,10,10,21
596,10,10,21
597,10,10,21
598,10,10,21
599,10,10,21
600,10,10,21
601,10,10,21
602,10,10,21
603,10,10,21
604,10,10,21
605,10,10,21
606,10,10,21
607,10,10,21
608,10,10,21
609,10,10,21
610,10,10,21
611,10,10,21
612,10,10,21
613,10,10,20
614,10,10,21
615,10,10,21
616,10,10,21
617,10,10,21
618,10,10,21
619,10,10,21
620,10,10,21
621,10,10,21
622,10,10,21
623,10,10,21
624,10,10,21
625,10,10,20
626,10,10,21
627,10,10,21
628,10,10,21
629,10,10,21
630,10,10,21
631,10,10,21
632,10,10,21
633,10,10,21
634,10,10,21
635,10,10,21
636,10,10,21
637,10,10,21
638,10,10,21
639,10,10,21
640,10,10,21
641,10,10,21
642,10,10,21
643,10,10,21
644,10,10,21
645,10,10,20
646,10,10,20
647,10,10,21
648,10,10,20
649,10,10,20
650,10,10,21
651,10,10,21
652,10,10,21
653,10,10,21
654,10,10,21
655,10,10,21
656,10,10,21
657,10,10,21
658,10,10,21
659,10,10,21
660,10,10,21
661,10,10,21
662,10,10,21
663,10,10,21
664,10,10,21
665,10,10,21
666,10,10,21
667,10,10,21
668,10,10,21
669,10,10,21
670,10,10,21
671,10,10,21
672,10,10,21
673,10,10,21
674,10,10,21
675,10,10,21
676,10,10,21
677,10,10,21
678,10,10,21
679,10,10,21
680,10,10,21
681,10,10,21
682,10,10,21
683,10,10,21
684,10,10,21
685,10,10,21
686,10,10,21
687,10,10,21
688,10,10,21
689,10,10,21
690,10,10,21
691,10,10,21
692,10,10,21
693,10,10,21
694,10,10,21
695,10,10,21
696,10,10,21
697,10,10,21
698,10,10,21
699,10,10,21
700,10,10,21
701,10,10,21
702,10,10,21
703,10,10,20
704,10,10,21
705,10,10,21
706,10,10,21
707,10,10,21
708,10,10,21
709,10,10,21
710,10,10,20
711,10,10,21
712,10,10,21
713,10,10,21
714,10,10,21
715,10,10,21
716,10,10,20
717,10,10,21
718,10,10,21
719,10,10,19
720,10,10,21
721,10,10,21
722,10,10,21
723,10,10,21
724,10,10,21
725,10,10,20
726,10,10,21
727,10,10,21
728,10,10,20
729,10,10,21
730,10,10,21
731,10,10,20
732,10,10,21
733,10,10,21
734,10,10,21
735,10,10,21
736,10,10,21
737,10,10,21
738,10,10,21
739,10,10,21
740,10,10,21
741,10,10,20
742,10,10,21
743,10,10,21
744,10,10,21
745,10,10,21
746,10,10,21
747,10,10,21
748,10,10,21
749,10,10,21
750,10,10,21
751,10,10,21
752,10,10,21
753,10,10,21
754,10,10,21
755,10,10,21
756,10,10,21
757,10,10,21
758,10,10,21
759,10,10,20
760,10,10,21
761,10,10,21
762,10,10,21
763,10,10,21
764,11,11,25
765,11,11,24
766,11,11,25
767,11,11,24
768,11,11,24
769,11,11,25
770,11,11,25
771,11,11,25
772,11,11,25
773,11,11,25
774,11,11,25
775,11,11,25
776,11,11,25
777,11,11,25
778,11,11,25
779,11,11,25
780,11,11,25
781,11,11,25
782,11,11,25
783,11,11,25
784,11,11,25
785,11,11,25
786,11,11,25
787,11,11,25
788,11,11,25
789,11,11,25
790,11,11,25
791,11,11,25
792,11,11,25
793,11,11,25
794,11,11,25
795,11,11,25
796,11,11,25
797,11,11,25
798,11,11,25
799,11,11,25
800,11,11,25
801,11,11,25
802,11,11,25
803,11,11,25
804,11,11,25
805,11,11,25
806,11,11,25
807,11,11,25
808,11,11,25
809,11,11,24
810,11,11,25
811,11,11,25
812,11,11,25
813,11,11,25
814,11,11,25
815,11,11,25
816,11,11,25
817,11,11,25
818,11,11,25
819,11,11,25
820,11,11,25
821,11,11,25
822,11,11,25
823,11,11,25
824,11,11,25
825,11,11,25
826,11,11,25
827,11,11,25
828,11,11,25
829,11,11,25
830,11,11,25
831,11,11,25
832,11,11,25
833,11,11,25
834,11,11,25
835,11,11,25
836,11,11,24
837,11,11,25
838,11,11,25
839,11,11,25
840,11,11,25
841,11,11,24
842,11,11,25
843,11,11,25
844,11,11,24
845,11,11,25
846,11,11,25
847,11,11,25
848,11,11,25
849,11,11,25
850,11,11,25
851,11,11,25
852,11,11,25
853,11,11,25
854,11,11,25
855,11,11,25
856,11,11,25
857,11,11,25
858,11,11,25
859,11,11,25
860,11,11,25
861,11,11,25
862,11,11,25
863,11,11,25
864,11,11,25
865,11,11,25
866,11,11,25
867,11,11,25
868,11,11,25
869,11,11,25
870,11,11,25
871,11,11,25
872,11,11,25
873,11,11,25
874,11,11,25
875,11,11,25
876,11,11,25
877,11,11,25
878,11,11,25
879,11,11,25
880,11,11,25
881,11,11,25
882,11,11,25
883,11,11,25
884,11,11,25
885,11,11,25
886,11,11,25
887,11,11,25
888,11,11,25
889,11,11,25
890,11,11,25
891,11,11,25
892,11,11,25
893,11,11,25
894,11,11,24
895,11,11,25
896,11,11,25
897,11,11,25
898,11,11,25
899,11,11,25
900,11,11,25
901,11,11,25
902,11,11,25
903,11,11,25
904,11,11,25
905,11,11,25
906,11,11,25
907,11,11,25
908,11,11,25
909,11,11,25
910,11,11,25
911,11,11,25
912,11,11,25
913,11,11,25
914,11,11,25
915,11,11,25
916,11,11,25
917,11,11,25
918,11,11,25
919,11,11,25
920,11,11,25
921,11,11,25
922,11,11,25
923,11,11,25
924,11,11,25
925,11,11,25
926,11,11,25
927,11,11,25
928,11,11,25
929,11,11,25
930,11,11,25
931,11,11,25
932,11,11,25
933,11,11,25
934,11,11,25
935,11,11,25
936,11,11,25
937,11,11,25
938,11,11,25
939,11,11,25
940,11,11,25
941,11,11,25
942,11,11,25
943,11,11,25
944,11,11,25
945,11,11,25
946,11,11,25
947,11,11,25
948,11,11,25
949,11,11,25
950,11,11,25
951,11,11,25
952,11,11,25
953,11,11,25
954,11,11,25
955,11,11,25
956,11,11,24
957,11,11,25
958,11,11,25
959,11,11,25
960,11,11,25
961,11,11,25
962,11,11,25
963,11,11,25
964,11,11,25
965,11,11,25
966,11,11,24
967,11,11,25
968,11,11,25
969,11,11,25
970,11,11,25
971,11,11,25
972,11,11,25
973,11,11,25
974,11,11,25
975,11,11,25
976,11,11,25
977,11,11,25
978,11,11,25
979,11,11,25
980,11,11,25
981,11,11,25
982,11,11,25
983,11,11,25
984,11,11,25
985,11,11,25
986,11,11,25
987,11,11,25
988,11,11,25
989,11,11,25
990,11,11,25
991,11,11,25
992,11,11,25
993,11,11,25
994,11,11,25
995,11,11,25
996,11,11,25
997,11,11,25
998,11,11,25
999,11,11,25
1000,11,11,25
1001,11,11,25
1002,11,11,25
1003,11,11,25
1004,11,11,25
1005,11,11,25
1006,11,11,25
1007,11,11,25
1008,11,11,25
1009,11,11,25
1010,11,11,25
1011,11,11,25
1012,11,11,25
1013,11,11,25
1014,11,11,25
1015,11,11,25
1016,11,11,25
1017,11,11,25
1018,11,11,25
1019,11,11,25
1020,11,11,25
1021,11,11,25
1022,11,11,25
1023,11,11,25
1024,11,11,25
1025,11,11,25
1026,11,11,25
1027,11,11,25
1028,11,11,25
1029,11,11,25
1030,11,11,25
1031,11,11,25
1032,11,11,25
1033,11,11,25
1034,11,11,25
1035,11,11,25
1036,11,11,25
1037,11,11,25
1038,11,11,25
1039,11,11,25
1040,11,11,25
1041,11,11,25
1042,11,11,25
1043,11,11,25
1044,11,11,25
1045,11,11,25
1046,11,11,25
1047,11,11,25
1048,11,11,25
1049,11,11,25
1050,11,11,25
1051,11,11,25
1052,11,11,25
1053,11,11,25
1054,11,11,25
1055,11,11,25
1056,11,11,24
1057,11,11,25
1058,11,11,25
1059,11,11,25
1060,11,11,25
1061,11,11,25
1062,11,11,25
1063,11,11,25
1064,11,11,25
1065,11,11,25
1066,11,11,25
1067,11,11,25
1068,11,11,25
1069,11,11,25
1070,11,11,25
1071,11,11,25
1072,11,11,25
1073,11,11,25
1074,11,11,25
1075,11,11,25
1076,11,11,25
1077,11,11,25
1078,11,11,25
1079,11,11,25
1080,11,11,25
1081,11,11,25
1082,11,11,25
1083,11,11,25
1084,11,11,25
1085,11,11,25
1086,11,11,24
1087,11,11,25
1088,11,11,25
1089,11,11,25
1090,11,11,25
1091,11,11,25
1092,11,11,25
1093,11,11,25
1094,11,11,25
1095,11,11,25
1096,11,11,25
1097,11,11,25
1098,11,11,25
1099,11,11,25
1100,11,11,25
1101,11,11,25
1102,11,11,25
1103,11,11,25
1104,11,11,25
1105,11,11,25
1106,11,11,25
1107,11,11,25
1108,11,11,25
1109,11,11,25
1110,11,11,25
1111,11,11,25
1112,11,11,25
1113,11,11,25
1114,11,11,25
1115,11,11,25
1116,11,11,25
1117,11,11,25
1118,11,11,25
1119,11,11,25
1120,11,11,24
1121,11,11,25
1122,11,11,25
1123,11,11,25
1124,11,11,25
1125,11,11,25
1126,11,11,25
1127,11,11,25
1128,11,11,25
1129,11,11,25
1130,11,11,25
1131,11,11,25
1132,11,11,25
1133,11,11,25
1134,11,11,25
1135,11,11,25
1136,11,11,25
1137,11,11,25
1138,11,11,25
1139,11,11,25
1140,11,11,25
1141,11,11,25
1142,11,11,25
1143,11,11,25
1144,11,11,25
1145,11,11,25
1146,11,11,25
1147,11,11,25
1148,11,11,25
1149,11,11,25
1150,11,11,25
1151,11,11,25
1152,11,11,25
1153,11,11,25
1154,11,11,25
1155,11,11,25
1156,11,11,25
1157,11,11,25
1158,11,11,25
1159,11,11,25
1160,11,11,25
1161,11,11,25
1162,11,11,25
1163,11,11,25
1164,11,11,25
1165,11,11,25
1166,11,11,25
1167,11,11,25
1168,11,11,25
1169,11,11,25
1170,11,11,25
1171,11,11,25
1172,11,11,25
1173,11,11,25
1174,11,11,25
1175,11,11,25
1176,11,11,25
1177,11,11,25
1178,11,11,25
1179,11,11,25
1180,11,11,24
1181,11,11,25
1182,11,11,24
1183,11,11,25
1184,11,11,25
1185,11,11,25
1186,11,11,25
1187,11,11,25
1188,11,11,25
1189,11,11,25
1190,11,11,25
1191,11,11,25
1192,11,11,25
1193,11,11,25
1194,11,11,25
1195,11,11,25
1196,11,11,25
1197,11,11,25
1198,11,11,25
1199,11,11,25
1200,11,11,25
1201,11,11,25
1202,11,11,25
1203,11,11,24
1204,11,11,25
1205,11,11,25
1206,11,11,25
1207,11,11,25
1208,11,11,25
1209,11,11,25
1210,11,11,25
1211,11,11,25
1212,11,11,25
1213,11,11,25
1214,11,11,25
1215,11,11,25
1216,11,11,25
1217,11,11,25
1218,11,11,25
1219,11,11,25
1220,11,11,25
1221,11,11,25
1222,11,11,25
1223,11,11,25
1224,11,11,25
1225,11,11,25
1226,11,11,25
1227,11,11,25
1228,11,11,25
1229,11,11,25
1230,11,11,25
1231,11,11,25
1232,11,11,25
1233,11,11,25
1234,11,11,25
1235,11,11,24
1236,11,11,25
1237,11,11,25
1238,11,11,25
1239,11,11,25
1240,11,11,25
1241,11,11,25
1242,11,11,25
1243,11,11,25
1244,11,11,25
1245,11,11,25
1246,11,11,25
1247,11,11,25
1248,11,11,25
1249,11,11,25
1250,11,11,25
1251,11,11,25
1252,11,11,25
1253,11,11,25
1254,11,11,25
1255,11,11,25
1256,11,11,25
1257,11,11,25
1258,11,11,25
1259,11,11,25
1260,11,11,25
1261,11,11,25
1262,11,11,24
1263,11,11,25
1264,11,11,25
1265,11,11,25
1266,11,11,25
1267,11,11,25
1268,11,11,25
1269,11,11,25
1270,11,11,25
1271,11,11,25
1272,11,11,25
1273,11,11,25
1274,11,11,25
1275,11,11,25
1276,11,11,25
1277,11,11,25
1278,11,11,25
1279,11,11,25
1280,11,11,25
1281,11,11,25
1282,11,11,25
1283,11,11,25
1284,11,11,25
1285,11,11,25
1286,11,11,25
1287,11,11,25
1288,11,11,25
1289,11,11,25
1290,11,11,25
1291,11,11,25
1292,11,11,25
1293,11,11,25
1294,11,11,25
1295,11,11,25
1296,11,11,25
1297,11,11,25
1298,11,11,25
1299,11,11,25
1300,11,11,25
1301,11,11,25
1302,11,11,25
1303,11,11,25
1304,11,11,25
1305,11,11,25
1306,11,11,25
1307,11,11,25
1308,11,11,25
1309,11,11,25
1310,11,11,25
1311,11,11,25
1312,11,11,25
1313,11,11,25
1314,11,11,25
1315,11,11,25
1316,11,11,25
1317,11,11,25
1318,11,11,25
1319,11,11,25
1320,11,11,25
1321,11,11,25
1322,11,11,25
1323,11,11,25
1324,11,11,25
1325,11,11,25
1326,11,11,25
1327,11,11,25
1328,11,11,25
1329,11,11,25
1330,11,11,25
1331,11,11,25
1332,11,11,25
1333,11,11,25
1334,11,11,25
1335,11,11,25
1336,11,11,25
1337,11,11,25
1338,11,11,25
1339,11,11,25
1340,11,11,24
1341,11,11,25
1342,11,11,25
1343,11,11,25
1344,11,11,25
1345,11,11,25
1346,11,11,25
1347,11,11,25
1348,11,11,25
1349,11,11,25
1350,11,11,25
1351,11,11,25
1352,11,11,25
1353,11,11,25
1354,11,11,25
1355,11,11,25
1356,11,11,25
1357,11,11,25
1358,11,11,25
1359,11,11,25
1360,11,11,25
1361,11,11,25
1362,11,11,25
1363,11,11,25
1364,11,11,25
1365,11,11,25
1366,11,11,25
1367,11,11,25
1368,11,11,24
1369,11,11,25
1370,11,11,25
1371,11,11,25
1372,11,11,25
1373,11,11,25
1374,11,11,25
1375,11,11,25
1376,11,11,25
1377,11,11,25
1378,11,11,25
1379,11,11,25
1380,11,11,25
1381,11,11,25
1382,11,11,25
1383,11,11,25
1384,11,11,25
1385,11,11,25
1386,11,11,25
1387,11,11,25
1388,11,11,25
1389,11,11,25
1390,11,11,25
1391,11,11,25
1392,11,11,25
1393,11,11,25
1394,11,11,25
1395,11,11,25
1396,11,11,25
1397,11,11,25
1398,11,11,25
1399,11,11,25
1400,11,11,25
1401,11,11,25
1402,11,11,25
1403,11,11,25
1404,11,11,25
1405,11,11,25
1406,11,11,25
1407,11,11,25
1408,11,11,25
1409,11,11,25
1410,11,11,25
1411,11,11,25
1412,11,11,25
1413,11,11,25
1414,11,11,25
1415,11,11,25
1416,11,11,25
1417,11,11,25
1418,11,11,25
1419,11,11,25
1420,11,11,25
1421,11,11,25
1422,11,11,25
1423,11,11,25
1424,11,11,25
1425,11,11,25
1426,11,11,25
1427,11,11,25
1428,11,11,25
1429,11,11,25
1430,11,11,25
1431,11,11,25
1432,11,11,25
1433,11,11,25
1434,11,11,25
1435,11,11,25
1436,11,11,25
1437,11,11,25
1438,11,11,25
1439,11,11,25
1440,11,11,25
1441,11,11,25
1442,11,11,25
1443,11,11,25
1444,11,11,25
1445,11,11,25
1446,11,11,25
1447,11,11,25
1448,11,11,25
1449,11,11,25
1450,11,11,25
1451,11,11,25
1452,11,11,24
1453,11,11,25
1454,11,11,25
1455,11,11,25
1456,11,11,25
1457,11,11,25
1458,11,11,25
1459,11,11,25
1460,11,11,25
1461,11,11,25
1462,11,11,25
1463,11,11,25
1464,11,11,25
1465,11,11,25
1466,11,11,25
1467,11,11,25
1468,11,11,25
1469,11,11,25
1470,11,11,25
1471,11,11,25
1472,11,11,25
1473,11,11,25
1474,11,11,25
1475,11,11,25
1476,11,11,25
1477,11,11,25
1478,11,11,25
1479,11,11,25
1480,11,11,25
1481,11,11,25
1482,11,11,25
1483,11,11,25
1484,11,11,25
1485,11,11,25
1486,11,11,25
1487,11,11,25
1488,11,11,24
1489,11,11,25
1490,11,11,25
1491,11,11,25
1492,11,11,25
1493,11,11,25
1494,11,11,25
1495,11,11,25
1496,11,11,25
1497,11,11,25
1498,11,11,25
1499,11,11,25
1500,11,11,25
1501,11,11,25
1502,11,11,25
1503,11,11,25
1504,11,11,25
1505,11,11,25
1506,11,11,25
1507,11,11,25
1508,11,11,25
1509,11,11,25
1510,11,11,25
1511,11,11,25
1512,11,11,25
1513,11,11,25
1514,11,11,25
1515,11,11,24
1516,11,11,25
1517,11,11,25
1518,11,11,25
1519,11,11,25
1520,11,11,25
1521,11,11,25
1522,11,11,25
1523,11,11,25
1524,11,11,25
1525,11,11,25
1526,11,11,25
1527,11,11,25
1528,11,11,25
1529,11,11,25
1530,11,11,25
1531,11,11,25
1532,11,11,25
1533,11,11,25
1534,11,11,24
1535,11,11,25
1536,11,11,25
1537,11,11,25
1538,11,11,25
1539,11,11,25
1540,11,11,25
1541,11,11,25
1542,11,11,25
1543,11,11,25
1544,11,11,25
1545,11,11,25
1546,11,11,25
1547,11,11,25
1548,11,11,25
1549,11,11,25
1550,11,11,24
1551,11,11,25
1552,11,11,25
1553,11,11,25
1554,11,11,25
1555,11,11,25
1556,11,11,25
1557,11,11,25
1558,11,11,25
1559,11,11,25
1560,11,11,25
1561,11,11,25
1562,11,11,25
1563,11,11,25
1564,11,11,25
1565,11,11,25
1566,11,11,25
1567,11,11,25
1568,11,11,25
1569,11,11,25
1570,11,11,25
1571,11,11,25
1572,11,11,25
1573,11,11,25
1574,11,11,25
1575,11,11,25
1576,11,11,25
1577,11,11,25
1578,11,11,25
1579,11,11,25
1580,11,11,25
1581,11,11,25
1582,11,11,25
1583,11,11,25
1584,11,11,25
1585,11,11,25
1586,11,11,25
1587,11,11,25
1588,11,11,25
1589,11,11,25
1590,11,11,25
1591,11,11,25
1592,11,11,25
1593,11,11,25
1594,11,11,25
1595,11,11,25
1596,11,11,25
1597,11,11,25
1598,11,11,25
1599,11,11,25
1600,11,11,25
1601,11,11,24
1602,11,11,25
1603,11,11,25
1604,11,11,25
1605,11,11,25
1606,11,11,25
1607,11,11,25
1608,11,11,25
1609,11,11,25
1610,11,11,25
1611,11,11,25
1612,11,11,25
1613,11,11,25
1614,11,11,24
1615,11,11,25
1616,11,11,24
1617,11,11,25
1618,11,11,25
1619,11,11,25
1620,11,11,25
1621,11,11,25
1622,11,11,25
1623,11,11,25
1624,11,11,25
1625,11,11,25
1626,11,11,25
1627,11,11,25
1628,11,11,25
1629,11,11,25
1630,11,11,25
1631,11,11,24
1632,11,11,25
1633,11,11,25
1634,11,11,25
1635,11,11,25
1636,11,11,25
1637,11,11,25
1638,11,11,24
1639,11,11,25
1640,11,11,25
1641,11,11,25
1642,11,11,25
1643,11,11,25
1644,11,11,25
1645,11,11,25
1646,11,11,25
1647,11,11,25
1648,11,11,25
1649,11,11,25
1650,11,11,25
1651,11,11,25
1652,11,11,25
1653,11,11,25
1654,11,11,25
1655,11,11,25
1656,11,11,25
1657,11,11,24
1658,11,11,25
1659,11,11,25
1660,11,11,25
1661,11,11,25
1662,11,11,25
1663,11,11,25
1664,11,11,25
1665,11,11,25
1666,11,11,25
1667,11,11,25
1668,11,11,25
1669,11,11,25
1670,11,11,25
1671,11,11,25
1672,11,11,25
1673,11,11,25
1674,11,11,25
1675,11,11,25
1676,11,11,25
1677,11,11,25
1678,11,11,25
1679,11,11,25
1680,11,11,25
1681,11,11,24
1682,11,11,25
1683,11,11,25
1684,11,11,25
1685,11,11,25
1686,11,11,25
1687,11,11,25
1688,11,11,25
1689,11,11,25
1690,11,11,25
1691,11,11,25
1692,11,11,25
1693,11,11,25
1694,11,11,25
1695,11,11,25
1696,11,11,25
1697,11,11,25
1698,11,11,25
1699,11,11,25
1700,11,11,25
1701,11,11,25
1702,11,11,24
1703,11,11,25
1704,11,11,24
1705,11,11,24
1706,11,11,25
1707,11,11,25
1708,11,11,25
1709,11,11,25
1710,11,11,25
1711,11,11,25
1712,11,11,25
1713,11,11,25
1714,11,11,25
1715,11,11,25
1716,11,11,25
1717,11,11,25
1718,11,11,25
1719,11,11,25
1720,11,11,25
1721,11,11,25
1722,11,11,25
1723,11,11,25
1724,11,11,25
1725,11,11,25
1726,11,11,25
1727,11,11,25
1728,11,11,25
1729,11,11,25
1730,11,11,25
1731,12,12,27
1732,12,12,30
1733,12,12,29
1734,12,12,30
1735,12,12,30
1736,12,12,30
1737,12,12,30
1738,12,12,30
1739,12,12,30
1740,12,12,30
1741,12,12,30
1742,12,12,30
1743,12,12,30
1744,12,12,30
1745,12,12,30
1746,12,12,30
1747,12,12,30
1748,12,12,30
1749,12,12,30
1750,12,12,30
1751,12,12,30
1752,12,12,30
1753,12,12,30
1754,12,12,30
1755,12,12,30
1756,12,12,30
1757,12,12,30
1758,12,12,30
1759,12,12,30
1760,12,12,30
1761,12,12,30
1762,12,12,30
1763,12,12,30
1764,12,12,30
1765,12,12,30
1766,12,12,30
1767,12,12,30
1768,12,12,30
1769,12,12,30
1770,12,12,30
1771,12,12,30
1772,12,12,30
1773,12,12,30
1774,12,12,30
1775,12,12,30
1776,12,12,30
1777,12,12,30
1778,12,12,30
1779,12,12,30
1780,12,12,30
1781,12,12,30
1782,12,12,30
1783,12,12,30
1784,12,12,30
1785,12,12,30
1786,12,12,30
1787,12,12,30
1788,12,12,30
1789,12,12,30
1790,12,12,30
1791,12,12,30
1792,12,12,30
1793,12,12,30
1794,12,12,30
1795,12,12,29
1796,12,12,30
1797,12,12,30
1798,12,12,30
1799,12,12,30
1800,12,12,30
1801,12,12,30
1802,12,12,30
1803,12,12,30
1804,12,12,30
1805,12,12,30
1806,12,12,30
1807,12,12,30
1808,12,12,30
1809,12,12,30
1810,12,12,30
1811,12,12,30
1812,12,12,30
1813,12,12,30
1814,12,12,30
1815,12,12,30
1816,12,12,30
1817,12,12,30
1818,12,12,30
1819,12,12,30
1820,12,12,30
1821,12,12,30
1822,12,12,30
1823,12,12,30
1824,12,12,30
1825,12,12,30
1826,12,12,30
1827,12,12,30
1828,12,12,30
1829,12,12,30
1830,12,12,30
1831,12,12,30
1832,12,12,30
1833,12,12,30
1834,12,12,30
1835,12,12,30
1836,12,12,30
1837,12,12,30
1838,12,12,30
1839,12,12,30
1840,12,12,30
1841,12,12,30
1842,12,12,30
1843,12,12,30
1844,12,12,30
1845,12,12,30
1846,12,12,30
1847,12,12,30
1848,12,12,30
1849,12,12,30
1850,12,12,30
1851,12,12,30
1852,12,12,30
1853,12,12,30
1854,12,12,30
1855,12,12,30
1856,12,12,30
1857,12,12,30
1858,12,12,30
1859,12,12,30
1860,12,12,30
1861,12,12,30
1862,12,12,30
1863,12,12,30
1864,12,12,30
1865,12,12,30
1866,12,12,30
1867,12,12,30
1868,12,12,30
1869,12,12,30
1870,12,12,30
1871,12,12,30
1872,12,12,30
1873,12,12,30
1874,12,12,30
1875,12,12,30
1876,12,12,30
1877,12,12,30
1878,12,12,30
1879,12,12,30
1880,12,12,30
1881,12,12,30
1882,12,12,30
1883,12,12,30
1884,12,12,30
1885,12,12,30
1886,12,12,30
1887,12,12,30
1888,12,12,30
1889,12,12,30
1890,12,12,30
1891,12,12,30
1892,12,12,30
1893,12,12,30
1894,12,12,30
1895,12,12,30
1896,12,12,30
1897,12,12,30
1898,12,12,30
1899,12,12,30
1900,12,12,30
1901,12,12,30
1902,12,12,30
1903,12,12,30
1904,12,12,30
1905,12,12,30
1906,12,12,30
1907,12,12,30
1908,12,12,30
1909,12,12,30
1910,12,12,30
1911,12,12,30
1912,12,12,30
1913,12,12,30
1914,12,12,30
1915,12,12,30
1916,12,12,30
1917,12,12,30
1918,12,12,30
1919,12,12,30
1920,12,12,30
1921,12,12,30
1922,12,12,30
1923,12,12,30
1924,12,12,30
1925,12,12,30
1926,12,12,30
1927,12,12,30
1928,12,12,30
1929,12,12,30
1930,12,12,30
1931,12,12,30
1932,12,12,30
1933,12,12,30
1934,12,12,30
1935,12,12,30
1936,12,12,30
1937,12,12,30
1938,12,12,30
1939,12,12,30
1940,12,12,30
1941,12,12,30
1942,12,12,30
1943,12,12,30
1944,12,12,30
1945,12,12,30
1946,12,12,30
1947,12,12,30
1948,12,12,30
1949,12,12,30
1950,12,12,30
1951,12,12,30
1952,12,12,30
1953,12,12,30
1954,12,12,30
1955,12,12,30
1956,12,12,30
1957,12,12,30
1958,12,12,30
1959,12,12,30
1960,12,12,30
1961,12,12,30
1962,12,12,30
1963,12,12,30
1964,12,12,30
1965,12,12,30
1966,12,12,30
1967,12,12,30
1968,12,12,30
1969,12,12,30
1970,12,12,30
1971,12,12,30
1972,12,12,30
1973,12,12,30
1974,12,12,30
1975,12,12,30
1976,12,12,30
1977,12,12,30
1978,12,12,30
1979,12,12,30
1980,12,12,30
1981,12,12,30
1982,12,12,30
1983,12,12,30
1984,12,12,30
1985,12,12,30
1986,12,12,30
1987,12,12,30
1988,12,12,30
1989,12,12,30
1990,12,12,30
1991,12,12,30
1992,12,12,30
1993,12,12,30
1994,12,12,30
1995,12,12,30
1996,12,12,30
1997,12,12,30
1998,12,12,30
1999,12,12,30
