0,0,0,0
1,1,0,0
2,0,0,0
3,1,0,0
4,2,0,0
5,1,0,0
6,1,0,0
7,1,0,0
8,1,0,0
9,1,0,0
10,2,0,0
11,2,0,0
12,2,0,0
13,2,0,0
14,2,0,0
15,3,2,1
16,2,0,0
17,3,0,0
18,3,0,0
19,3,0,0
20,2,0,0
21,2,0,0
22,2,0,0
23,3,2,1
24,2,2,1
25,2,2,1
26,2,2,1
27,2,2,1
28,2,2,1
29,2,2,1
30,2,0,0
31,2,0,0
32,2,0,0
33,3,0,0
34,2,0,0
35,1,0,0
36,1,0,0
37,2,0,0
38,2,0,0
39,1,0,0
40,1,0,0
41,3,0,0
42,2,0,0
43,2,0,0
44,2,0,0
45,2,0,0
46,2,0,0
47,2,0,0
48,2,0,0
49,2,0,0
50,2,0,0
51,2,0,0
52,2,0,0
53,2,0,0
54,2,0,0
55,2,0,0
56,2,0,0
57,2,0,0
58,2,0,0
59,2,0,0
60,2,0,0
61,1,0,0
62,2,0,0
63,2,0,0
64,2,0,0
65,2,0,0
66,2,0,0
67,2,0,0
68,2,0,0
69,3,0,0
70,3,0,0
71,3,0,0
72,3,0,0
73,3,2,1
74,3,2,1
75,3,2,1
76,4,2,1
77,4,3,2
78,4,3,2
79,4,3,2
80,4,3,2
81,4,3,2
82,4,3,2
83,4,3,3
84,4,3,3
85,3,3,2
86,3,3,2
87,3,3,3
88,3,3,2
89,3,3,2
90,3,3,2
91,3,2,1
92,3,3,3
93,3,3,2
94,4,3,3
95,4,3,2
96,3,3,2
97,3,3,3
98,3,2,1
99,3,2,1
100,3,2,1
101,3,2,1
102,3,2,1
103,3,3,2
104,3,3,2
105,4,3,3
106,3,3,3
107,3,3,3
108,3,3,2
109,3,3,3
110,3,3,3
111,4,3,2
112,3,0,0
113,3,0,0
114,3,0,0
115,3,2,1
116,3,0,0
117,3,0,0
118,3,0,0
119,3,0,0
120,3,0,0
121,3,0,0
122,4,0,0
123,2,0,0
124,2,0,0
125,2,2,1
126,2,2,1
127,2,2,1
128,2,2,1
129,2,0,0
130,2,0,0
131,2,0,0
132,2,0,0
133,2,0,0
134,1,0,0
135,1,0,0
136,1,0,0
137,1,0,0
138,1,0,0
139,1,0,0
140,1,0,0
141,1,0,0
142,1,0,0
143,1,0,0
144,1,0,0
145,1,0,0
146,1,0,0
147,1,0,0
148,1,0,0
149,1,0,0
150,1,0,0
151,1,0,0
152,2,0,0
153,1,0,0
154,2,0,0
155,2,0,0
156,2,0,0
157,2,0,0
158,2,0,0
159,2,0,0
160,2,0,0
161,2,0,0
162,2,0,0
163,2,0,0
164,2,0,0
165,2,0,0
166,3,0,0
167,2,0,0
168,2,0,0
169,2,0,0
170,2,0,0
171,2,0,0
172,2,0,0
173,2,0,0
174,2,2,1
175,2,0,0
176,2,0,0
177,2,0,0
178,2,0,0
179,2,0,0
180,2,0,0
181,2,0,0
182,2,0,0
183,3,0,0
184,2,0,0
185,2,0,0
186,3,0,0
187,2,0,0
188,3,0,0
189,2,0,0
190,2,0,0
191,3,0,0
192,2,2,1
193,2,0,0
194,2,0,0
195,2,0,0
196,2,0,0
197,1,0,0
198,2,0,0
199,1,0,0
200,1,0,0
201,2,0,0
202,2,0,0
203,2,0,0
204,2,0,0
205,3,0,0
206,3,0,0
207,2,0,0
208,2,0,0
209,2,0,0
210,2,0,0
211,1,0,0
212,1,0,0
213,1,0,0
214,1,0,0
215,2,0,0
216,2,0,0
217,2,0,0
218,2,0,0
219,1,0,0
220,1,0,0
221,1,0,0
222,1,0,0
223,1,0,0
224,1,0,0
225,2,0,0
226,2,0,0
227,1,0,0
228,1,0,0
229,1,0,0
230,1,0,0
231,1,0,0
232,1,0,0
233,1,0,0
234,2,0,0
235,1,0,0
236,1,0,0
237,1,0,0
238,1,0,0
239,0,0,0
240,0,0,0
241,0,0,0
242,0,0,0
243,0,0,0
244,0,0,0
245,1,0,0
246,1,0,0
247,1,0,0
248,1,0,0
249,1,0,0
250,2,0,0
251,1,0,0
252,1,0,0
253,1,0,0
254,2,2,1
255,2,0,0
256,1,0,0
257,1,0,0
258,2,0,0
259,1,0,0
260,1,0,0
261,1,0,0
262,0,0,0
263,1,0,0
264,1,0,0
265,1,0,0
266,1,0,0
267,1,0,0
268,1,0,0
269,1,0,0
270,2,0,0
271,2,0,0
272,2,0,0
273,2,0,0
274,2,0,0
275,2,0,0
276,2,0,0
277,2,2,1
278,2,0,0
279,2,0,0
280,2,0,0
281,3,0,0
282,3,0,0
283,4,0,0
284,4,0,0
285,4,0,0
286,4,0,0
287,4,0,0
288,4,0,0
289,4,0,0
290,4,0,0
291,3,0,0
292,2,0,0
293,2,0,0
294,1,0,0
295,1,0,0
296,2,0,0
297,2,0,0
298,2,0,0
299,4,0,0
300,3,0,0
301,3,0,0
302,4,2,1
303,3,2,1
304,4,2,1
305,4,2,1
306,4,2,1
307,4,0,0
308,3,0,0
309,2,0,0
310,3,0,0
311,2,0,0
312,2,0,0
313,2,0,0
314,3,0,0
315,3,0,0
316,3,0,0
317,3,0,0
318,3,0,0
319,3,0,0
320,2,2,1
321,2,0,0
322,2,0,0
323,2,0,0
324,2,0,0
325,2,0,0
326,3,0,0
327,3,0,0
328,3,0,0
329,3,0,0
330,3,0,0
331,3,2,1
332,2,0,0
333,2,0,0
334,2,0,0
335,2,0,0
336,2,2,1
337,2,0,0
338,2,0,0
339,1,0,0
340,2,0,0
341,2,0,0
342,2,0,0
343,2,0,0
344,3,0,0
345,3,0,0
346,2,0,0
347,2,0,0
348,2,0,0
349,2,0,0
350,2,2,1
351,3,0,0
352,2,0,0
353,2,0,0
354,2,0,0
355,2,0,0
356,2,0,0
357,2,0,0
358,2,0,0
359,2,0,0
360,2,0,0
361,2,0,0
362,2,0,0
363,2,0,0
364,2,0,0
365,3,0,0
366,3,0,0
367,3,0,0
368,2,0,0
369,3,0,0
370,3,0,0
371,4,0,0
372,4,0,0
373,3,0,0
374,3,0,0
375,3,0,0
376,3,0,0
377,3,0,0
378,3,0,0
379,3,0,0
380,3,0,0
381,3,0,0
382,3,2,1
383,3,0,0
384,3,0,0
385,3,0,0
386,3,0,0
387,3,0,0
388,3,0,0
389,3,0,0
390,3,2,1
391,2,0,0
392,2,0,0
393,2,0,0
394,2,0,0
395,3,0,0
396,2,0,0
397,2,0,0
398,2,0,0
399,2,0,0
400,2,0,0
401,2,0,0
402,1,0,0
403,1,0,0
404,1,0,0
405,2,0,0
406,2,0,0
407,2,2,1
408,2,2,1
409,3,0,0
410,4,0,0
411,2,0,0
412,3,0,0
413,3,0,0
414,4,0,0
415,3,2,1
416,3,0,0
417,2,0,0
418,2,0,0
419,2,0,0
420,2,0,0
421,2,0,0
422,2,0,0
423,2,0,0
424,1,0,0
425,3,0,0
426,3,0,0
427,3,0,0
428,3,0,0
429,3,0,0
430,2,0,0
431,3,0,0
432,3,0,0
433,3,0,0
434,3,0,0
435,3,0,0
436,3,0,0
437,3,0,0
438,3,0,0
439,3,2,1
440,3,0,0
441,3,0,0
442,3,0,0
443,3,0,0
444,3,0,0
445,3,0,0
446,3,0,0
447,3,0,0
448,3,0,0
449,3,0,0
450,2,0,0
451,2,0,0
452,3,0,0
453,2,0,0
454,2,0,0
455,3,0,0
456,2,0,0
457,2,0,0
458,3,0,0
459,3,0,0
460,3,0,0
461,3,0,0
462,2,0,0
463,1,0,0
464,2,0,0
465,2,0,0
466,3,0,0
467,3,2,1
468,3,0,0
469,3,0,0
470,3,0,0
471,3,0,0
472,3,0,0
473,3,0,0
474,3,0,0
475,3,0,0
476,2,0,0
477,2,0,0
478,2,0,0
479,2,0,0
480,2,0,0
481,2,0,0
482,2,0,0
483,1,0,0
484,1,0,0
485,1,0,0
486,1,0,0
487,1,0,0
488,1,0,0
489,2,0,0
490,2,0,0
491,1,0,0
492,2,0,0
493,1,0,0
494,1,0,0
495,1,0,0
496,1,0,0
497,1,0,0
498,1,0,0
499,1,0,0
500,1,0,0
501,1,0,0
502,1,0,0
503,1,0,0
504,2,0,0
505,2,0,0
506,2,0,0
507,2,0,0
508,2,0,0
509,2,0,0
510,2,0,0
511,3,0,0
512,3,2,1
513,3,2,1
514,3,3,2
515,3,2,1
516,3,3,3
517,3,3,2
518,3,3,2
519,3,3,3
520,3,3,2
521,3,3,2
522,3,3,2
523,3,2,1
524,3,3,2
525,3,3,2
526,3,2,1
527,4,3,2
528,4,0,0
529,4,0,0
530,5,0,0
531,4,0,0
532,4,2,1
533,4,0,0
534,4,2,1
535,4,2,1
536,4,2,1
537,5,2,1
538,4,2,1
539,4,2,1
540,4,2,1
541,4,2,1
542,4,2,1
543,3,2,1
544,3,2,1
545,3,2,1
546,4,2,1
547,3,2,1
548,3,2,1
549,2,0,0
550,3,2,1
551,2,2,1
552,3,2,1
553,3,2,1
554,3,2,1
555,3,2,1
556,4,0,0
557,4,0,0
558,3,0,0
559,4,0,0
560,4,0,0
561,3,0,0
562,2,0,0
563,3,0,0
564,3,0,0
565,3,0,0
566,3,0,0
567,3,2,1
568,3,0,0
569,3,2,1
570,2,0,0
571,2,0,0
572,2,0,0
573,2,0,0
574,2,0,0
575,2,0,0
576,2,0,0
577,2,0,0
578,3,0,0
579,4,0,0
580,3,0,0
581,3,0,0
582,2,0,0
583,2,0,0
584,1,0,0
585,1,0,0
586,1,0,0
587,2,0,0
588,2,0,0
589,2,0,0
590,2,0,0
591,2,0,0
592,1,0,0
593,2,0,0
594,2,0,0
595,2,0,0
596,1,0,0
597,2,0,0
598,2,0,0
599,3,0,0
600,2,0,0
601,2,0,0
602,2,0,0
603,2,0,0
604,2,0,0
605,2,0,0
606,2,0,0
607,2,0,0
608,2,0,0
609,2,0,0
610,2,0,0
611,2,0,0
612,2,0,0
613,2,0,0
614,2,0,0
615,2,0,0
616,1,0,0
617,2,0,0
618,2,0,0
619,2,0,0
620,2,0,0
621,2,0,0
622,2,0,0
623,2,0,0
624,1,0,0
625,2,0,0
626,2,0,0
627,2,0,0
628,1,0,0
629,1,0,0
630,2,0,0
631,2,0,0
632,1,0,0
633,1,0,0
634,1,0,0
635,1,0,0
636,2,0,0
637,2,0,0
638,1,0,0
639,1,0,0
640,1,0,0
641,2,0,0
642,1,0,0
643,2,0,0
644,1,0,0
645,1,0,0
646,1,0,0
647,1,0,0
648,2,0,0
649,2,0,0
650,3,0,0
651,3,0,0
652,4,0,0
653,3,0,0
654,2,0,0
655,2,0,0
656,2,0,0
657,2,0,0
658,3,0,0
659,2,0,0
660,2,0,0
661,2,0,0
662,2,0,0
663,2,0,0
664,2,0,0
665,2,0,0
666,2,2,1
667,2,0,0
668,2,0,0
669,2,0,0
670,3,0,0
671,2,2,1
672,3,2,1
673,3,2,1
674,3,3,2
675,3,3,2
676,3,3,3
677,3,3,2
678,3,0,0
679,3,0,0
680,2,0,0
681,2,0,0
682,2,0,0
683,2,0,0
684,2,0,0
685,2,0,0
686,2,0,0
687,2,0,0
688,3,0,0
689,2,0,0
690,2,0,0
691,2,2,1
692,2,0,0
693,1,0,0
694,1,0,0
695,1,0,0
696,1,0,0
697,1,0,0
698,1,0,0
699,1,0,0
700,1,0,0
701,1,0,0
702,2,0,0
703,2,0,0
704,2,0,0
705,2,0,0
706,2,0,0
707,2,0,0
708,2,0,0
709,2,0,0
710,2,0,0
711,2,0,0
712,3,2,1
713,3,0,0
714,3,0,0
715,3,0,0
716,3,0,0
717,3,0,0
718,2,0,0
719,2,0,0
720,2,0,0
721,2,0,0
722,2,0,0
723,2,0,0
724,2,0,0
725,2,0,0
726,2,0,0
727,2,0,0
728,2,0,0
729,2,0,0
730,2,0,0
731,2,0,0
732,2,0,0
733,3,0,0
734,3,0,0
735,3,0,0
736,2,0,0
737,2,0,0
738,2,0,0
739,2,0,0
740,2,2,1
741,2,2,1
742,2,2,1
743,2,2,1
744,3,0,0
745,3,0,0
746,2,0,0
747,2,0,0
748,2,0,0
749,3,0,0
750,3,0,0
751,3,0,0
752,3,0,0
753,4,0,0
754,3,0,0
755,3,0,0
756,3,0,0
757,3,0,0
758,3,0,0
759,3,2,1
760,3,0,0
761,3,0,0
762,3,0,0
763,3,0,0
764,3,0,0
765,3,0,0
766,2,0,0
767,2,0,0
768,2,0,0
769,2,0,0
770,2,0,0
771,1,0,0
772,3,0,0
773,2,0,0
774,2,0,0
775,1,0,0
776,1,0,0
777,2,0,0
778,2,0,0
779,1,0,0
780,1,0,0
781,1,0,0
782,2,0,0
783,1,0,0
784,1,0,0
785,1,0,0
786,2,0,0
787,2,0,0
788,2,0,0
789,2,0,0
790,2,0,0
791,2,2,1
792,2,2,1
793,2,2,1
794,2,0,0
795,2,2,1
796,2,2,1
797,2,0,0
798,2,0,0
799,2,0,0
800,2,0,0
801,2,0,0
802,2,0,0
803,2,0,0
804,2,0,0
805,3,0,0
806,3,0,0
807,3,0,0
808,3,0,0
809,3,0,0
810,3,0,0
811,2,0,0
812,2,0,0
813,3,0,0
814,3,2,1
815,3,0,0
816,3,0,0
817,3,0,0
818,3,0,0
819,2,0,0
820,2,0,0
821,2,0,0
822,2,0,0
823,3,0,0
824,3,0,0
825,3,0,0
826,3,0,0
827,2,0,0
828,2,0,0
829,2,0,0
830,2,0,0
831,2,0,0
832,2,0,0
833,2,0,0
834,2,0,0
835,2,0,0
836,2,0,0
837,2,0,0
838,2,0,0
839,3,0,0
840,2,0,0
841,2,0,0
842,2,0,0
843,2,2,1
844,2,0,0
845,2,0,0
846,2,0,0
847,2,0,0
848,1,0,0
849,1,0,0
850,1,0,0
851,1,0,0
852,1,0,0
853,1,0,0
854,1,0,0
855,1,0,0
856,1,0,0
857,1,0,0
858,1,0,0
859,1,0,0
860,1,0,0
861,1,0,0
862,1,0,0
863,1,0,0
864,1,0,0
865,2,0,0
866,2,0,0
867,2,2,1
868,2,0,0
869,2,0,0
870,2,0,0
871,2,0,0
872,2,0,0
873,2,0,0
874,2,0,0
875,2,0,0
876,2,0,0
877,2,0,0
878,2,0,0
879,2,0,0
880,2,0,0
881,2,0,0
882,2,0,0
883,2,0,0
884,2,0,0
885,2,0,0
886,2,0,0
887,2,0,0
888,2,0,0
889,2,0,0
890,3,0,0
891,3,0,0
892,3,0,0
893,3,0,0
894,3,0,0
895,3,0,0
896,3,0,0
897,2,0,0
898,2,0,0
899,2,0,0
900,2,0,0
901,2,0,0
902,2,0,0
903,2,0,0
904,2,0,0
905,2,0,0
906,2,0,0
907,2,0,0
908,2,0,0
909,1,0,0
910,1,0,0
911,2,0,0
912,2,0,0
913,3,0,0
914,2,2,1
915,2,2,1
916,2,2,1
917,2,2,1
918,2,0,0
919,2,0,0
920,2,0,0
921,2,0,0
922,2,0,0
923,2,0,0
924,2,0,0
925,2,0,0
926,3,0,0
927,3,0,0
928,3,0,0
929,2,0,0
930,3,0,0
931,3,0,0
932,2,0,0
933,2,0,0
934,2,0,0
935,1,0,0
936,2,0,0
937,2,0,0
938,3,0,0
939,3,0,0
940,3,2,1
941,2,0,0
942,3,0,0
943,3,0,0
944,3,0,0
945,3,2,1
946,3,2,1
947,3,0,0
948,3,0,0
949,2,2,1
950,3,2,1
951,2,2,1
952,2,2,1
953,2,0,0
954,2,0,0
955,3,0,0
956,3,0,0
957,4,0,0
958,3,0,0
959,4,0,0
960,3,0,0
961,3,0,0
962,3,0,0
963,4,0,0
964,3,0,0
965,4,0,0
966,4,3,2
967,4,3,2
968,4,2,1
969,4,2,1
970,4,3,3
971,3,3,2
972,3,3,2
973,3,3,3
974,3,2,1
975,3,2,1
976,3,0,0
977,3,0,0
978,3,0,0
979,3,0,0
980,3,0,0
981,4,0,0
982,3,0,0
983,3,0,0
984,3,0,0
985,2,0,0
986,1,0,0
987,1,0,0
988,2,0,0
989,2,0,0
990,2,0,0
991,2,0,0
992,3,0,0
993,3,0,0
994,3,0,0
995,3,0,0
996,3,0,0
997,3,0,0
998,2,0,0
999,2,0,0
1000,2,0,0
1001,0,0,0
1002,2,0,0
1003,2,0,0
1004,2,0,0
1005,2,0,0
1006,2,0,0
1007,2,0,0
1008,2,0,0
1009,2,0,0
1010,2,0,0
1011,2,0,0
1012,1,0,0
1013,1,0,0
1014,2,0,0
1015,1,0,0
1016,1,0,0
1017,1,0,0
1018,2,0,0
1019,2,0,0
1020,3,0,0
1021,2,0,0
1022,2,0,0
1023,1,0,0
1024,1,0,0
1025,1,0,0
1026,2,0,0
1027,2,0,0
1028,1,0,0
1029,1,0,0
1030,1,0,0
1031,1,0,0
1032,1,0,0
1033,1,0,0
1034,1,0,0
1035,1,0,0
1036,1,0,0
1037,2,0,0
1038,2,0,0
1039,1,0,0
1040,2,0,0
1041,1,0,0
1042,1,0,0
1043,1,0,0
1044,1,0,0
1045,1,0,0
1046,2,0,0
1047,2,0,0
1048,2,0,0
1049,1,0,0
1050,1,0,0
1051,1,0,0
1052,1,0,0
1053,1,0,0
1054,2,0,0
1055,2,0,0
1056,2,0,0
1057,2,0,0
1058,2,0,0
1059,2,0,0
1060,2,0,0
1061,4,2,1
1062,3,3,2
1063,3,3,2
1064,6,3,2
1065,6,3,3
1066,4,2,1
1067,5,2,1
1068,5,3,3
1069,5,4,3
1070,3,3,2
1071,3,3,3
1072,3,3,3
1073,3,2,1
1074,4,2,1
1075,5,0,0
1076,5,0,0
1077,4,2,1
1078,3,0,0
1079,3,0,0
1080,4,0,0
1081,3,0,0
1082,4,0,0
1083,4,0,0
1084,3,0,0
1085,3,0,0
1086,2,0,0
1087,2,0,0
1088,2,0,0
1089,3,2,1
1090,3,0,0
1091,2,0,0
1092,2,2,1
1093,2,0,0
1094,2,0,0
1095,2,0,0
1096,2,0,0
1097,2,0,0
1098,2,0,0
1099,3,0,0
1100,3,0,0
1101,3,0,0
1102,3,0,0
1103,3,2,1
1104,3,0,0
1105,3,0,0
1106,3,0,0
1107,3,0,0
1108,3,0,0
1109,2,0,0
1110,2,0,0
1111,3,0,0
1112,3,0,0
1113,3,0,0
1114,3,0,0
1115,3,0,0
1116,2,0,0
1117,2,0,0
1118,2,0,0
1119,2,0,0
1120,2,0,0
1121,2,0,0
1122,2,2,1
1123,2,2,1
1124,2,2,1
1125,2,2,1
1126,2,0,0
1127,2,0,0
1128,2,0,0
1129,2,0,0
1130,2,2,1
1131,2,0,0
1132,2,0,0
1133,2,0,0
1134,2,0,0
1135,2,2,1
1136,3,2,1
1137,2,2,1
1138,2,2,1
1139,2,2,1
1140,2,2,1
1141,3,2,1
1142,2,2,1
1143,3,2,1
1144,3,0,0
1145,3,2,1
1146,3,0,0
1147,3,0,0
1148,3,0,0
1149,4,0,0
1150,4,0,0
1151,4,0,0
1152,4,0,0
1153,4,0,0
1154,4,0,0
1155,3,0,0
1156,3,0,0
1157,3,0,0
1158,2,0,0
1159,3,0,0
1160,3,0,0
1161,3,0,0
1162,3,0,0
1163,2,0,0
1164,2,0,0
1165,2,0,0
1166,1,0,0
1167,2,0,0
1168,1,0,0
1169,2,0,0
1170,3,0,0
1171,2,0,0
1172,2,0,0
1173,2,0,0
1174,1,0,0
1175,1,0,0
1176,1,0,0
1177,1,0,0
1178,1,0,0
1179,1,0,0
1180,1,0,0
1181,1,0,0
1182,2,0,0
1183,2,0,0
1184,2,0,0
1185,2,0,0
1186,2,0,0
1187,2,0,0
1188,3,0,0
1189,3,0,0
1190,3,0,0
1191,3,0,0
1192,3,0,0
1193,2,0,0
1194,2,0,0
1195,2,0,0
1196,2,0,0
1197,2,0,0
1198,2,0,0
1199,2,0,0
1200,2,0,0
1201,2,0,0
1202,2,0,0
1203,3,0,0
1204,3,0,0
1205,2,0,0
1206,2,0,0
1207,2,0,0
1208,2,2,1
1209,2,2,1
1210,2,2,1
1211,2,2,1
1212,2,2,1
1213,3,2,1
1214,3,2,1
1215,3,2,1
1216,3,2,1
1217,4,0,0
1218,3,2,1
1219,3,0,0
1220,3,0,0
1221,3,0,0
1222,3,0,0
1223,3,0,0
1224,3,0,0
1225,3,0,0
1226,3,0,0
1227,3,0,0
1228,3,0,0
1229,3,0,0
1230,3,0,0
1231,4,0,0
1232,3,0,0
1233,4,0,0
1234,4,0,0
1235,3,0,0
1236,2,0,0
1237,4,2,1
1238,3,0,0
1239,3,0,0
1240,3,2,1
1241,3,0,0
1242,3,0,0
1243,3,0,0
1244,4,2,1
1245,3,2,1
1246,3,2,1
1247,3,2,1
1248,3,2,1
1249,3,2,1
1250,3,2,1
1251,3,2,1
1252,3,2,1
1253,3,2,1
1254,4,2,1
1255,3,0,0
1256,3,0,0
1257,5,0,0
1258,4,0,0
1259,4,0,0
1260,4,0,0
1261,4,0,0
1262,4,0,0
1263,3,0,0
1264,3,0,0
1265,3,2,1
1266,3,2,1
1267,3,2,1
1268,3,2,1
1269,3,3,2
1270,3,2,1
1271,3,2,1
1272,3,0,0
1273,3,0,0
1274,3,2,1
1275,2,0,0
1276,2,0,0
1277,3,2,1
1278,3,2,1
1279,3,2,1
1280,2,2,1
1281,2,0,0
1282,2,0,0
1283,2,0,0
1284,2,0,0
1285,2,0,0
1286,1,0,0
1287,1,0,0
1288,1,0,0
1289,1,0,0
1290,1,0,0
1291,1,0,0
1292,2,0,0
1293,2,0,0
1294,2,0,0
1295,3,0,0
1296,2,0,0
1297,2,0,0
1298,2,0,0
1299,2,0,0
1300,2,0,0
1301,2,0,0
1302,2,0,0
1303,2,0,0
1304,2,0,0
1305,2,0,0
1306,2,0,0
1307,2,0,0
1308,2,0,0
1309,2,0,0
1310,2,0,0
1311,2,0,0
1312,2,0,0
1313,2,0,0
1314,2,0,0
1315,2,0,0
1316,2,0,0
1317,2,0,0
1318,2,0,0
1319,3,0,0
1320,2,0,0
1321,2,0,0
1322,2,0,0
1323,2,0,0
1324,2,0,0
1325,2,0,0
1326,2,0,0
1327,1,0,0
1328,2,0,0
1329,2,0,0
1330,2,0,0
1331,2,0,0
1332,2,0,0
1333,2,0,0
1334,2,0,0
1335,2,0,0
1336,2,0,0
1337,3,0,0
1338,3,0,0
1339,2,0,0
1340,2,0,0
1341,2,0,0
1342,2,0,0
1343,2,0,0
1344,2,0,0
1345,2,0,0
1346,2,0,0
1347,2,0,0
1348,1,0,0
1349,1,0,0
1350,1,0,0
1351,1,0,0
1352,1,0,0
1353,1,0,0
1354,1,0,0
1355,1,0,0
1356,1,0,0
1357,2,0,0
1358,1,0,0
1359,1,0,0
1360,0,0,0
1361,0,0,0
1362,1,0,0
1363,1,0,0
1364,1,0,0
1365,1,0,0
1366,1,0,0
1367,1,0,0
1368,1,0,0
1369,1,0,0
1370,1,0,0
1371,1,0,0
1372,1,0,0
1373,1,0,0
1374,1,0,0
1375,1,0,0
1376,1,0,0
1377,2,0,0
1378,2,0,0
1379,2,0,0
1380,2,0,0
1381,2,0,0
1382,2,0,0
1383,2,0,0
1384,2,0,0
1385,2,0,0
1386,1,0,0
1387,1,0,0
1388,1,0,0
1389,1,0,0
1390,1,0,0
1391,1,0,0
1392,2,0,0
1393,2,0,0
1394,2,0,0
1395,2,0,0
1396,1,0,0
1397,1,0,0
1398,2,0,0
1399,2,0,0
1400,4,0,0
1401,2,0,0
1402,1,0,0
1403,2,0,0
1404,1,0,0
1405,1,0,0
1406,1,0,0
1407,1,0,0
1408,1,0,0
1409,2,0,0
1410,2,0,0
1411,2,0,0
1412,2,0,0
1413,2,0,0
1414,2,0,0
1415,2,0,0
1416,2,0,0
1417,2,0,0
1418,2,0,0
1419,2,0,0
1420,1,0,0
1421,1,0,0
1422,1,0,0
1423,1,0,0
1424,1,0,0
1425,1,0,0
1426,1,0,0
1427,2,0,0
1428,1,0,0
1429,1,0,0
1430,1,0,0
1431,1,0,0
1432,2,0,0
1433,2,0,0
1434,2,0,0
1435,2,0,0
1436,2,0,0
1437,2,0,0
1438,2,0,0
1439,1,0,0
1440,1,0,0
1441,1,0,0
1442,1,0,0
1443,1,0,0
1444,1,0,0
1445,2,0,0
1446,2,0,0
1447,2,0,0
1448,2,0,0
1449,2,0,0
1450,2,0,0
1451,2,0,0
1452,2,0,0
1453,2,0,0
1454,2,0,0
1455,2,0,0
1456,2,0,0
1457,2,0,0
1458,2,0,0
1459,2,0,0
1460,2,0,0
1461,1,0,0
1462,1,0,0
1463,1,0,0
1464,1,0,0
1465,1,0,0
1466,2,0,0
1467,2,0,0
1468,1,0,0
1469,1,0,0
1470,1,0,0
1471,1,0,0
1472,1,0,0
1473,0,0,0
1474,0,0,0
1475,0,0,0
1476,0,0,0
1477,0,0,0
1478,0,0,0
1479,1,0,0
1480,1,0,0
1481,2,0,0
1482,1,0,0
1483,1,0,0
1484,1,0,0
1485,1,0,0
1486,1,0,0
1487,1,0,0
1488,1,0,0
1489,1,0,0
1490,1,0,0
1491,2,0,0
1492,2,0,0
1493,2,0,0
1494,1,0,0
1495,1,0,0
1496,1,0,0
1497,2,0,0
1498,2,0,0
1499,2,0,0
1500,2,0,0
1501,2,0,0
1502,2,0,0
1503,3,0,0
1504,3,0,0
1505,3,0,0
1506,3,0,0
1507,3,0,0
1508,3,0,0
1509,4,0,0
1510,4,0,0
1511,4,0,0
1512,5,0,0
1513,5,0,0
1514,4,0,0
1515,5,0,0
1516,5,0,0
1517,4,2,1
1518,5,0,0
1519,5,0,0
1520,4,0,0
1521,3,0,0
1522,2,0,0
1523,2,0,0
1524,2,0,0
1525,2,0,0
1526,2,0,0
1527,2,0,0
1528,2,0,0
1529,2,0,0
1530,2,0,0
1531,2,0,0
1532,3,2,1
1533,2,0,0
1534,2,0,0
1535,2,0,0
1536,3,0,0
1537,2,0,0
1538,1,0,0
1539,3,0,0
1540,2,0,0
1541,2,0,0
1542,2,0,0
1543,2,0,0
1544,2,0,0
1545,1,0,0
1546,2,0,0
1547,1,0,0
1548,2,0,0
1549,1,0,0
1550,1,0,0
1551,1,0,0
1552,1,0,0
1553,1,0,0
1554,0,0,0
1555,2,0,0
1556,1,0,0
1557,1,0,0
1558,1,0,0
1559,1,0,0
1560,2,0,0
1561,1,0,0
1562,2,0,0
1563,3,0,0
1564,2,0,0
1565,2,0,0
1566,2,0,0
1567,2,0,0
1568,2,0,0
1569,2,0,0
1570,2,2,1
1571,2,0,0
1572,3,0,0
1573,2,0,0
1574,3,0,0
1575,3,0,0
1576,3,0,0
1577,3,0,0
1578,3,0,0
1579,3,0,0
1580,3,0,0
1581,3,0,0
1582,4,0,0
1583,4,0,0
1584,4,0,0
1585,4,0,0
1586,4,0,0
1587,4,0,0
1588,4,0,0
1589,3,0,0
1590,3,0,0
1591,3,0,0
1592,1,0,0
1593,1,0,0
1594,1,0,0
1595,1,0,0
1596,1,0,0
1597,1,0,0
1598,1,0,0
1599,1,0,0
1600,1,0,0
1601,1,0,0
1602,1,0,0
1603,1,0,0
1604,1,0,0
1605,2,0,0
1606,1,0,0
1607,1,0,0
1608,1,0,0
1609,2,0,0
1610,2,0,0
1611,2,0,0
1612,2,0,0
1613,2,0,0
1614,2,0,0
1615,2,0,0
1616,2,2,1
1617,2,2,1
1618,2,2,1
1619,2,2,1
1620,2,2,1
1621,3,2,1
1622,3,2,1
1623,3,2,1
1624,3,0,0
1625,3,0,0
1626,3,0,0
1627,3,0,0
1628,3,0,0
1629,3,0,0
1630,3,0,0
1631,3,0,0
1632,3,0,0
1633,3,0,0
1634,2,0,0
1635,2,0,0
1636,2,0,0
1637,2,0,0
1638,2,0,0
1639,1,0,0
1640,2,0,0
1641,1,0,0
1642,1,0,0
1643,1,0,0
1644,2,0,0
1645,3,0,0
1646,3,0,0
1647,2,0,0
1648,2,0,0
1649,2,2,1
1650,2,2,1
1651,1,0,0
1652,1,0,0
1653,1,0,0
1654,1,0,0
1655,1,0,0
1656,1,0,0
1657,0,0,0
1658,0,0,0
1659,0,0,0
1660,0,0,0
1661,0,0,0
1662,0,0,0
1663,1,0,0
1664,1,0,0
1665,1,0,0
1666,2,0,0
1667,1,0,0
1668,1,0,0
1669,1,0,0
1670,1,0,0
1671,1,0,0
1672,1,0,0
1673,2,0,0
1674,2,0,0
1675,2,0,0
1676,2,0,0
1677,2,0,0
1678,1,0,0
1679,1,0,0
1680,1,0,0
1681,1,0,0
1682,2,0,0
1683,2,0,0
1684,1,0,0
1685,1,0,0
1686,1,0,0
1687,2,0,0
1688,2,2,1
1689,2,0,0
1690,2,0,0
1691,2,0,0
1692,2,0,0
1693,1,0,0
1694,1,0,0
1695,1,0,0
1696,1,0,0
1697,1,0,0
1698,2,0,0
1699,1,0,0
1700,1,0,0
1701,1,0,0
1702,2,0,0
1703,2,0,0
1704,1,0,0
1705,2,0,0
1706,2,0,0
1707,2,0,0
1708,2,0,0
1709,0,0,0
1710,0,0,0
1711,1,0,0
1712,1,0,0
1713,1,0,0
1714,3,0,0
1715,2,0,0
1716,1,0,0
1717,2,0,0
1718,2,0,0
1719,2,0,0
1720,3,0,0
1721,2,0,0
1722,2,0,0
1723,2,0,0
1724,2,0,0
1725,2,0,0
1726,3,0,0
1727,2,0,0
1728,3,0,0
1729,3,0,0
1730,2,0,0
1731,2,0,0
1732,2,0,0
1733,2,0,0
1734,2,0,0
1735,3,0,0
1736,2,0,0
1737,2,0,0
1738,2,0,0
1739,2,0,0
1740,2,0,0
1741,2,0,0
1742,2,0,0
1743,2,0,0
1744,2,0,0
1745,2,0,0
1746,2,0,0
1747,2,0,0
1748,3,0,0
1749,3,0,0
1750,4,0,0
1751,4,0,0
1752,3,0,0
1753,3,0,0
1754,3,0,0
1755,3,0,0
1756,3,0,0
1757,3,0,0
1758,2,0,0
1759,3,0,0
1760,2,0,0
1761,2,0,0
1762,2,0,0
1763,1,0,0
1764,1,0,0
1765,1,0,0
1766,1,0,0
1767,1,0,0
1768,1,0,0
1769,1,0,0
1770,2,0,0
1771,2,0,0
1772,2,0,0
1773,2,0,0
1774,2,0,0
1775,2,0,0
1776,2,0,0
1777,1,0,0
1778,1,0,0
1779,1,0,0
1780,0,0,0
1781,0,0,0
1782,1,0,0
1783,0,0,0
1784,1,0,0
1785,1,0,0
1786,0,0,0
1787,0,0,0
1788,0,0,0
1789,2,0,0
1790,2,0,0
1791,1,0,0
1792,1,0,0
1793,1,0,0
1794,2,0,0
1795,2,0,0
1796,2,0,0
1797,2,0,0
1798,2,0,0
1799,2,0,0
1800,2,0,0
1801,2,0,0
1802,3,0,0
1803,4,0,0
1804,4,2,1
1805,4,0,0
1806,4,0,0
1807,4,0,0
1808,4,0,0
1809,4,0,0
1810,4,0,0
1811,4,0,0
1812,4,0,0
1813,4,0,0
1814,4,2,1
1815,4,0,0
1816,3,0,0
1817,3,0,0
1818,2,0,0
1819,2,0,0
1820,2,0,0
1821,2,0,0
1822,2,0,0
1823,2,0,0
1824,2,0,0
1825,2,0,0
1826,2,0,0
1827,2,0,0
1828,2,0,0
1829,2,0,0
1830,2,0,0
1831,2,0,0
1832,1,0,0
1833,2,0,0
1834,3,0,0
1835,2,0,0
1836,2,0,0
1837,2,0,0
1838,1,0,0
1839,2,0,0
1840,2,0,0
1841,4,2,1
1842,2,0,0
1843,2,0,0
1844,2,0,0
1845,2,0,0
1846,2,0,0
1847,1,0,0
1848,1,0,0
1849,1,0,0
1850,2,0,0
1851,2,0,0
1852,2,0,0
1853,2,0,0
1854,2,0,0
1855,2,0,0
1856,2,0,0
1857,2,0,0
1858,2,0,0
1859,1,0,0
1860,1,0,0
1861,1,0,0
1862,2,0,0
1863,1,0,0
1864,3,0,0
1865,2,0,0
1866,2,0,0
1867,2,0,0
1868,2,0,0
1869,2,0,0
1870,1,0,0
1871,1,0,0
1872,1,0,0
1873,2,0,0
1874,2,0,0
1875,2,0,0
1876,2,0,0
1877,2,0,0
1878,3,0,0
1879,3,0,0
1880,2,0,0
1881,2,0,0
1882,2,0,0
1883,2,0,0
1884,2,0,0
1885,2,0,0
1886,2,0,0
1887,2,0,0
1888,2,2,1
1889,2,2,1
1890,2,2,1
1891,2,2,1
1892,2,0,0
1893,2,0,0
1894,2,0,0
1895,2,0,0
1896,2,0,0
1897,3,0,0
1898,2,0,0
1899,2,0,0
1900,2,0,0
1901,2,0,0
1902,2,0,0
1903,2,0,0
1904,2,0,0
1905,2,0,0
1906,2,0,0
1907,2,0,0
1908,2,0,0
1909,2,0,0
1910,2,0,0
1911,2,0,0
1912,2,0,0
1913,2,0,0
1914,2,0,0
1915,2,0,0
1916,2,0,0
1917,2,0,0
1918,2,0,0
1919,2,0,0
1920,1,0,0
1921,2,0,0
1922,2,0,0
1923,2,0,0
1924,2,0,0
1925,2,0,0
1926,3,0,0
1927,3,0,0
1928,3,0,0
1929,3,0,0
1930,3,0,0
1931,3,0,0
1932,3,2,1
1933,3,3,2
1934,3,2,1
1935,2,0,0
1936,2,0,0
1937,2,2,1
1938,2,2,1
1939,2,2,1
1940,2,0,0
1941,2,0,0
1942,2,0,0
1943,2,0,0
1944,2,0,0
1945,2,0,0
1946,2,0,0
1947,2,0,0
1948,2,0,0
1949,3,0,0
1950,2,0,0
1951,2,0,0
1952,2,0,0
1953,2,0,0
1954,2,0,0
1955,2,2,1
1956,2,2,1
1957,2,0,0
1958,2,2,1
1959,2,0,0
1960,2,0,0
1961,2,2,1
1962,2,2,1
1963,2,2,1
1964,2,2,1
1965,2,2,1
1966,3,2,1
1967,3,2,1
1968,3,0,0
1969,3,0,0
1970,3,0,0
1971,3,0,0
1972,3,0,0
1973,3,0,0
1974,3,0,0
1975,3,0,0
1976,3,0,0
1977,3,0,0
1978,3,0,0
1979,4,0,0
1980,3,0,0
1981,4,0,0
1982,4,0,0
1983,4,2,1
1984,4,2,1
1985,4,0,0
1986,4,2,1
1987,4,2,1
1988,5,2,1
1989,4,0,0
1990,4,0,0
1991,4,4,3
1992,4,2,1
1993,4,2,1
1994,4,2,1
1995,5,2,1
1996,5,2,1
1997,5,2,1
1998,5,2,1
1999,5,2,1
