0,0,0,0
1,1,0,0
2,1,0,0
3,1,0,0
4,1,0,0
5,1,0,0
6,1,0,0
7,1,0,0
8,1,0,0
9,1,0,0
10,2,0,0
11,2,0,0
12,3,0,0
13,2,0,0
14,2,0,0
15,2,0,0
16,2,0,0
17,2,0,0
18,2,0,0
19,1,0,0
20,1,0,0
21,1,0,0
22,1,0,0
23,1,0,0
24,1,0,0
25,1,0,0
26,1,0,0
27,2,0,0
28,2,0,0
29,2,0,0
30,2,0,0
31,2,0,0
32,2,0,0
33,2,2,1
34,2,0,0
35,2,0,0
36,4,2,1
37,2,0,0
38,2,0,0
39,2,0,0
40,2,0,0
41,2,0,0
42,1,0,0
43,1,0,0
44,1,0,0
45,1,0,0
46,1,0,0
47,1,0,0
48,3,0,0
49,2,0,0
50,2,0,0
51,2,0,0
52,2,0,0
53,2,0,0
54,2,0,0
55,2,0,0
56,1,0,0
57,1,0,0
58,1,0,0
59,1,0,0
60,1,0,0
61,1,0,0
62,1,0,0
63,1,0,0
64,1,0,0
65,1,0,0
66,2,0,0
67,1,0,0
68,2,0,0
69,1,0,0
70,2,0,0
71,2,0,0
72,2,0,0
73,2,0,0
74,2,0,0
75,2,0,0
76,2,0,0
77,1,0,0
78,2,0,0
79,2,0,0
80,2,2,1
81,3,0,0
82,3,0,0
83,3,0,0
84,3,0,0
85,4,0,0
86,4,0,0
87,4,0,0
88,4,0,0
89,4,2,1
90,3,2,1
91,2,0,0
92,2,0,0
93,2,0,0
94,2,0,0
95,2,0,0
96,2,0,0
97,2,0,0
98,2,0,0
99,2,0,0
100,2,0,0
101,2,0,0
102,3,0,0
103,2,0,0
104,2,0,0
105,1,0,0
106,1,0,0
107,1,0,0
108,1,0,0
109,1,0,0
110,1,0,0
111,1,0,0
112,1,0,0
113,1,0,0
114,1,0,0
115,1,0,0
116,1,0,0
117,1,0,0
118,1,0,0
119,1,0,0
120,1,0,0
121,3,0,0
122,3,0,0
123,2,0,0
124,2,0,0
125,2,0,0
126,2,0,0
127,2,2,1
128,2,0,0
129,2,0,0
130,2,0,0
131,2,0,0
132,2,0,0
133,2,0,0
134,2,2,1
135,2,0,0
136,2,0,0
137,2,0,0
138,2,0,0
139,2,2,1
140,2,2,1
141,2,2,1
142,2,2,1
143,2,2,1
144,2,0,0
145,3,0,0
146,3,0,0
147,2,0,0
148,2,0,0
149,3,0,0
150,3,0,0
151,3,0,0
152,3,0,0
153,4,0,0
154,4,0,0
155,3,0,0
156,3,0,0
157,3,0,0
158,3,0,0
159,3,2,1
160,3,0,0
161,2,0,0
162,3,0,0
163,2,0,0
164,1,0,0
165,1,0,0
166,2,0,0
167,1,0,0
168,1,0,0
169,1,0,0
170,2,0,0
171,2,0,0
172,2,0,0
173,3,0,0
174,2,0,0
175,2,0,0
176,2,0,0
177,2,0,0
178,2,0,0
179,2,0,0
180,2,0,0
181,2,0,0
182,2,0,0
183,3,0,0
184,2,0,0
185,3,0,0
186,3,0,0
187,4,0,0
188,3,0,0
189,3,0,0
190,3,0,0
191,3,0,0
192,3,0,0
193,3,0,0
194,3,0,0
195,3,0,0
196,2,0,0
197,2,0,0
198,2,0,0
199,2,0,0
200,2,0,0
201,4,0,0
202,2,0,0
203,3,0,0
204,2,0,0
205,3,0,0
206,3,0,0
207,3,0,0
208,3,2,1
209,3,2,1
210,3,0,0
211,2,0,0
212,2,0,0
213,3,2,1
214,3,0,0
215,3,0,0
216,3,0,0
217,4,2,1
218,3,0,0
219,3,0,0
220,3,0,0
221,3,0,0
222,3,2,1
223,3,0,0
224,3,0,0
225,2,0,0
226,2,0,0
227,4,0,0
228,4,0,0
229,3,0,0
230,3,0,0
231,3,0,0
232,3,0,0
233,2,0,0
234,2,0,0
235,2,0,0
236,2,0,0
237,2,0,0
238,2,0,0
239,2,0,0
240,3,0,0
241,3,0,0
242,3,0,0
243,3,0,0
244,3,0,0
245,3,0,0
246,3,0,0
247,2,0,0
248,1,0,0
249,2,0,0
250,2,0,0
251,2,0,0
252,2,0,0
253,2,0,0
254,3,0,0
255,1,0,0
256,0,0,0
257,0,0,0
258,0,0,0
259,1,0,0
260,1,0,0
261,2,0,0
262,2,0,0
263,2,0,0
264,2,0,0
265,2,0,0
266,2,0,0
267,2,0,0
268,3,0,0
269,1,0,0
270,1,0,0
271,1,0,0
272,1,0,0
273,1,0,0
274,1,0,0
275,2,0,0
276,1,0,0
277,1,0,0
278,1,0,0
279,1,0,0
280,1,0,0
281,2,0,0
282,2,0,0
283,1,0,0
284,2,0,0
285,2,0,0
286,2,0,0
287,2,0,0
288,2,0,0
289,2,0,0
290,3,0,0
291,3,0,0
292,3,0,0
293,2,0,0
294,2,0,0
295,2,0,0
296,2,0,0
297,2,0,0
298,1,0,0
299,1,0,0
300,2,0,0
301,2,0,0
302,2,0,0
303,3,0,0
304,1,0,0
305,1,0,0
306,3,0,0
307,2,0,0
308,2,0,0
309,2,0,0
310,2,0,0
311,1,0,0
312,3,0,0
313,2,0,0
314,2,0,0
315,2,0,0
316,2,0,0
317,2,0,0
318,2,2,1
319,2,2,1
320,2,0,0
321,2,0,0
322,2,0,0
323,2,0,0
324,2,0,0
325,2,0,0
326,3,0,0
327,2,0,0
328,2,0,0
329,1,0,0
330,2,2,1
331,1,0,0
332,2,0,0
333,2,0,0
334,2,0,0
335,2,0,0
336,2,0,0
337,2,0,0
338,2,0,0
339,2,0,0
340,2,2,1
341,3,2,1
342,2,0,0
343,2,0,0
344,2,0,0
345,1,0,0
346,1,0,0
347,2,0,0
348,1,0,0
349,1,0,0
350,2,0,0
351,2,0,0
352,3,0,0
353,4,2,1
354,3,0,0
355,3,0,0
356,3,0,0
357,3,0,0
358,3,2,1
359,3,2,1
360,3,2,1
361,3,0,0
362,4,0,0
363,3,2,1
364,2,2,1
365,2,2,1
366,2,2,1
367,2,2,1
368,2,0,0
369,2,0,0
370,2,0,0
371,2,0,0
372,2,0,0
373,2,0,0
374,2,0,0
375,2,0,0
376,2,0,0
377,2,0,0
378,2,0,0
379,2,0,0
380,3,0,0
381,3,0,0
382,2,0,0
383,2,0,0
384,2,0,0
385,3,0,0
386,2,0,0
387,2,0,0
388,2,0,0
389,2,0,0
390,2,0,0
391,3,0,0
392,2,0,0
393,2,0,0
394,2,0,0
395,2,0,0
396,2,0,0
397,2,0,0
398,2,0,0
399,3,0,0
400,3,0,0
401,3,0,0
402,3,0,0
403,3,0,0
404,2,0,0
405,2,0,0
406,2,0,0
407,2,0,0
408,3,0,0
409,3,0,0
410,3,0,0
411,3,0,0
412,2,0,0
413,2,0,0
414,2,0,0
415,2,0,0
416,2,0,0
417,2,0,0
418,2,0,0
419,2,0,0
420,2,2,1
421,2,0,0
422,3,0,0
423,3,0,0
424,3,0,0
425,3,0,0
426,3,0,0
427,3,0,0
428,3,0,0
429,3,0,0
430,3,0,0
431,3,0,0
432,3,0,0
433,3,2,1
434,3,0,0
435,3,0,0
436,3,2,1
437,3,0,0
438,3,2,1
439,4,0,0
440,4,2,1
441,4,2,1
442,4,2,1
443,4,0,0
444,3,0,0
445,3,0,0
446,4,2,1
447,5,2,1
448,5,0,0
449,5,2,1
450,3,0,0
451,3,0,0
452,3,0,0
453,3,2,1
454,3,0,0
455,3,0,0
456,4,2,1
457,3,2,1
458,3,0,0
459,3,0,0
460,3,2,1
461,3,0,0
462,3,0,0
463,2,0,0
464,2,0,0
465,2,0,0
466,2,0,0
467,2,0,0
468,3,0,0
469,3,0,0
470,3,0,0
471,3,0,0
472,3,0,0
473,3,0,0
474,3,0,0
475,3,0,0
476,2,0,0
477,2,0,0
478,2,0,0
479,2,0,0
480,1,0,0
481,1,0,0
482,1,0,0
483,1,0,0
484,1,0,0
485,1,0,0
486,2,0,0
487,2,0,0
488,3,0,0
489,3,0,0
490,4,0,0
491,4,0,0
492,4,0,0
493,3,2,1
494,4,2,1
495,4,0,0
496,3,0,0
497,3,0,0
498,2,0,0
499,2,0,0
500,3,0,0
501,3,0,0
502,3,0,0
503,3,0,0
504,3,0,0
505,3,0,0
506,3,0,0
507,2,0,0
508,3,0,0
509,3,0,0
510,3,0,0
511,3,0,0
512,3,0,0
513,2,0,0
514,2,0,0
515,2,0,0
516,3,0,0
517,2,0,0
518,2,0,0
519,2,0,0
520,2,0,0
521,2,0,0
522,2,0,0
523,2,0,0
524,2,0,0
525,3,0,0
526,2,0,0
527,3,0,0
528,2,0,0
529,2,0,0
530,2,0,0
531,2,0,0
532,2,0,0
533,2,0,0
534,2,0,0
535,2,0,0
536,1,0,0
537,0,0,0
538,0,0,0
539,0,0,0
540,1,0,0
541,2,0,0
542,2,0,0
543,2,0,0
544,2,0,0
545,3,0,0
546,3,0,0
547,3,0,0
548,2,0,0
549,3,2,1
550,3,0,0
551,3,2,1
552,3,0,0
553,3,0,0
554,3,0,0
555,3,0,0
556,3,0,0
557,3,0,0
558,3,0,0
559,2,0,0
560,2,0,0
561,2,0,0
562,2,0,0
563,1,0,0
564,1,0,0
565,1,0,0
566,1,0,0
567,2,0,0
568,2,0,0
569,3,0,0
570,3,0,0
571,3,0,0
572,3,0,0
573,3,0,0
574,3,0,0
575,3,0,0
576,3,0,0
577,3,2,1
578,2,0,0
579,2,0,0
580,2,0,0
581,1,0,0
582,2,0,0
583,1,0,0
584,2,0,0
585,1,0,0
586,1,0,0
587,2,0,0
588,1,0,0
589,1,0,0
590,1,0,0
591,1,0,0
592,1,0,0
593,1,0,0
594,1,0,0
595,1,0,0
596,1,0,0
597,1,0,0
598,1,0,0
599,1,0,0
600,1,0,0
601,2,2,1
602,2,0,0
603,2,0,0
604,2,0,0
605,2,0,0
606,2,0,0
607,2,0,0
608,2,2,1
609,2,2,1
610,2,2,1
611,2,2,1
612,2,0,0
613,2,2,1
614,2,0,0
615,2,0,0
616,2,0,0
617,2,0,0
618,2,0,0
619,3,0,0
620,3,2,1
621,2,0,0
622,2,0,0
623,2,0,0
624,2,0,0
625,2,0,0
626,2,0,0
627,2,0,0
628,2,0,0
629,2,0,0
630,2,0,0
631,2,0,0
632,3,0,0
633,3,0,0
634,2,0,0
635,2,0,0
636,2,0,0
637,2,0,0
638,2,0,0
639,2,0,0
640,2,2,1
641,2,0,0
642,3,0,0
643,3,0,0
644,3,0,0
645,3,0,0
646,3,2,1
647,3,0,0
648,3,0,0
649,3,0,0
650,2,0,0
651,3,0,0
652,3,0,0
653,3,0,0
654,3,0,0
655,3,0,0
656,3,2,1
657,3,0,0
658,3,0,0
659,3,0,0
660,2,0,0
661,2,0,0
662,2,0,0
663,3,0,0
664,3,0,0
665,3,0,0
666,2,0,0
667,2,0,0
668,2,0,0
669,2,0,0
670,2,0,0
671,2,0,0
672,2,0,0
673,2,0,0
674,2,0,0
675,2,0,0
676,2,0,0
677,2,0,0
678,3,0,0
679,2,0,0
680,2,0,0
681,1,0,0
682,1,0,0
683,3,0,0
684,3,0,0
685,3,2,1
686,3,3,2
687,3,2,1
688,3,2,1
689,3,2,1
690,3,0,0
691,3,0,0
692,3,0,0
693,3,2,1
694,4,0,0
695,4,0,0
696,5,0,0
697,4,0,0
698,4,2,1
699,4,2,1
700,4,2,1
701,4,0,0
702,3,0,0
703,3,0,0
704,4,0,0
705,4,0,0
706,4,0,0
707,3,0,0
708,3,0,0
709,3,3,2
710,3,3,2
711,3,3,2
712,3,2,1
713,3,0,0
714,3,0,0
715,3,0,0
716,4,0,0
717,3,0,0
718,3,0,0
719,3,0,0
720,3,0,0
721,3,0,0
722,2,0,0
723,2,0,0
724,2,0,0
725,3,2,1
726,3,0,0
727,3,0,0
728,3,0,0
729,3,0,0
730,3,0,0
731,3,0,0
732,3,0,0
733,3,0,0
734,3,2,1
735,2,0,0
736,2,0,0
737,2,0,0
738,3,0,0
739,2,0,0
740,2,0,0
741,3,0,0
742,3,0,0
743,2,0,0
744,2,0,0
745,2,0,0
746,2,0,0
747,2,0,0
748,2,0,0
749,2,0,0
750,2,0,0
751,2,0,0
752,2,0,0
753,2,0,0
754,2,0,0
755,2,0,0
756,3,0,0
757,3,0,0
758,3,0,0
759,3,0,0
760,3,2,1
761,3,0,0
762,3,0,0
763,3,0,0
764,4,2,1
765,3,2,1
766,3,0,0
767,4,2,1
768,2,0,0
769,2,0,0
770,2,0,0
771,3,2,1
772,2,0,0
773,3,2,1
774,2,0,0
775,2,0,0
776,2,0,0
777,2,0,0
778,2,0,0
779,1,0,0
780,1,0,0
781,2,0,0
782,2,0,0
783,2,0,0
784,2,0,0
785,2,0,0
786,2,0,0
787,2,0,0
788,2,0,0
789,2,0,0
790,1,0,0
791,2,0,0
792,2,0,0
793,3,0,0
794,1,0,0
795,2,0,0
796,1,0,0
797,1,0,0
798,1,0,0
799,1,0,0
800,1,0,0
801,1,0,0
802,1,0,0
803,2,0,0
804,1,0,0
805,1,0,0
806,1,0,0
807,2,0,0
808,1,0,0
809,2,0,0
810,1,0,0
811,1,0,0
812,1,0,0
813,1,0,0
814,1,0,0
815,1,0,0
816,1,0,0
817,1,0,0
818,0,0,0
819,0,0,0
820,1,0,0
821,2,0,0
822,2,0,0
823,2,0,0
824,3,0,0
825,3,0,0
826,3,0,0
827,4,0,0
828,3,0,0
829,3,0,0
830,3,0,0
831,3,0,0
832,3,0,0
833,3,2,1
834,2,0,0
835,2,0,0
836,2,0,0
837,2,0,0
838,2,0,0
839,2,0,0
840,2,2,1
841,2,0,0
842,2,0,0
843,2,0,0
844,3,0,0
845,3,0,0
846,3,0,0
847,2,0,0
848,2,0,0
849,2,0,0
850,2,0,0
851,2,0,0
852,2,0,0
853,2,0,0
854,3,0,0
855,2,0,0
856,2,0,0
857,2,0,0
858,2,0,0
859,3,0,0
860,3,0,0
861,3,0,0
862,3,0,0
863,3,0,0
864,2,0,0
865,3,0,0
866,3,0,0
867,3,0,0
868,4,0,0
869,3,0,0
870,3,2,1
871,3,2,1
872,4,0,0
873,3,0,0
874,3,0,0
875,3,2,1
876,4,0,0
877,4,0,0
878,4,0,0
879,3,0,0
880,2,0,0
881,2,0,0
882,2,0,0
883,2,0,0
884,2,0,0
885,2,0,0
886,2,0,0
887,2,0,0
888,3,0,0
889,3,0,0
890,4,0,0
891,3,0,0
892,3,0,0
893,3,0,0
894,3,0,0
895,3,0,0
896,3,0,0
897,3,0,0
898,2,0,0
899,4,0,0
900,3,0,0
901,3,0,0
902,3,0,0
903,3,0,0
904,3,0,0
905,3,0,0
906,3,0,0
907,3,0,0
908,3,0,0
909,3,0,0
910,3,2,1
911,3,0,0
912,2,0,0
913,2,0,0
914,2,0,0
915,2,0,0
916,2,0,0
917,4,0,0
918,3,0,0
919,3,0,0
920,3,2,1
921,3,2,1
922,3,0,0
923,3,0,0
924,2,0,0
925,3,0,0
926,3,0,0
927,3,0,0
928,3,0,0
929,3,0,0
930,3,2,1
931,3,0,0
932,3,0,0
933,3,3,2
934,3,2,1
935,3,2,1
936,3,2,1
937,3,3,3
938,3,3,3
939,3,3,3
940,3,3,2
941,3,3,2
942,3,3,2
943,3,3,2
944,3,2,1
945,4,3,3
946,4,3,2
947,3,3,2
948,3,3,3
949,3,3,3
950,3,3,3
951,3,3,3
952,3,3,3
953,4,3,2
954,4,3,3
955,4,4,3
956,4,4,4
957,4,4,4
958,4,4,3
959,4,4,4
960,4,4,4
961,3,3,2
962,3,3,2
963,3,3,2
964,3,3,2
965,3,3,3
966,3,2,1
967,2,2,1
968,2,2,1
969,2,0,0
970,2,0,0
971,2,0,0
972,2,0,0
973,3,0,0
974,3,0,0
975,2,0,0
976,2,0,0
977,3,0,0
978,2,0,0
979,2,0,0
980,3,0,0
981,3,0,0
982,3,0,0
983,3,0,0
984,3,0,0
985,3,0,0
986,2,0,0
987,3,0,0
988,3,2,1
989,3,0,0
990,4,2,1
991,4,0,0
992,3,2,1
993,4,3,2
994,3,3,2
995,4,4,3
996,4,2,1
997,3,0,0
998,4,2,1
999,4,0,0
1000,4,0,0
1001,4,2,1
1002,4,0,0
1003,4,0,0
1004,4,0,0
1005,4,0,0
1006,4,0,0
1007,4,0,0
1008,4,0,0
1009,4,2,1
1010,4,0,0
1011,4,0,0
1012,4,0,0
1013,4,0,0
1014,4,0,0
1015,4,0,0
1016,4,0,0
1017,5,3,2
1018,5,3,3
1019,4,3,2
1020,4,3,3
1021,3,3,2
1022,3,3,2
1023,3,3,3
1024,3,3,2
1025,3,2,1
1026,3,0,0
1027,3,2,1
1028,3,2,1
1029,3,0,0
1030,3,0,0
1031,3,0,0
1032,3,0,0
1033,3,0,0
1034,3,0,0
1035,2,0,0
1036,2,0,0
1037,2,0,0
1038,3,0,0
1039,3,0,0
1040,2,2,1
1041,2,0,0
1042,2,0,0
1043,2,0,0
1044,2,0,0
1045,2,0,0
1046,2,0,0
1047,2,0,0
1048,3,0,0
1049,2,0,0
1050,2,0,0
1051,2,0,0
1052,2,0,0
1053,3,0,0
1054,2,0,0
1055,2,0,0
1056,3,0,0
1057,2,0,0
1058,2,0,0
1059,2,0,0
1060,2,0,0
1061,2,0,0
1062,2,0,0
1063,2,0,0
1064,3,0,0
1065,2,0,0
1066,2,0,0
1067,2,0,0
1068,2,0,0
1069,1,0,0
1070,1,0,0
1071,1,0,0
1072,1,0,0
1073,1,0,0
1074,2,0,0
1075,2,0,0
1076,2,0,0
1077,2,0,0
1078,2,0,0
1079,2,0,0
1080,2,0,0
1081,3,0,0
1082,3,0,0
1083,3,0,0
1084,3,0,0
1085,3,0,0
1086,2,0,0
1087,3,0,0
1088,4,2,1
1089,3,0,0
1090,3,0,0
1091,3,0,0
1092,4,0,0
1093,3,0,0
1094,3,0,0
1095,3,2,1
1096,3,0,0
1097,3,0,0
1098,3,0,0
1099,3,0,0
1100,3,2,1
1101,3,0,0
1102,3,0,0
1103,4,0,0
1104,3,0,0
1105,3,0,0
1106,3,0,0
1107,2,0,0
1108,3,0,0
1109,4,0,0
1110,2,0,0
1111,1,0,0
1112,2,0,0
1113,2,0,0
1114,2,2,1
1115,2,2,1
1116,2,0,0
1117,2,0,0
1118,2,0,0
1119,3,0,0
1120,3,0,0
1121,3,2,1
1122,3,0,0
1123,3,0,0
1124,3,0,0
1125,3,0,0
1126,2,0,0
1127,2,0,0
1128,2,0,0
1129,2,0,0
1130,1,0,0
1131,1,0,0
1132,2,0,0
1133,2,0,0
1134,2,0,0
1135,3,0,0
1136,3,0,0
1137,2,0,0
1138,2,0,0
1139,2,0,0
1140,2,0,0
1141,3,0,0
1142,3,2,1
1143,3,2,1
1144,2,0,0
1145,1,0,0
1146,2,0,0
1147,2,0,0
1148,2,0,0
1149,2,2,1
1150,3,0,0
1151,3,0,0
1152,3,2,1
1153,3,0,0
1154,3,0,0
1155,3,0,0
1156,3,2,1
1157,3,0,0
1158,3,0,0
1159,3,0,0
1160,3,2,1
1161,3,0,0
1162,3,3,2
1163,3,3,3
1164,3,3,2
1165,4,3,3
1166,4,3,2
1167,4,0,0
1168,4,0,0
1169,4,0,0
1170,4,0,0
1171,3,0,0
1172,4,0,0
1173,3,0,0
1174,3,0,0
1175,3,0,0
1176,3,0,0
1177,2,0,0
1178,3,0,0
1179,3,0,0
1180,3,0,0
1181,3,0,0
1182,2,0,0
1183,2,0,0
1184,2,0,0
1185,2,0,0
1186,2,0,0
1187,2,0,0
1188,2,0,0
1189,2,0,0
1190,2,0,0
1191,2,0,0
1192,2,0,0
1193,2,0,0
1194,2,0,0
1195,3,0,0
1196,2,0,0
1197,3,0,0
1198,3,0,0
1199,4,0,0
1200,3,0,0
1201,3,0,0
1202,2,0,0
1203,2,2,1
1204,2,0,0
1205,2,2,1
1206,2,2,1
1207,2,2,1
1208,2,0,0
1209,3,0,0
1210,2,0,0
1211,2,0,0
1212,2,0,0
1213,2,0,0
1214,1,0,0
1215,1,0,0
1216,1,0,0
1217,2,0,0
1218,1,0,0
1219,1,0,0
1220,1,0,0
1221,1,0,0
1222,1,0,0
1223,1,0,0
1224,1,0,0
1225,1,0,0
1226,1,0,0
1227,1,0,0
1228,1,0,0
1229,1,0,0
1230,1,0,0
1231,2,0,0
1232,2,0,0
1233,2,0,0
1234,2,0,0
1235,2,0,0
1236,3,0,0
1237,2,0,0
1238,2,0,0
1239,3,0,0
1240,3,0,0
1241,2,0,0
1242,2,0,0
1243,2,0,0
1244,2,0,0
1245,2,0,0
1246,2,0,0
1247,2,0,0
1248,2,0,0
1249,1,0,0
1250,1,0,0
1251,2,2,1
1252,2,0,0
1253,2,0,0
1254,3,2,1
1255,3,0,0
1256,4,0,0
1257,4,0,0
1258,3,0,0
1259,3,0,0
1260,4,0,0
1261,3,0,0
1262,3,2,1
1263,3,0,0
1264,3,0,0
1265,3,0,0
1266,3,0,0
1267,2,0,0
1268,2,0,0
1269,2,0,0
1270,2,0,0
1271,2,0,0
1272,2,0,0
1273,1,0,0
1274,1,0,0
1275,1,0,0
1276,2,0,0
1277,1,0,0
1278,1,0,0
1279,2,0,0
1280,1,0,0
1281,1,0,0
1282,1,0,0
1283,1,0,0
1284,1,0,0
1285,2,0,0
1286,2,0,0
1287,1,0,0
1288,1,0,0
1289,2,0,0
1290,2,0,0
1291,2,0,0
1292,1,0,0
1293,1,0,0
1294,1,0,0
1295,1,0,0
1296,2,0,0
1297,2,0,0
1298,2,0,0
1299,2,0,0
1300,2,0,0
1301,2,0,0
1302,1,0,0
1303,1,0,0
1304,1,0,0
1305,1,0,0
1306,2,0,0
1307,1,0,0
1308,1,0,0
1309,1,0,0
1310,1,0,0
1311,1,0,0
1312,1,0,0
1313,3,0,0
1314,3,0,0
1315,3,0,0
1316,3,0,0
1317,2,0,0
1318,3,2,1
1319,3,0,0
1320,3,0,0
1321,3,3,2
1322,3,3,2
1323,3,3,2
1324,3,3,2
1325,3,2,1
1326,3,3,2
1327,3,2,1
1328,3,3,2
1329,3,2,1
1330,3,3,2
1331,3,3,2
1332,3,3,3
1333,3,2,1
1334,3,2,1
1335,3,2,1
1336,3,2,1
1337,3,0,0
1338,3,0,0
1339,3,0,0
1340,3,0,0
1341,3,0,0
1342,3,0,0
1343,3,0,0
1344,3,2,1
1345,3,0,0
1346,3,2,1
1347,3,0,0
1348,4,0,0
1349,4,0,0
1350,3,0,0
1351,3,2,1
1352,3,0,0
1353,3,0,0
1354,4,0,0
1355,4,2,1
1356,3,2,1
1357,3,2,1
1358,3,2,1
1359,3,2,1
1360,2,2,1
1361,2,0,0
1362,3,2,1
1363,3,2,1
1364,3,2,1
1365,2,2,1
1366,2,2,1
1367,3,2,1
1368,3,0,0
1369,3,0,0
1370,2,0,0
1371,2,0,0
1372,2,0,0
1373,3,0,0
1374,2,0,0
1375,2,0,0
1376,2,0,0
1377,2,0,0
1378,2,0,0
1379,2,0,0
1380,3,0,0
1381,2,0,0
1382,2,0,0
1383,2,0,0
1384,2,0,0
1385,2,0,0
1386,2,0,0
1387,2,0,0
1388,1,0,0
1389,1,0,0
1390,1,0,0
1391,2,0,0
1392,1,0,0
1393,1,0,0
1394,1,0,0
1395,1,0,0
1396,2,0,0
1397,2,0,0
1398,1,0,0
1399,3,0,0
1400,3,2,1
1401,3,2,1
1402,4,2,1
1403,4,0,0
1404,3,0,0
1405,3,0,0
1406,3,2,1
1407,3,2,1
1408,3,2,1
1409,3,2,1
1410,3,2,1
1411,3,2,1
1412,3,2,1
1413,3,2,1
1414,2,2,1
1415,2,0,0
1416,2,0,0
1417,3,0,0
1418,2,0,0
1419,3,2,1
1420,3,0,0
1421,2,0,0
1422,3,0,0
1423,3,0,0
1424,3,2,1
1425,3,2,1
1426,3,3,2
1427,4,2,1
1428,4,3,3
1429,4,4,4
1430,4,4,4
1431,4,4,5
1432,4,4,4
1433,4,4,4
1434,4,4,5
1435,5,4,3
1436,5,4,4
1437,6,4,5
1438,4,4,5
1439,4,4,3
1440,4,4,5
1441,4,4,5
1442,4,4,5
1443,4,4,4
1444,4,4,5
1445,4,4,4
1446,4,4,5
1447,4,4,4
1448,4,4,5
1449,4,4,4
1450,5,4,5
1451,5,4,5
1452,5,4,4
1453,5,4,4
1454,5,4,4
1455,5,3,2
1456,4,3,3
1457,4,3,3
1458,4,3,2
1459,4,3,2
1460,4,2,1
1461,4,3,2
1462,4,2,1
1463,4,2,1
1464,4,3,3
1465,4,3,2
1466,4,0,0
1467,3,0,0
1468,3,0,0
1469,3,0,0
1470,3,0,0
1471,3,0,0
1472,3,0,0
1473,3,0,0
1474,3,0,0
1475,3,2,1
1476,3,0,0
1477,3,0,0
1478,3,0,0
1479,3,0,0
1480,3,0,0
1481,3,2,1
1482,2,0,0
1483,2,0,0
1484,2,0,0
1485,2,0,0
1486,3,0,0
1487,2,0,0
1488,2,0,0
1489,2,0,0
1490,2,0,0
1491,2,0,0
1492,2,0,0
1493,2,0,0
1494,2,0,0
1495,2,0,0
1496,2,0,0
1497,3,0,0
1498,3,0,0
1499,2,0,0
1500,2,0,0
1501,2,0,0
1502,2,0,0
1503,2,0,0
1504,2,0,0
1505,2,2,1
1506,2,2,1
1507,3,2,1
1508,3,0,0
1509,3,0,0
1510,3,0,0
1511,3,0,0
1512,4,2,1
1513,4,0,0
1514,4,0,0
1515,5,0,0
1516,5,0,0
1517,5,0,0
1518,5,2,1
1519,5,0,0
1520,5,3,2
1521,5,2,1
1522,5,3,2
1523,5,3,3
1524,5,3,3
1525,5,3,3
1526,5,3,3
1527,5,3,2
1528,5,3,3
1529,5,3,2
1530,5,3,2
1531,5,3,3
1532,4,3,3
1533,4,2,1
1534,2,2,1
1535,4,3,3
1536,4,0,0
1537,3,0,0
1538,3,0,0
1539,3,0,0
1540,3,0,0
1541,4,2,1
1542,3,2,1
1543,3,0,0
1544,3,0,0
1545,2,0,0
1546,3,0,0
1547,3,2,1
1548,3,0,0
1549,3,0,0
1550,3,0,0
1551,3,2,1
1552,2,2,1
1553,2,2,1
1554,2,2,1
1555,2,2,1
1556,2,2,1
1557,2,2,1
1558,2,2,1
1559,2,2,1
1560,2,2,1
1561,3,2,1
1562,2,0,0
1563,2,0,0
1564,3,0,0
1565,3,0,0
1566,3,0,0
1567,3,0,0
1568,3,0,0
1569,3,2,1
1570,3,2,1
1571,3,2,1
1572,3,2,1
1573,3,0,0
1574,3,0,0
1575,2,0,0
1576,2,0,0
1577,2,0,0
1578,2,0,0
1579,2,0,0
1580,2,0,0
1581,2,0,0
1582,2,0,0
1583,1,0,0
1584,1,0,0
1585,2,0,0
1586,2,2,1
1587,2,2,1
1588,2,0,0
1589,2,0,0
1590,2,0,0
1591,2,0,0
1592,1,0,0
1593,2,0,0
1594,1,0,0
1595,1,0,0
1596,2,0,0
1597,2,0,0
1598,2,0,0
1599,2,0,0
1600,3,0,0
1601,3,0,0
1602,3,0,0
1603,3,0,0
1604,3,0,0
1605,3,0,0
1606,3,0,0
1607,4,0,0
1608,4,0,0
1609,4,0,0
1610,4,0,0
1611,3,0,0
1612,2,0,0
1613,3,0,0
1614,3,0,0
1615,3,0,0
1616,3,0,0
1617,2,0,0
1618,2,0,0
1619,2,0,0
1620,2,0,0
1621,2,0,0
1622,2,0,0
1623,2,0,0
1624,2,2,1
1625,2,0,0
1626,2,0,0
1627,2,0,0
1628,2,0,0
1629,2,0,0
1630,2,0,0
1631,2,2,1
1632,2,0,0
1633,2,0,0
1634,1,0,0
1635,1,0,0
1636,1,0,0
1637,2,0,0
1638,2,0,0
1639,1,0,0
1640,1,0,0
1641,1,0,0
1642,2,0,0
1643,2,0,0
1644,2,0,0
1645,2,0,0
1646,2,0,0
1647,4,0,0
1648,3,0,0
1649,3,0,0
1650,2,0,0
1651,1,0,0
1652,0,0,0
1653,1,0,0
1654,1,0,0
1655,1,0,0
1656,1,0,0
1657,3,0,0
1658,1,0,0
1659,1,0,0
1660,1,0,0
1661,1,0,0
1662,1,0,0
1663,1,0,0
1664,1,0,0
1665,2,0,0
1666,2,0,0
1667,2,0,0
1668,2,0,0
1669,1,0,0
1670,1,0,0
1671,1,0,0
1672,2,0,0
1673,2,0,0
1674,2,0,0
1675,2,0,0
1676,2,0,0
1677,2,0,0
1678,3,0,0
1679,2,0,0
1680,2,0,0
1681,3,0,0
1682,2,0,0
1683,2,0,0
1684,2,0,0
1685,2,0,0
1686,2,0,0
1687,2,0,0
1688,2,0,0
1689,3,0,0
1690,2,0,0
1691,2,0,0
1692,1,0,0
1693,1,0,0
1694,1,0,0
1695,2,0,0
1696,1,0,0
1697,1,0,0
1698,1,0,0
1699,1,0,0
1700,1,0,0
1701,1,0,0
1702,1,0,0
1703,0,0,0
1704,0,0,0
1705,0,0,0
1706,0,0,0
1707,1,0,0
1708,1,0,0
1709,1,0,0
1710,1,0,0
1711,3,2,1
1712,3,2,1
1713,3,2,1
1714,4,2,1
1715,4,2,1
1716,3,0,0
1717,3,0,0
1718,4,2,1
1719,3,2,1
1720,3,0,0
1721,3,0,0
1722,3,0,0
1723,3,0,0
1724,4,0,0
1725,4,0,0
1726,4,0,0
1727,4,0,0
1728,4,0,0
1729,4,0,0
1730,4,0,0
1731,4,0,0
1732,3,2,1
1733,3,0,0
1734,3,0,0
1735,4,2,1
1736,4,2,1
1737,4,2,1
1738,5,0,0
1739,3,0,0
1740,3,0,0
1741,3,0,0
1742,3,2,1
1743,3,0,0
1744,2,0,0
1745,3,0,0
1746,2,0,0
1747,3,0,0
1748,2,0,0
1749,3,0,0
1750,1,0,0
1751,1,0,0
1752,1,0,0
1753,1,0,0
1754,1,0,0
1755,2,0,0
1756,2,0,0
1757,1,0,0
1758,1,0,0
1759,1,0,0
1760,2,0,0
1761,2,0,0
1762,2,0,0
1763,2,0,0
1764,2,0,0
1765,2,0,0
1766,2,0,0
1767,2,0,0
1768,2,0,0
1769,2,0,0
1770,2,0,0
1771,2,0,0
1772,2,0,0
1773,2,0,0
1774,1,0,0
1775,1,0,0
1776,1,0,0
1777,2,0,0
1778,1,0,0
1779,2,0,0
1780,2,0,0
1781,2,0,0
1782,2,0,0
1783,2,0,0
1784,2,0,0
1785,2,0,0
1786,2,0,0
1787,2,0,0
1788,2,0,0
1789,2,2,1
1790,2,0,0
1791,2,0,0
1792,2,0,0
1793,2,0,0
1794,2,0,0
1795,2,0,0
1796,2,0,0
1797,2,0,0
1798,2,0,0
1799,2,0,0
1800,2,0,0
1801,2,0,0
1802,1,0,0
1803,2,0,0
1804,2,0,0
1805,1,0,0
1806,1,0,0
1807,1,0,0
1808,1,0,0
1809,2,0,0
1810,2,0,0
1811,2,0,0
1812,2,0,0
1813,3,0,0
1814,2,0,0
1815,2,0,0
1816,2,0,0
1817,2,0,0
1818,3,0,0
1819,4,0,0
1820,4,0,0
1821,4,0,0
1822,4,0,0
1823,4,0,0
1824,4,0,0
1825,4,0,0
1826,4,0,0
1827,4,0,0
1828,4,0,0
1829,4,0,0
1830,4,2,1
1831,4,0,0
1832,3,0,0
1833,3,0,0
1834,3,0,0
1835,3,0,0
1836,3,0,0
1837,3,0,0
1838,3,0,0
1839,4,0,0
1840,4,0,0
1841,5,0,0
1842,4,2,1
1843,4,2,1
1844,5,0,0
1845,5,2,1
1846,5,2,1
1847,5,0,0
1848,5,0,0
1849,5,2,1
1850,5,0,0
1851,4,0,0
1852,5,2,1
1853,5,2,1
1854,5,2,1
1855,5,2,1
1856,5,2,1
1857,5,2,1
1858,4,0,0
1859,4,0,0
1860,4,0,0
1861,3,0,0
1862,3,0,0
1863,2,2,1
1864,2,0,0
1865,2,0,0
1866,2,0,0
1867,2,0,0
1868,3,2,1
1869,3,0,0
1870,3,0,0
1871,3,0,0
1872,3,0,0
1873,3,0,0
1874,3,0,0
1875,3,0,0
1876,2,0,0
1877,3,0,0
1878,3,2,1
1879,3,2,1
1880,3,2,1
1881,3,0,0
1882,3,2,1
1883,3,2,1
1884,3,0,0
1885,3,0,0
1886,3,0,0
1887,4,0,0
1888,4,0,0
1889,3,0,0
1890,3,2,1
1891,3,3,2
1892,3,3,2
1893,3,3,2
1894,3,3,2
1895,3,3,2
1896,3,3,2
1897,4,3,2
1898,4,3,3
1899,3,2,1
1900,3,3,3
1901,3,3,3
1902,3,3,3
1903,3,0,0
1904,3,0,0
1905,3,0,0
1906,3,0,0
1907,1,0,0
1908,2,0,0
1909,2,0,0
1910,2,2,1
1911,2,0,0
1912,2,0,0
1913,2,2,1
1914,2,0,0
1915,3,0,0
1916,3,0,0
1917,3,0,0
1918,3,0,0
1919,3,0,0
1920,3,0,0
1921,3,0,0
1922,2,0,0
1923,2,0,0
1924,2,0,0
1925,2,0,0
1926,2,0,0
1927,3,0,0
1928,3,0,0
1929,2,0,0
1930,2,0,0
1931,2,0,0
1932,2,0,0
1933,2,0,0
1934,2,0,0
1935,2,0,0
1936,2,0,0
1937,3,0,0
1938,2,0,0
1939,2,0,0
1940,2,0,0
1941,2,0,0
1942,2,0,0
1943,2,0,0
1944,2,0,0
1945,1,0,0
1946,1,0,0
1947,2,0,0
1948,2,0,0
1949,1,0,0
1950,2,0,0
1951,2,0,0
1952,2,0,0
1953,2,0,0
1954,3,0,0
1955,3,0,0
1956,3,0,0
1957,3,0,0
1958,3,0,0
1959,3,0,0
1960,3,0,0
1961,4,2,1
1962,4,2,1
1963,3,0,0
1964,4,0,0
1965,4,2,1
1966,4,0,0
1967,4,0,0
1968,4,0,0
1969,3,0,0
1970,3,0,0
1971,3,0,0
1972,3,0,0
1973,3,0,0
1974,4,0,0
1975,3,0,0
1976,3,0,0
1977,3,0,0
1978,3,0,0
1979,3,0,0
1980,3,0,0
1981,3,0,0
1982,2,0,0
1983,2,0,0
1984,2,0,0
1985,2,0,0
1986,2,0,0
1987,2,0,0
1988,2,0,0
1989,2,0,0
1990,2,0,0
1991,2,0,0
1992,2,0,0
1993,3,0,0
1994,2,0,0
1995,2,0,0
1996,2,0,0
1997,2,0,0
1998,2,0,0
1999,2,0,0
