0,1,0,0
1,1,0,0
2,1,0,0
3,1,0,0
4,0,0,0
5,0,0,0
6,1,0,0
7,2,0,0
8,2,0,0
9,2,0,0
10,2,0,0
11,2,0,0
12,2,0,0
13,2,0,0
14,2,0,0
15,2,0,0
16,2,0,0
17,4,0,0
18,4,0,0
19,3,0,0
20,3,0,0
21,3,2,1
22,3,2,1
23,3,2,1
24,3,2,1
25,3,0,0
26,2,0,0
27,2,0,0
28,3,0,0
29,3,0,0
30,3,0,0
31,3,0,0
32,3,0,0
33,4,0,0
34,4,0,0
35,4,2,1
36,4,2,1
37,4,3,2
38,3,3,2
39,3,0,0
40,3,0,0
41,3,0,0
42,4,0,0
43,4,0,0
44,5,0,0
45,5,3,2
46,5,0,0
47,4,2,1
48,4,2,1
49,4,3,2
50,4,0,0
51,4,0,0
52,3,0,0
53,2,0,0
54,2,0,0
55,2,0,0
56,2,0,0
57,2,2,1
58,2,2,1
59,3,2,1
60,3,0,0
61,3,0,0
62,3,0,0
63,3,0,0
64,3,0,0
65,3,0,0
66,3,0,0
67,3,0,0
68,4,0,0
69,3,0,0
70,4,0,0
71,2,0,0
72,4,0,0
73,2,0,0
74,2,0,0
75,3,0,0
76,3,0,0
77,3,0,0
78,3,0,0
79,3,2,1
80,3,2,1
81,3,2,1
82,3,2,1
83,3,3,3
84,2,2,1
85,3,3,2
86,3,3,2
87,3,2,1
88,4,3,2
89,4,0,0
90,4,3,2
91,4,3,3
92,4,3,3
93,4,2,1
94,4,3,2
95,4,3,2
96,4,3,3
97,4,3,2
98,4,3,2
99,4,3,2
100,4,3,2
101,4,3,2
102,4,3,2
103,4,3,2
104,4,3,3
105,4,3,3
106,4,3,3
107,4,3,2
108,4,4,3
109,4,3,2
110,3,2,1
111,4,4,4
112,4,4,4
113,4,4,4
114,4,3,3
115,5,3,3
116,5,3,3
117,5,3,3
118,5,4,3
119,5,4,4
120,5,5,5
121,4,4,3
122,5,4,4
123,6,4,4
124,4,3,3
125,5,4,5
126,5,4,5
127,5,4,5
128,5,4,5
129,5,5,7
130,5,5,7
131,5,5,6
132,5,5,7
133,5,5,7
134,5,5,7
135,5,5,7
136,5,5,6
137,5,5,6
138,5,5,6
139,6,5,7
140,6,5,7
141,6,5,4
142,6,5,6
143,6,5,7
144,6,5,7
145,6,5,7
146,6,5,7
147,6,6,9
148,6,6,8
149,6,6,10
150,6,6,10
151,6,6,9
152,6,6,9
153,6,6,10
154,6,6,10
155,6,6,10
156,6,6,10
157,6,6,10
158,6,6,10
159,6,6,9
160,6,6,9
161,6,6,10
162,6,6,9
163,6,6,10
164,6,6,10
165,6,6,10
166,6,6,10
167,6,6,10
168,6,6,9
169,6,6,8
170,7,6,10
171,6,6,10
172,6,6,10
173,6,6,9
174,6,6,9
175,6,6,9
176,7,6,9
177,6,6,9
178,6,6,8
179,6,6,9
180,6,6,10
181,6,6,9
182,6,6,9
183,6,6,7
184,6,6,9
185,6,6,9
186,6,6,10
187,6,6,10
188,6,6,10
189,6,6,10
190,6,6,9
191,6,6,10
192,6,6,10
193,6,6,10
194,6,6,10
195,6,6,10
196,6,6,10
197,6,6,10
198,6,6,10
199,6,6,10
200,6,6,10
201,6,6,9
202,6,6,8
203,6,6,10
204,6,6,9
205,6,6,10
206,6,6,9
207,6,6,10
208,6,6,10
209,7,6,10
210,7,6,10
211,7,6,10
212,6,6,10
213,7,6,10
214,7,6,10
215,7,6,10
216,7,6,10
217,7,6,9
218,7,6,9
219,7,6,9
220,7,6,8
221,6,6,9
222,6,6,10
223,6,6,10
224,6,6,10
225,6,6,10
226,6,6,10
227,6,6,10
228,6,6,10
229,6,6,10
230,6,6,10
231,7,7,10
232,7,7,11
233,7,7,11
234,7,7,11
235,7,7,11
236,7,7,12
237,7,7,12
238,7,7,12
239,7,7,12
240,7,7,12
241,8,7,11
242,8,7,12
243,8,7,12
244,8,7,12
245,8,7,12
246,8,7,12
247,8,7,12
248,8,8,13
249,8,8,13
250,8,8,14
251,8,8,13
252,8,8,14
253,8,8,14
254,8,8,13
255,8,8,14
256,8,8,14
257,7,7,10
258,8,8,12
259,8,7,12
260,7,6,10
261,8,7,12
262,8,7,11
263,8,6,8
264,8,7,12
265,8,7,11
266,8,7,12
267,8,7,12
268,7,7,12
269,7,7,11
270,7,7,12
271,7,7,12
272,7,7,12
273,7,7,11
274,7,7,11
275,7,6,9
276,7,6,10
277,7,6,10
278,7,6,10
279,7,6,10
280,6,6,10
281,6,6,10
282,6,6,10
283,6,6,10
284,6,6,10
285,6,6,10
286,6,6,10
287,6,6,10
288,6,6,10
289,6,6,10
290,6,6,10
291,6,6,10
292,6,6,10
293,6,6,10
294,6,6,10
295,6,6,10
296,6,6,8
297,6,6,8
298,6,6,9
299,6,6,9
300,6,6,9
301,6,6,9
302,6,6,10
303,6,6,9
304,6,6,10
305,6,6,9
306,6,6,10
307,6,6,10
308,6,6,10
309,6,6,10
310,6,6,9
311,6,6,10
312,6,6,10
313,6,6,10
314,7,6,10
315,7,6,9
316,7,6,9
317,7,6,10
318,7,6,10
319,7,6,10
320,7,6,10
321,7,6,9
322,7,6,10
323,7,6,10
324,7,6,9
325,7,6,8
326,7,6,10
327,7,6,10
328,7,6,9
329,7,6,9
330,7,6,9
331,7,6,9
332,7,6,10
333,7,6,10
334,7,6,10
335,7,6,10
336,7,7,11
337,7,7,12
338,7,7,12
339,7,7,12
340,7,7,12
341,7,7,12
342,7,7,12
343,7,7,11
344,7,7,11
345,7,7,12
346,7,7,12
347,7,7,12
348,7,7,12
349,7,7,12
350,7,7,12
351,7,7,12
352,7,7,12
353,7,7,12
354,7,7,12
355,7,7,12
356,7,7,12
357,7,7,11
358,6,6,10
359,7,7,12
360,7,7,12
361,7,7,12
362,7,7,12
363,7,7,12
364,7,7,12
365,7,7,11
366,7,7,11
367,7,7,11
368,7,7,11
369,7,7,11
370,7,7,10
371,7,7,12
372,7,7,12
373,7,7,12
374,7,7,12
375,7,7,12
376,7,7,12
377,7,7,11
378,7,7,12
379,7,7,12
380,7,7,12
381,7,7,12
382,7,7,12
383,7,7,12
384,7,7,11
385,7,7,11
386,6,6,9
387,7,7,11
388,6,6,10
389,6,6,10
390,6,6,10
391,7,7,11
392,7,7,11
393,7,7,12
394,7,7,10
395,7,7,12
396,7,7,12
397,7,7,12
398,8,7,12
399,7,7,12
400,8,7,12
401,7,7,12
402,7,7,12
403,6,6,10
404,7,7,10
405,7,7,12
406,7,7,12
407,7,7,12
408,7,7,12
409,7,7,12
410,7,7,12
411,7,7,11
412,7,7,12
413,7,7,12
414,7,7,12
415,7,7,11
416,7,7,11
417,6,6,9
418,6,6,9
419,7,7,9
420,7,6,9
421,7,6,9
422,7,6,9
423,7,6,9
424,7,6,8
425,7,6,8
426,7,6,9
427,7,6,9
428,7,6,9
429,7,6,7
430,7,6,9
431,7,6,9
432,7,6,8
433,6,5,6
434,6,5,6
435,6,5,7
436,6,5,7
437,6,5,6
438,6,5,7
439,6,5,7
440,6,5,7
441,6,5,7
442,6,5,7
443,6,5,7
444,6,5,7
445,6,5,7
446,6,5,7
447,6,5,5
448,6,5,6
449,6,5,7
450,6,5,7
451,6,5,7
452,6,6,10
453,6,6,9
454,6,6,8
455,6,6,10
456,6,6,9
457,6,6,8
458,6,6,10
459,6,6,10
460,6,6,9
461,6,6,9
462,6,6,10
463,6,6,10
464,6,6,10
465,6,6,10
466,6,6,10
467,6,6,10
468,6,6,10
469,6,6,10
470,6,6,10
471,6,6,10
472,6,6,10
473,6,6,10
474,6,6,8
475,6,6,8
476,6,6,8
477,6,6,10
478,6,6,9
479,6,6,10
480,6,6,8
481,6,6,10
482,6,6,10
483,6,6,10
484,6,6,10
485,6,6,10
486,6,6,10
487,6,6,10
488,6,6,9
489,6,6,10
490,6,6,10
491,6,6,10
492,6,6,10
493,6,6,10
494,6,6,10
495,6,6,10
496,6,6,9
497,6,6,9
498,6,6,10
499,6,6,10
500,6,6,10
501,6,6,9
502,6,6,10
503,6,6,9
504,6,6,10
505,6,6,10
506,6,6,10
507,6,6,10
508,6,6,9
509,7,6,10
510,6,6,10
511,6,6,9
512,6,6,8
513,6,6,8
514,6,6,10
515,6,6,9
516,6,6,10
517,6,6,9
518,6,6,10
519,6,6,10
520,6,6,9
521,6,6,9
522,6,6,10
523,6,6,9
524,6,6,10
525,7,6,9
526,7,6,10
527,6,6,8
528,6,6,9
529,6,6,10
530,6,6,10
531,6,6,10
532,6,6,10
533,6,6,10
534,6,6,9
535,6,6,10
536,6,6,10
537,6,6,10
538,6,6,8
539,6,6,10
540,6,6,10
541,7,7,10
542,7,7,11
543,6,6,9
544,6,6,10
545,7,7,11
546,7,7,12
547,6,6,9
548,7,7,12
549,7,7,12
550,7,7,12
551,7,7,12
552,7,7,12
553,7,6,10
554,7,6,10
555,8,6,9
556,7,7,11
557,7,7,12
558,7,7,12
559,7,7,12
560,7,7,12
561,7,7,12
562,7,7,12
563,7,7,12
564,7,7,12
565,7,7,11
566,7,7,12
567,7,7,12
568,7,7,12
569,7,7,12
570,7,7,12
571,7,7,11
572,7,7,12
573,7,7,12
574,7,7,12
575,7,7,11
576,7,7,12
577,7,7,12
578,7,7,12
579,7,7,12
580,7,7,12
581,7,7,12
582,7,7,12
583,7,7,12
584,7,7,12
585,7,7,12
586,7,7,12
587,7,7,12
588,7,7,12
589,7,7,12
590,7,7,12
591,7,7,10
592,7,7,12
593,7,7,12
594,7,7,12
595,7,7,11
596,7,7,12
597,7,7,12
598,7,7,12
599,7,7,12
600,7,7,11
601,7,7,12
602,7,7,12
603,7,7,11
604,7,7,12
605,7,7,11
606,7,7,11
607,7,7,12
608,7,7,12
609,7,7,10
610,7,7,11
611,7,7,12
612,7,7,11
613,7,7,12
614,7,7,12
615,7,7,12
616,7,7,11
617,7,7,12
618,7,7,12
619,7,7,11
620,7,7,10
621,7,7,12
622,7,7,12
623,7,7,11
624,7,7,11
625,7,7,12
626,7,7,12
627,7,7,11
628,7,7,12
629,7,7,12
630,7,7,12
631,7,7,12
632,7,7,11
633,7,7,12
634,7,7,9
635,8,7,11
636,7,7,10
637,8,7,9
638,7,7,12
639,8,8,13
640,8,8,14
641,8,8,14
642,7,7,12
643,8,8,13
644,9,8,14
645,9,8,13
646,9,8,13
647,10,8,14
648,9,8,14
649,9,8,13
650,9,8,13
651,8,7,12
652,7,7,12
653,8,7,12
654,8,7,12
655,8,7,12
656,8,7,12
657,8,7,10
658,8,7,11
659,8,8,13
660,8,8,14
661,8,8,14
662,7,7,12
663,9,8,15
664,9,8,15
665,9,9,18
666,9,9,17
667,9,9,18
668,9,9,18
669,9,9,18
670,9,9,18
671,9,9,17
672,9,9,18
673,9,9,18
674,9,9,18
675,9,9,18
676,9,9,18
677,9,9,18
678,9,9,17
679,9,9,17
680,9,9,18
681,9,9,18
682,9,9,18
683,9,9,18
684,9,9,18
685,9,9,17
686,9,9,18
687,9,9,17
688,9,9,18
689,9,9,17
690,9,9,17
691,9,9,18
692,9,9,18
693,9,9,18
694,9,9,17
695,9,9,18
696,9,9,17
697,9,9,18
698,9,9,18
699,9,9,18
700,9,9,18
701,9,9,17
702,9,9,17
703,9,9,18
704,9,9,18
705,9,9,18
706,9,9,17
707,9,9,17
708,9,9,18
709,9,9,18
710,9,9,18
711,9,9,18
712,9,9,18
713,9,9,18
714,9,9,18
715,9,9,18
716,9,9,18
717,9,9,18
718,9,9,18
719,9,9,18
720,9,9,16
721,9,9,18
722,9,9,18
723,9,9,17
724,9,9,18
725,9,9,18
726,9,9,18
727,9,9,18
728,9,9,18
729,9,9,18
730,9,9,18
731,9,9,18
732,9,9,18
733,9,9,18
734,9,9,18
735,9,9,18
736,9,9,18
737,9,9,18
738,9,9,18
739,9,9,18
740,10,9,18
741,10,9,18
742,10,9,18
743,10,9,18
744,10,9,18
745,10,9,18
746,10,9,18
747,9,9,18
748,9,9,18
749,9,9,17
750,9,9,18
751,9,9,18
752,9,9,18
753,9,9,17
754,9,9,17
755,10,9,18
756,10,9,18
757,10,9,18
758,10,9,18
759,10,9,18
760,9,9,16
761,9,9,17
762,9,9,18
763,10,10,19
764,10,10,20
765,10,10,21
766,10,10,21
767,10,10,21
768,10,10,21
769,10,10,21
770,10,10,20
771,10,10,21
772,10,10,21
773,10,10,21
774,10,10,20
775,10,10,20
776,10,10,21
777,10,10,21
778,10,10,21
779,10,10,21
780,10,10,21
781,10,10,21
782,10,10,21
783,10,10,20
784,10,10,21
785,10,10,21
786,10,10,21
787,10,10,21
788,10,10,21
789,10,10,21
790,10,10,21
791,10,10,21
792,10,10,21
793,10,10,21
794,10,10,21
795,10,10,20
796,10,10,21
797,10,10,21
798,10,10,21
799,10,10,21
800,10,10,21
801,10,10,21
802,10,10,21
803,10,10,21
804,10,10,21
805,10,10,20
806,10,10,21
807,10,10,21
808,11,11,22
809,11,11,25
810,11,11,25
811,11,11,25
812,11,11,25
813,11,11,25
814,11,11,25
815,11,11,25
816,11,11,25
817,11,11,25
818,11,11,25
819,11,11,25
820,11,11,24
821,11,11,25
822,11,11,25
823,11,11,25
824,11,11,25
825,11,11,25
826,11,11,25
827,11,11,25
828,11,11,25
829,11,11,25
830,11,11,24
831,11,11,25
832,11,11,25
833,11,11,25
834,11,11,25
835,11,11,25
836,11,11,25
837,11,11,25
838,11,11,25
839,11,11,25
840,11,11,25
841,11,11,25
842,11,11,25
843,11,11,25
844,11,11,25
845,11,11,25
846,11,11,25
847,11,11,25
848,11,11,24
849,11,11,25
850,11,11,25
851,11,11,25
852,11,11,25
853,11,11,25
854,11,11,25
855,11,11,25
856,11,11,25
857,11,11,25
858,11,11,25
859,11,11,25
860,11,11,25
861,11,11,25
862,11,11,25
863,11,11,25
864,11,11,25
865,11,11,25
866,11,11,25
867,11,11,25
868,11,11,25
869,11,11,25
870,11,11,25
871,11,11,25
872,11,11,24
873,11,11,25
874,11,11,25
875,11,11,25
876,11,11,25
877,11,11,25
878,11,11,25
879,11,11,25
880,11,11,24
881,11,11,25
882,11,11,25
883,11,11,25
884,11,11,25
885,11,11,25
886,11,11,25
887,11,11,25
888,11,11,25
889,11,11,25
890,11,11,25
891,11,11,25
892,11,11,25
893,11,11,25
894,11,11,25
895,11,11,25
896,11,11,25
897,11,11,25
898,11,11,25
899,11,11,25
900,11,11,25
901,11,11,25
902,11,11,25
903,11,11,25
904,11,11,25
905,11,11,25
906,11,11,25
907,11,11,25
908,11,11,25
909,11,11,25
910,11,11,25
911,11,11,24
912,11,11,25
913,11,11,25
914,11,11,25
915,11,11,25
916,11,11,25
917,11,11,25
918,11,11,25
919,11,11,25
920,11,11,25
921,11,11,25
922,11,11,25
923,11,11,25
924,11,11,25
925,11,11,25
926,11,11,25
927,11,11,25
928,11,11,25
929,11,11,25
930,11,11,24
931,11,11,25
932,11,11,24
933,11,11,25
934,11,11,25
935,11,11,25
936,11,11,25
937,11,11,25
938,11,11,25
939,11,11,25
940,11,11,25
941,11,11,25
942,11,11,25
943,11,11,25
944,11,11,25
945,11,11,25
946,11,11,24
947,11,11,25
948,11,11,25
949,11,11,25
950,11,11,25
951,11,11,25
952,11,11,25
953,11,11,25
954,11,11,25
955,11,11,25
956,11,11,25
957,11,11,25
958,11,11,25
959,11,11,25
960,11,11,25
961,11,11,25
962,11,11,25
963,11,11,24
964,11,11,25
965,11,11,25
966,11,11,25
967,11,11,25
968,11,11,24
969,11,11,25
970,11,11,25
971,11,11,25
972,11,11,25
973,11,11,25
974,11,11,25
975,11,11,25
976,11,11,25
977,11,11,25
978,11,11,25
979,11,11,25
980,11,11,25
981,11,11,25
982,11,11,25
983,11,11,25
984,11,11,25
985,11,11,25
986,11,11,25
987,11,11,25
988,11,11,25
989,11,11,25
990,11,11,25
991,11,11,25
992,11,11,25
993,11,11,25
994,11,11,25
995,11,11,25
996,11,11,25
997,11,11,25
998,11,11,25
999,11,11,25
1000,11,11,25
1001,11,11,25
1002,11,11,25
1003,11,11,25
1004,11,11,25
1005,11,11,25
1006,11,11,25
1007,11,11,25
1008,11,11,25
1009,11,11,25
1010,11,11,25
1011,11,11,25
1012,11,11,24
1013,11,11,25
1014,11,11,25
1015,11,11,25
1016,11,11,25
1017,11,11,25
1018,11,11,25
1019,11,11,25
1020,11,11,25
1021,11,11,25
1022,11,11,25
1023,11,11,25
1024,11,11,25
1025,11,11,25
1026,11,11,25
1027,11,11,25
1028,11,11,25
1029,11,11,25
1030,11,11,25
1031,11,11,25
1032,11,11,25
1033,11,11,25
1034,11,11,25
1035,11,11,25
1036,11,11,25
1037,11,11,25
1038,11,11,25
1039,11,11,24
1040,11,11,25
1041,11,11,25
1042,11,11,25
1043,11,11,25
1044,11,11,25
1045,11,11,25
1046,11,11,25
1047,11,11,25
1048,11,11,25
1049,11,11,25
1050,11,11,25
1051,11,11,25
1052,11,11,25
1053,11,11,25
1054,11,11,25
1055,11,11,25
1056,11,11,25
1057,11,11,25
1058,11,11,25
1059,11,11,25
1060,11,11,25
1061,11,11,25
1062,11,11,25
1063,11,11,25
1064,11,11,25
1065,11,11,25
1066,11,11,25
1067,11,11,25
1068,11,11,25
1069,11,11,25
1070,11,11,25
1071,11,11,25
1072,11,11,25
1073,11,11,25
1074,11,11,25
1075,11,11,24
1076,11,11,25
1077,11,11,25
1078,11,11,25
1079,11,11,25
1080,11,11,25
1081,11,11,25
1082,11,11,25
1083,11,11,25
1084,11,11,25
1085,11,11,25
1086,11,11,25
1087,11,11,25
1088,11,11,25
1089,11,11,25
1090,11,11,25
1091,11,11,25
1092,11,11,25
1093,11,11,25
1094,11,11,25
1095,11,11,25
1096,11,11,25
1097,11,11,25
1098,11,11,25
1099,11,11,25
1100,11,11,25
1101,11,11,25
1102,11,11,25
1103,11,11,25
1104,11,11,25
1105,11,11,25
1106,11,11,25
1107,11,11,25
1108,11,11,25
1109,11,11,25
1110,11,11,25
1111,11,11,25
1112,11,11,25
1113,11,11,25
1114,11,11,25
1115,11,11,25
1116,11,11,25
1117,11,11,25
1118,11,11,25
1119,11,11,25
1120,11,11,25
1121,11,11,25
1122,11,11,25
1123,11,11,25
1124,11,11,25
1125,11,11,25
1126,11,11,25
1127,11,11,25
1128,11,11,25
1129,11,11,25
1130,11,11,25
1131,11,11,25
1132,11,11,24
1133,11,11,25
1134,11,11,25
1135,11,11,25
1136,11,11,25
1137,11,11,25
1138,11,11,24
1139,11,11,24
1140,11,11,24
1141,11,11,25
1142,11,11,25
1143,11,11,25
1144,11,11,25
1145,11,11,25
1146,11,11,25
1147,11,11,25
1148,11,11,25
1149,11,11,25
1150,11,11,25
1151,11,11,25
1152,11,11,25
1153,11,11,24
1154,11,11,25
1155,11,11,25
1156,11,11,25
1157,11,11,25
1158,11,11,25
1159,11,11,25
1160,11,11,25
1161,11,11,25
1162,11,11,25
1163,11,11,25
1164,11,11,25
1165,11,11,25
1166,11,11,25
1167,11,11,25
1168,11,11,25
1169,11,11,25
1170,11,11,25
1171,11,11,25
1172,11,11,25
1173,11,11,25
1174,11,11,25
1175,11,11,25
1176,11,11,25
1177,11,11,25
1178,11,11,25
1179,11,11,25
1180,11,11,25
1181,11,11,25
1182,11,11,24
1183,11,11,25
1184,11,11,25
1185,11,11,25
1186,11,11,25
1187,11,11,25
1188,11,11,25
1189,11,11,25
1190,11,11,24
1191,11,11,25
1192,11,11,25
1193,11,11,25
1194,11,11,25
1195,11,11,25
1196,11,11,25
1197,11,11,25
1198,11,11,25
1199,11,11,25
1200,11,11,25
1201,11,11,25
1202,11,11,25
1203,11,11,25
1204,11,11,25
1205,11,11,25
1206,11,11,25
1207,11,11,25
1208,11,11,25
1209,11,11,25
1210,11,11,25
1211,11,11,25
1212,11,11,25
1213,11,11,25
1214,11,11,25
1215,11,11,25
1216,11,11,25
1217,11,11,25
1218,11,11,25
1219,11,11,25
1220,11,11,25
1221,11,11,25
1222,11,11,25
1223,11,11,25
1224,11,11,25
1225,11,11,25
1226,11,11,25
1227,11,11,25
1228,11,11,25
1229,11,11,25
1230,11,11,25
1231,11,11,25
1232,11,11,25
1233,11,11,25
1234,11,11,25
1235,11,11,25
1236,11,11,25
1237,11,11,25
1238,11,11,25
1239,11,11,25
1240,11,11,25
1241,11,11,25
1242,11,11,25
1243,11,11,25
1244,11,11,25
1245,11,11,25
1246,11,11,25
1247,11,11,25
1248,11,11,25
1249,11,11,25
1250,11,11,25
1251,11,11,25
1252,11,11,25
1253,11,11,25
1254,11,11,25
1255,11,11,25
1256,11,11,25
1257,11,11,25
1258,11,11,25
1259,11,11,25
1260,11,11,25
1261,11,11,25
1262,11,11,25
1263,11,11,25
1264,11,11,25
1265,11,11,25
1266,11,11,25
1267,11,11,25
1268,11,11,25
1269,11,11,25
1270,11,11,25
1271,11,11,25
1272,11,11,25
1273,11,11,25
1274,11,11,25
1275,11,11,25
1276,11,11,25
1277,11,11,25
1278,11,11,25
1279,11,11,25
1280,11,11,24
1281,11,11,24
1282,11,11,25
1283,11,11,25
1284,11,11,25
1285,11,11,25
1286,11,11,25
1287,11,11,25
1288,11,11,25
1289,11,11,25
1290,11,11,25
1291,11,11,25
1292,11,11,25
1293,11,11,25
1294,11,11,25
1295,11,11,25
1296,11,11,25
1297,11,11,25
1298,11,11,25
1299,11,11,25
1300,11,11,25
1301,11,11,25
1302,11,11,25
1303,11,11,25
1304,11,11,25
1305,11,11,25
1306,11,11,25
1307,11,11,25
1308,11,11,25
1309,11,11,25
1310,11,11,25
1311,11,11,25
1312,11,11,25
1313,11,11,25
1314,11,11,25
1315,11,11,25
1316,11,11,25
1317,11,11,25
1318,11,11,25
1319,11,11,25
1320,11,11,25
1321,11,11,25
1322,11,11,25
1323,11,11,24
1324,11,11,25
1325,11,11,25
1326,11,11,25
1327,11,11,25
1328,11,11,25
1329,11,11,25
1330,11,11,25
1331,11,11,25
1332,11,11,25
1333,11,11,25
1334,11,11,25
1335,11,11,25
1336,11,11,25
1337,11,11,25
1338,11,11,25
1339,11,11,25
1340,11,11,25
1341,11,11,25
1342,11,11,25
1343,11,11,25
1344,11,11,25
1345,11,11,25
1346,11,11,25
1347,11,11,25
1348,11,11,25
1349,11,11,25
1350,11,11,25
1351,11,11,24
1352,11,11,25
1353,11,11,25
1354,11,11,25
1355,11,11,25
1356,11,11,25
1357,11,11,25
1358,11,11,25
1359,11,11,25
1360,11,11,25
1361,11,11,25
1362,11,11,25
1363,11,11,24
1364,11,11,25
1365,11,11,25
1366,11,11,25
1367,11,11,25
1368,11,11,25
1369,11,11,25
1370,11,11,25
1371,11,11,25
1372,11,11,25
1373,11,11,25
1374,11,11,25
1375,11,11,25
1376,11,11,25
1377,11,11,25
1378,11,11,25
1379,11,11,25
1380,11,11,25
1381,11,11,25
1382,11,11,25
1383,11,11,25
1384,11,11,25
1385,11,11,25
1386,11,11,25
1387,11,11,25
1388,11,11,25
1389,11,11,25
1390,11,11,25
1391,11,11,25
1392,11,11,25
1393,11,11,25
1394,11,11,25
1395,11,11,25
1396,11,11,25
1397,11,11,25
1398,11,11,25
1399,11,11,25
1400,11,11,25
1401,11,11,25
1402,11,11,25
1403,11,11,25
1404,11,11,25
1405,11,11,25
1406,11,11,25
1407,11,11,25
1408,11,11,25
1409,11,11,25
1410,11,11,25
1411,11,11,25
1412,11,11,25
1413,11,11,25
1414,11,11,25
1415,11,11,25
1416,11,11,25
1417,11,11,25
1418,11,11,25
1419,11,11,25
1420,11,11,24
1421,11,11,25
1422,11,11,25
1423,11,11,25
1424,11,11,25
1425,11,11,25
1426,11,11,25
1427,11,11,25
1428,11,11,25
1429,11,11,25
1430,11,11,25
1431,11,11,25
1432,11,11,25
1433,11,11,25
1434,11,11,25
1435,11,11,25
1436,11,11,25
1437,11,11,25
1438,11,11,25
1439,11,11,25
1440,11,11,25
1441,11,11,25
1442,11,11,25
1443,11,11,25
1444,11,11,25
1445,11,11,25
1446,11,11,25
1447,11,11,25
1448,11,11,25
1449,11,11,25
1450,11,11,25
1451,11,11,25
1452,11,11,25
1453,11,11,25
1454,11,11,25
1455,11,11,25
1456,11,11,25
1457,11,11,25
1458,11,11,25
1459,11,11,25
1460,11,11,25
1461,11,11,25
1462,11,11,23
1463,11,11,24
1464,11,11,25
1465,11,11,25
1466,11,11,25
1467,11,11,25
1468,11,11,25
1469,11,11,25
1470,11,11,25
1471,11,11,25
1472,11,11,25
1473,11,11,25
1474,11,11,25
1475,11,11,25
1476,11,11,25
1477,11,11,25
1478,11,11,24
1479,11,11,25
1480,11,11,25
1481,11,11,25
1482,11,11,25
1483,11,11,25
1484,11,11,25
1485,11,11,25
1486,11,11,25
1487,11,11,25
1488,11,11,25
1489,11,11,25
1490,11,11,25
1491,11,11,25
1492,11,11,24
1493,11,11,24
1494,11,11,25
1495,11,11,25
1496,11,11,24
1497,11,11,25
1498,11,11,25
1499,11,11,25
1500,11,11,25
1501,11,11,25
1502,11,11,25
1503,11,11,25
1504,11,11,25
1505,11,11,25
1506,11,11,25
1507,11,11,25
1508,11,11,25
1509,11,11,25
1510,11,11,25
1511,11,11,25
1512,11,11,25
1513,11,11,24
1514,11,11,25
1515,11,11,25
1516,11,11,25
1517,11,11,25
1518,11,11,25
1519,11,11,25
1520,11,11,25
1521,11,11,25
1522,11,11,25
1523,11,11,25
1524,11,11,25
1525,11,11,25
1526,11,11,25
1527,11,11,25
1528,11,11,25
1529,11,11,25
1530,11,11,25
1531,11,11,25
1532,11,11,25
1533,11,11,25
1534,11,11,25
1535,11,11,25
1536,11,11,25
1537,11,11,25
1538,11,11,25
1539,11,11,25
1540,11,11,25
1541,11,11,25
1542,11,11,25
1543,11,11,25
1544,11,11,25
1545,11,11,25
1546,11,11,25
1547,11,11,25
1548,11,11,25
1549,11,11,24
1550,11,11,25
1551,11,11,25
1552,11,11,25
1553,11,11,25
1554,11,11,25
1555,11,11,25
1556,11,11,25
1557,11,11,25
1558,11,11,25
1559,11,11,25
1560,11,11,25
1561,11,11,25
1562,11,11,25
1563,11,11,25
1564,11,11,25
1565,11,11,25
1566,11,11,25
1567,11,11,25
1568,11,11,25
1569,11,11,25
1570,11,11,25
1571,11,11,25
1572,11,11,25
1573,11,11,25
1574,11,11,25
1575,11,11,25
1576,11,11,25
1577,11,11,25
1578,11,11,25
1579,11,11,25
1580,11,11,25
1581,11,11,25
1582,11,11,25
1583,11,11,25
1584,11,11,25
1585,11,11,25
1586,11,11,25
1587,11,11,25
1588,11,11,25
1589,11,11,25
1590,11,11,25
1591,11,11,25
1592,11,11,25
1593,11,11,25
1594,11,11,25
1595,11,11,25
1596,11,11,24
1597,11,11,25
1598,11,11,25
1599,11,11,25
1600,11,11,25
1601,11,11,25
1602,11,11,25
1603,11,11,25
1604,11,11,25
1605,11,11,25
1606,11,11,25
1607,11,11,25
1608,11,11,25
1609,11,11,25
1610,11,11,25
1611,11,11,25
1612,11,11,25
1613,11,11,25
1614,11,11,25
1615,11,11,25
1616,11,11,25
1617,11,11,25
1618,11,11,25
1619,11,11,25
1620,11,11,25
1621,11,11,25
1622,11,11,25
1623,11,11,25
1624,11,11,25
1625,11,11,25
1626,11,11,25
1627,11,11,25
1628,11,11,24
1629,11,11,25
1630,11,11,25
1631,11,11,25
1632,11,11,25
1633,11,11,25
1634,11,11,25
1635,11,11,25
1636,11,11,25
1637,11,11,25
1638,11,11,25
1639,11,11,25
1640,11,11,25
1641,11,11,25
1642,11,11,25
1643,11,11,25
1644,11,11,25
1645,11,11,25
1646,11,11,24
1647,11,11,25
1648,11,11,25
1649,11,11,25
1650,11,11,25
1651,11,11,25
1652,11,11,25
1653,11,11,25
1654,11,11,25
1655,11,11,25
1656,11,11,25
1657,11,11,25
1658,11,11,25
1659,11,11,25
1660,11,11,25
1661,11,11,25
1662,11,11,25
1663,11,11,25
1664,11,11,24
1665,11,11,25
1666,11,11,25
1667,11,11,25
1668,11,11,25
1669,11,11,25
1670,11,11,25
1671,11,11,25
1672,11,11,25
1673,11,11,25
1674,11,11,25
1675,11,11,25
1676,11,11,25
1677,11,11,25
1678,11,11,25
1679,11,11,24
1680,11,11,25
1681,11,11,25
1682,11,11,25
1683,11,11,25
1684,11,11,25
1685,11,11,24
1686,11,11,24
1687,11,11,24
1688,11,11,25
1689,11,11,25
1690,11,11,25
1691,11,11,25
1692,11,11,25
1693,11,11,25
1694,11,11,25
1695,11,11,25
1696,11,11,25
1697,11,11,25
1698,11,11,25
1699,11,11,25
1700,11,11,25
1701,11,11,25
1702,11,11,25
1703,11,11,25
1704,11,11,25
1705,11,11,25
1706,11,11,24
1707,11,11,25
1708,11,11,25
1709,11,11,25
1710,11,11,25
1711,11,11,25
1712,11,11,25
1713,11,11,25
1714,11,11,25
1715,11,11,25
1716,11,11,25
1717,11,11,25
1718,11,11,25
1719,11,11,25
1720,11,11,25
1721,11,11,25
1722,11,11,25
1723,11,11,25
1724,11,11,25
1725,11,11,25
1726,11,11,25
1727,11,11,25
1728,11,11,25
1729,11,11,25
1730,11,11,25
1731,11,11,25
1732,11,11,25
1733,11,11,25
1734,11,11,25
1735,11,11,25
1736,11,11,25
1737,11,11,25
1738,11,11,25
1739,11,11,25
1740,11,11,25
1741,11,11,25
1742,11,11,25
1743,11,11,25
1744,11,11,25
1745,11,11,25
1746,11,11,25
1747,11,11,23
1748,11,11,25
1749,11,11,24
1750,11,11,25
1751,11,11,25
1752,11,11,25
1753,11,11,25
1754,11,11,25
1755,11,11,25
1756,11,11,25
1757,11,11,25
1758,11,11,25
1759,11,11,25
1760,11,11,25
1761,11,11,25
1762,11,11,25
1763,11,11,25
1764,11,11,25
1765,11,11,25
1766,11,11,25
1767,11,11,25
1768,11,11,25
1769,11,11,25
1770,11,11,25
1771,11,11,25
1772,11,11,25
1773,11,11,25
1774,11,11,24
1775,11,11,25
1776,11,11,25
1777,11,11,25
1778,11,11,25
1779,11,11,25
1780,11,11,25
1781,11,11,25
1782,11,11,25
1783,11,11,25
1784,11,11,25
1785,11,11,25
1786,11,11,25
1787,11,11,25
1788,11,11,25
1789,11,11,25
1790,11,11,25
1791,11,11,25
1792,11,11,25
1793,11,11,25
1794,11,11,25
1795,11,11,25
1796,11,11,25
1797,11,11,25
1798,11,11,25
1799,11,11,25
1800,11,11,25
1801,11,11,25
1802,11,11,25
1803,11,11,25
1804,11,11,25
1805,11,11,25
1806,11,11,25
1807,11,11,25
1808,11,11,25
1809,11,11,25
1810,11,11,25
1811,11,11,25
1812,11,11,25
1813,11,11,25
1814,11,11,25
1815,11,11,24
1816,11,11,25
1817,11,11,25
1818,11,11,25
1819,11,11,25
1820,11,11,25
1821,11,11,25
1822,11,11,25
1823,11,11,25
1824,11,11,25
1825,11,11,25
1826,11,11,25
1827,11,11,25
1828,11,11,25
1829,11,11,25
1830,11,11,25
1831,11,11,25
1832,11,11,25
1833,11,11,25
1834,11,11,25
1835,11,11,25
1836,11,11,25
1837,11,11,25
1838,11,11,25
1839,11,11,25
1840,11,11,25
1841,11,11,25
1842,11,11,25
1843,11,11,25
1844,11,11,25
1845,11,11,25
1846,11,11,25
1847,12,12,26
1848,12,12,30
1849,12,12,30
1850,12,12,30
1851,12,12,30
1852,12,12,30
1853,12,12,30
1854,12,12,30
1855,12,12,30
1856,12,12,30
1857,12,12,30
1858,12,12,30
1859,12,12,30
1860,12,12,30
1861,12,12,30
1862,12,12,30
1863,12,12,30
1864,12,12,30
1865,12,12,30
1866,12,12,30
1867,12,12,30
1868,12,12,30
1869,12,12,30
1870,12,12,30
1871,12,12,30
1872,12,12,30
1873,12,12,30
1874,12,12,30
1875,12,12,30
1876,12,12,30
1877,12,12,30
1878,12,12,30
1879,12,12,30
1880,12,12,30
1881,12,12,30
1882,12,12,30
1883,12,12,30
1884,12,12,30
1885,12,12,30
1886,12,12,30
1887,12,12,30
1888,12,12,30
1889,12,12,30
1890,12,12,30
1891,12,12,30
1892,12,12,30
1893,12,12,30
1894,12,12,30
1895,12,12,30
1896,12,12,30
1897,12,12,30
1898,12,12,30
1899,12,12,30
1900,12,12,30
1901,12,12,30
1902,12,12,30
1903,12,12,30
1904,12,12,30
1905,12,12,30
1906,12,12,30
1907,12,12,30
1908,12,12,30
1909,12,12,30
1910,12,12,30
1911,12,12,30
1912,12,12,30
1913,12,12,30
1914,12,12,30
1915,12,12,30
1916,12,12,30
1917,12,12,30
1918,12,12,30
1919,12,12,30
1920,12,12,30
1921,12,12,30
1922,12,12,30
1923,12,12,30
1924,12,12,30
1925,12,12,30
1926,12,12,30
1927,12,12,30
1928,12,12,30
1929,12,12,30
1930,12,12,30
1931,12,12,30
1932,12,12,30
1933,12,12,30
1934,12,12,30
1935,12,12,30
1936,12,12,30
1937,12,12,30
1938,12,12,30
1939,12,12,30
1940,12,12,30
1941,12,12,30
1942,12,12,30
1943,12,12,30
1944,12,12,30
1945,12,12,30
1946,12,12,30
1947,12,12,30
1948,12,12,30
1949,12,12,30
1950,12,12,30
1951,12,12,30
1952,12,12,30
1953,12,12,30
1954,12,12,30
1955,12,12,30
1956,12,12,30
1957,12,12,30
1958,12,12,30
1959,12,12,30
1960,12,12,30
1961,12,12,30
1962,12,12,30
1963,12,12,30
1964,12,12,30
1965,12,12,30
1966,12,12,30
1967,12,12,30
1968,12,12,30
1969,12,12,30
1970,12,12,30
1971,12,12,30
1972,12,12,30
1973,12,12,30
1974,12,12,30
1975,12,12,29
1976,12,12,30
1977,12,12,30
1978,12,12,30
1979,12,12,30
1980,12,12,30
1981,12,12,30
1982,12,12,30
1983,12,12,30
1984,12,12,30
1985,12,12,30
1986,12,12,30
1987,12,12,30
1988,12,12,30
1989,12,12,30
1990,12,12,30
1991,12,12,30
1992,12,12,30
1993,12,12,30
1994,12,12,30
1995,12,12,30
1996,12,12,30
1997,12,12,30
1998,12,12,30
1999,12,12,30
