0,0,0,0
1,1,0,0
2,0,0,0
3,0,0,0
4,0,0,0
5,0,0,0
6,1,0,0
7,1,0,0
8,1,0,0
9,0,0,0
10,0,0,0
11,0,0,0
12,0,0,0
13,1,0,0
14,0,0,0
15,1,0,0
16,1,0,0
17,1,0,0
18,1,0,0
19,2,0,0
20,2,0,0
21,2,0,0
22,2,0,0
23,2,0,0
24,2,0,0
25,2,0,0
26,2,0,0
27,2,0,0
28,2,0,0
29,2,2,1
30,3,0,0
31,2,0,0
32,2,0,0
33,2,0,0
34,2,2,1
35,2,2,1
36,2,0,0
37,2,0,0
38,2,0,0
39,2,0,0
40,3,0,0
41,2,0,0
42,2,0,0
43,2,0,0
44,2,0,0
45,2,0,0
46,2,0,0
47,2,0,0
48,2,0,0
49,2,0,0
50,2,0,0
51,2,0,0
52,2,0,0
53,3,0,0
54,2,0,0
55,2,0,0
56,2,0,0
57,3,2,1
58,3,0,0
59,3,0,0
60,4,2,1
61,4,0,0
62,4,2,1
63,4,3,2
64,4,2,1
65,4,2,1
66,4,2,1
67,4,2,1
68,4,2,1
69,4,2,1
70,4,0,0
71,4,0,0
72,3,2,1
73,3,0,0
74,3,0,0
75,3,0,0
76,3,0,0
77,3,0,0
78,3,0,0
79,3,0,0
80,3,0,0
81,3,0,0
82,3,0,0
83,3,0,0
84,4,0,0
85,3,0,0
86,3,0,0
87,3,0,0
88,3,0,0
89,3,2,1
90,2,0,0
91,1,0,0
92,1,0,0
93,1,0,0
94,1,0,0
95,1,0,0
96,1,0,0
97,1,0,0
98,3,0,0
99,1,0,0
100,2,0,0
101,2,0,0
102,2,0,0
103,2,0,0
104,2,0,0
105,2,0,0
106,3,0,0
107,2,0,0
108,2,0,0
109,2,0,0
110,2,0,0
111,2,0,0
112,2,0,0
113,2,0,0
114,2,0,0
115,3,0,0
116,3,0,0
117,3,0,0
118,4,0,0
119,4,0,0
120,3,0,0
121,3,0,0
122,3,2,1
123,3,0,0
124,3,0,0
125,3,0,0
126,3,0,0
127,3,0,0
128,3,0,0
129,3,0,0
130,3,0,0
131,3,0,0
132,3,0,0
133,3,0,0
134,3,0,0
135,3,2,1
136,3,0,0
137,3,0,0
138,3,0,0
139,2,0,0
140,2,0,0
141,2,0,0
142,2,0,0
143,2,0,0
144,2,0,0
145,2,0,0
146,2,0,0
147,2,0,0
148,2,0,0
149,2,0,0
150,2,0,0
151,2,0,0
152,2,0,0
153,3,0,0
154,2,0,0
155,2,0,0
156,3,0,0
157,3,0,0
158,1,0,0
159,3,0,0
160,3,0,0
161,3,0,0
162,3,0,0
163,3,0,0
164,4,0,0
165,3,0,0
166,2,0,0
167,3,0,0
168,3,2,1
169,3,0,0
170,3,0,0
171,2,0,0
172,2,0,0
173,2,0,0
174,2,0,0
175,3,0,0
176,3,0,0
177,3,0,0
178,3,2,1
179,3,0,0
180,3,0,0
181,3,0,0
182,4,0,0
183,2,0,0
184,4,0,0
185,3,0,0
186,4,0,0
187,3,0,0
188,2,2,1
189,3,0,0
190,2,0,0
191,2,0,0
192,2,0,0
193,2,0,0
194,2,2,1
195,2,0,0
196,2,0,0
197,2,0,0
198,2,0,0
199,2,0,0
200,2,0,0
201,1,0,0
202,1,0,0
203,2,0,0
204,2,0,0
205,2,0,0
206,2,0,0
207,2,0,0
208,2,0,0
209,2,0,0
210,2,0,0
211,2,0,0
212,2,0,0
213,2,0,0
214,2,0,0
215,2,0,0
216,2,0,0
217,2,0,0
218,2,0,0
219,2,0,0
220,2,0,0
221,2,0,0
222,2,0,0
223,2,0,0
224,3,0,0
225,2,0,0
226,2,0,0
227,2,0,0
228,2,0,0
229,2,0,0
230,1,0,0
231,1,0,0
232,1,0,0
233,1,0,0
234,0,0,0
235,0,0,0
236,0,0,0
237,0,0,0
238,0,0,0
239,1,0,0
240,1,0,0
241,1,0,0
242,1,0,0
243,1,0,0
244,1,0,0
245,2,0,0
246,2,0,0
247,1,0,0
248,1,0,0
249,1,0,0
250,1,0,0
251,1,0,0
252,1,0,0
253,2,0,0
254,1,0,0
255,0,0,0
256,0,0,0
257,0,0,0
258,1,0,0
259,1,0,0
260,2,0,0
261,2,0,0
262,2,0,0
263,2,0,0
264,2,0,0
265,3,0,0
266,2,0,0
267,2,0,0
268,3,0,0
269,3,0,0
270,3,0,0
271,3,0,0
272,2,0,0
273,2,0,0
274,2,0,0
275,2,0,0
276,2,0,0
277,2,0,0
278,2,0,0
279,2,0,0
280,2,0,0
281,2,0,0
282,0,0,0
283,0,0,0
284,0,0,0
285,1,0,0
286,1,0,0
287,0,0,0
288,1,0,0
289,1,0,0
290,1,0,0
291,2,0,0
292,3,0,0
293,2,0,0
294,2,0,0
295,2,0,0
296,2,0,0
297,2,0,0
298,1,0,0
299,2,0,0
300,2,0,0
301,2,0,0
302,2,0,0
303,2,0,0
304,2,0,0
305,2,0,0
306,2,0,0
307,2,0,0
308,2,0,0
309,2,0,0
310,2,0,0
311,2,0,0
312,2,0,0
313,2,0,0
314,2,0,0
315,2,0,0
316,3,0,0
317,3,0,0
318,2,0,0
319,2,0,0
320,2,0,0
321,3,2,1
322,3,0,0
323,3,0,0
324,3,0,0
325,3,0,0
326,3,0,0
327,4,0,0
328,3,0,0
329,4,0,0
330,4,0,0
331,3,0,0
332,3,0,0
333,4,0,0
334,5,0,0
335,4,0,0
336,4,0,0
337,3,0,0
338,3,0,0
339,2,0,0
340,2,0,0
341,2,0,0
342,2,0,0
343,2,0,0
344,2,0,0
345,2,0,0
346,2,0,0
347,2,0,0
348,2,0,0
349,3,0,0
350,3,0,0
351,2,0,0
352,2,0,0
353,2,0,0
354,2,0,0
355,3,0,0
356,3,0,0
357,3,0,0
358,3,0,0
359,3,0,0
360,3,0,0
361,3,0,0
362,3,0,0
363,3,2,1
364,3,0,0
365,3,0,0
366,3,0,0
367,2,0,0
368,2,0,0
369,2,0,0
370,3,0,0
371,3,2,1
372,2,0,0
373,2,0,0
374,2,0,0
375,1,0,0
376,2,0,0
377,2,0,0
378,2,0,0
379,2,0,0
380,2,0,0
381,2,0,0
382,2,0,0
383,2,0,0
384,2,0,0
385,2,0,0
386,3,0,0
387,2,0,0
388,2,0,0
389,2,0,0
390,2,0,0
391,2,0,0
392,2,0,0
393,2,0,0
394,2,0,0
395,2,0,0
396,2,0,0
397,2,0,0
398,2,0,0
399,2,2,1
400,2,0,0
401,2,0,0
402,2,2,1
403,2,0,0
404,2,0,0
405,2,0,0
406,2,0,0
407,1,0,0
408,1,0,0
409,1,0,0
410,2,0,0
411,1,0,0
412,1,0,0
413,3,0,0
414,2,0,0
415,2,0,0
416,2,0,0
417,2,0,0
418,2,0,0
419,2,0,0
420,2,0,0
421,2,0,0
422,2,0,0
423,2,0,0
424,2,0,0
425,2,0,0
426,2,0,0
427,2,0,0
428,2,0,0
429,2,0,0
430,2,0,0
431,2,0,0
432,2,0,0
433,3,0,0
434,2,0,0
435,2,0,0
436,2,0,0
437,2,0,0
438,2,0,0
439,2,0,0
440,2,0,0
441,2,0,0
442,1,0,0
443,1,0,0
444,2,0,0
445,2,0,0
446,2,0,0
447,2,0,0
448,3,0,0
449,2,0,0
450,2,0,0
451,2,0,0
452,2,0,0
453,2,0,0
454,2,0,0
455,2,0,0
456,1,0,0
457,1,0,0
458,1,0,0
459,1,0,0
460,2,0,0
461,1,0,0
462,2,0,0
463,1,0,0
464,1,0,0
465,1,0,0
466,1,0,0
467,1,0,0
468,1,0,0
469,1,0,0
470,1,0,0
471,1,0,0
472,1,0,0
473,1,0,0
474,1,0,0
475,1,0,0
476,1,0,0
477,3,0,0
478,2,0,0
479,2,0,0
480,2,0,0
481,2,0,0
482,2,0,0
483,2,0,0
484,2,0,0
485,2,0,0
486,2,0,0
487,3,0,0
488,2,0,0
489,2,0,0
490,2,0,0
491,2,0,0
492,2,0,0
493,2,0,0
494,2,0,0
495,2,0,0
496,3,0,0
497,3,0,0
498,2,0,0
499,4,0,0
500,4,0,0
501,3,0,0
502,2,0,0
503,4,0,0
504,4,0,0
505,5,0,0
506,3,2,1
507,4,0,0
508,4,0,0
509,4,0,0
510,3,0,0
511,3,0,0
512,3,0,0
513,3,0,0
514,3,0,0
515,3,0,0
516,3,0,0
517,3,0,0
518,3,0,0
519,3,3,3
520,3,2,1
521,3,0,0
522,3,2,1
523,3,0,0
524,3,0,0
525,3,0,0
526,2,0,0
527,3,0,0
528,2,0,0
529,2,0,0
530,2,0,0
531,2,0,0
532,2,0,0
533,2,0,0
534,2,0,0
535,2,0,0
536,2,0,0
537,2,0,0
538,2,0,0
539,2,0,0
540,2,0,0
541,2,0,0
542,2,0,0
543,2,0,0
544,2,0,0
545,2,0,0
546,1,0,0
547,2,0,0
548,2,0,0
549,2,0,0
550,3,0,0
551,3,0,0
552,3,0,0
553,3,0,0
554,3,0,0
555,3,0,0
556,2,0,0
557,2,2,1
558,2,0,0
559,2,0,0
560,2,0,0
561,2,0,0
562,2,0,0
563,2,0,0
564,2,0,0
565,2,0,0
566,2,0,0
567,2,0,0
568,2,2,1
569,2,0,0
570,2,2,1
571,3,3,2
572,2,0,0
573,2,0,0
574,2,2,1
575,2,0,0
576,2,2,1
577,2,0,0
578,2,0,0
579,2,0,0
580,2,2,1
581,2,0,0
582,3,0,0
583,2,0,0
584,2,2,1
585,3,2,1
586,2,0,0
587,3,0,0
588,3,0,0
589,4,0,0
590,4,0,0
591,4,0,0
592,4,0,0
593,4,0,0
594,4,0,0
595,4,0,0
596,4,0,0
597,3,0,0
598,4,0,0
599,4,0,0
600,4,2,1
601,5,0,0
602,5,0,0
603,3,0,0
604,3,0,0
605,4,0,0
606,3,0,0
607,3,0,0
608,2,0,0
609,2,0,0
610,2,0,0
611,3,0,0
612,3,2,1
613,3,0,0
614,2,0,0
615,2,0,0
616,2,0,0
617,1,0,0
618,2,0,0
619,2,0,0
620,3,0,0
621,3,0,0
622,3,0,0
623,2,0,0
624,3,0,0
625,1,0,0
626,3,2,1
627,2,2,1
628,2,0,0
629,2,0,0
630,2,0,0
631,2,0,0
632,2,0,0
633,1,0,0
634,1,0,0
635,1,0,0
636,1,0,0
637,1,0,0
638,1,0,0
639,2,0,0
640,1,0,0
641,1,0,0
642,1,0,0
643,1,0,0
644,2,0,0
645,1,0,0
646,1,0,0
647,2,0,0
648,2,0,0
649,2,0,0
650,2,0,0
651,3,0,0
652,3,0,0
653,2,0,0
654,2,0,0
655,2,0,0
656,1,0,0
657,1,0,0
658,1,0,0
659,1,0,0
660,2,0,0
661,2,0,0
662,2,0,0
663,1,0,0
664,1,0,0
665,1,0,0
666,1,0,0
667,1,0,0
668,1,0,0
669,1,0,0
670,1,0,0
671,2,0,0
672,1,0,0
673,1,0,0
674,1,0,0
675,1,0,0
676,1,0,0
677,2,0,0
678,1,0,0
679,1,0,0
680,2,0,0
681,1,0,0
682,1,0,0
683,1,0,0
684,2,0,0
685,2,0,0
686,2,2,1
687,1,0,0
688,1,0,0
689,1,0,0
690,1,0,0
691,1,0,0
692,1,0,0
693,1,0,0
694,1,0,0
695,1,0,0
696,1,0,0
697,1,0,0
698,2,0,0
699,2,0,0
700,1,0,0
701,1,0,0
702,1,0,0
703,1,0,0
704,1,0,0
705,0,0,0
706,0,0,0
707,1,0,0
708,1,0,0
709,2,0,0
710,2,0,0
711,2,0,0
712,2,0,0
713,1,0,0
714,2,0,0
715,2,0,0
716,2,0,0
717,2,0,0
718,2,0,0
719,2,0,0
720,2,0,0
721,4,0,0
722,3,0,0
723,3,2,1
724,2,0,0
725,2,0,0
726,2,0,0
727,2,0,0
728,4,0,0
729,3,0,0
730,3,0,0
731,4,0,0
732,3,2,1
733,4,0,0
734,3,0,0
735,4,0,0
736,5,0,0
737,6,0,0
738,4,0,0
739,4,0,0
740,3,0,0
741,3,0,0
742,4,0,0
743,4,0,0
744,4,0,0
745,5,0,0
746,4,0,0
747,4,0,0
748,4,0,0
749,4,0,0
750,5,0,0
751,5,2,1
752,5,2,1
753,3,0,0
754,3,0,0
755,3,0,0
756,3,0,0
757,2,0,0
758,2,0,0
759,2,0,0
760,2,0,0
761,2,0,0
762,2,0,0
763,2,2,1
764,2,2,1
765,3,2,1
766,3,0,0
767,2,0,0
768,2,0,0
769,2,0,0
770,2,0,0
771,2,0,0
772,2,0,0
773,2,0,0
774,3,0,0
775,2,0,0
776,2,0,0
777,2,0,0
778,2,0,0
779,2,0,0
780,1,0,0
781,1,0,0
782,1,0,0
783,1,0,0
784,1,0,0
785,1,0,0
786,1,0,0
787,1,0,0
788,2,0,0
789,1,0,0
790,1,0,0
791,1,0,0
792,1,0,0
793,1,0,0
794,1,0,0
795,1,0,0
796,1,0,0
797,1,0,0
798,1,0,0
799,1,0,0
800,1,0,0
801,1,0,0
802,2,0,0
803,2,0,0
804,2,0,0
805,2,0,0
806,2,0,0
807,2,0,0
808,2,0,0
809,2,0,0
810,2,0,0
811,2,0,0
812,2,0,0
813,2,0,0
814,2,0,0
815,2,0,0
816,2,0,0
817,2,0,0
818,2,0,0
819,2,0,0
820,2,0,0
821,2,0,0
822,2,0,0
823,2,0,0
824,2,0,0
825,2,0,0
826,2,0,0
827,2,0,0
828,2,0,0
829,2,0,0
830,2,0,0
831,2,0,0
832,2,0,0
833,2,0,0
834,2,0,0
835,2,0,0
836,2,0,0
837,2,0,0
838,2,0,0
839,2,0,0
840,2,0,0
841,2,2,1
842,2,0,0
843,2,0,0
844,2,0,0
845,2,0,0
846,2,0,0
847,2,0,0
848,3,0,0
849,3,0,0
850,3,0,0
851,3,0,0
852,3,2,1
853,3,2,1
854,3,0,0
855,3,0,0
856,4,0,0
857,5,0,0
858,5,0,0
859,4,0,0
860,3,0,0
861,4,0,0
862,3,0,0
863,3,0,0
864,3,0,0
865,4,0,0
866,3,0,0
867,3,0,0
868,2,0,0
869,3,0,0
870,3,0,0
871,3,0,0
872,3,0,0
873,3,0,0
874,3,0,0
875,3,2,1
876,3,0,0
877,3,0,0
878,3,0,0
879,2,0,0
880,4,0,0
881,3,0,0
882,3,0,0
883,3,0,0
884,3,0,0
885,3,0,0
886,3,0,0
887,2,0,0
888,2,0,0
889,2,0,0
890,2,0,0
891,1,0,0
892,2,0,0
893,2,0,0
894,2,0,0
895,2,0,0
896,2,0,0
897,2,0,0
898,2,0,0
899,2,0,0
900,2,0,0
901,2,0,0
902,2,0,0
903,2,2,1
904,2,0,0
905,2,0,0
906,2,0,0
907,2,0,0
908,2,0,0
909,2,0,0
910,1,0,0
911,2,0,0
912,2,0,0
913,1,0,0
914,2,0,0
915,1,0,0
916,1,0,0
917,1,0,0
918,3,0,0
919,2,0,0
920,2,0,0
921,2,0,0
922,4,0,0
923,3,0,0
924,3,0,0
925,3,0,0
926,2,0,0
927,3,0,0
928,2,0,0
929,2,0,0
930,3,0,0
931,4,2,1
932,2,0,0
933,2,0,0
934,3,0,0
935,3,0,0
936,3,0,0
937,3,0,0
938,3,0,0
939,3,0,0
940,3,0,0
941,3,0,0
942,3,2,1
943,3,0,0
944,3,0,0
945,3,0,0
946,3,0,0
947,3,0,0
948,3,0,0
949,4,0,0
950,5,0,0
951,4,0,0
952,4,0,0
953,4,2,1
954,4,2,1
955,4,2,1
956,4,0,0
957,4,2,1
958,4,0,0
959,4,2,1
960,4,2,1
961,4,2,1
962,4,0,0
963,3,2,1
964,3,2,1
965,2,0,0
966,3,0,0
967,3,0,0
968,3,0,0
969,3,0,0
970,3,0,0
971,3,0,0
972,3,2,1
973,3,0,0
974,3,0,0
975,3,0,0
976,3,2,1
977,3,2,1
978,2,0,0
979,3,2,1
980,3,0,0
981,3,0,0
982,3,0,0
983,3,0,0
984,3,0,0
985,2,0,0
986,2,0,0
987,2,0,0
988,2,0,0
989,2,0,0
990,2,0,0
991,2,0,0
992,1,0,0
993,1,0,0
994,1,0,0
995,1,0,0
996,1,0,0
997,1,0,0
998,0,0,0
999,0,0,0
1000,0,0,0
1001,1,0,0
1002,1,0,0
1003,0,0,0
1004,0,0,0
1005,0,0,0
1006,0,0,0
1007,1,0,0
1008,1,0,0
1009,2,0,0
1010,1,0,0
1011,1,0,0
1012,1,0,0
1013,1,0,0
1014,1,0,0
1015,1,0,0
1016,1,0,0
1017,2,0,0
1018,2,0,0
1019,2,0,0
1020,1,0,0
1021,1,0,0
1022,1,0,0
1023,2,0,0
1024,2,0,0
1025,2,0,0
1026,2,0,0
1027,2,0,0
1028,1,0,0
1029,1,0,0
1030,1,0,0
1031,1,0,0
1032,1,0,0
1033,1,0,0
1034,1,0,0
1035,2,0,0
1036,2,0,0
1037,2,0,0
1038,2,0,0
1039,2,0,0
1040,2,0,0
1041,2,0,0
1042,1,0,0
1043,1,0,0
1044,1,0,0
1045,1,0,0
1046,1,0,0
1047,1,0,0
1048,1,0,0
1049,1,0,0
1050,1,0,0
1051,2,0,0
1052,2,0,0
1053,1,0,0
1054,1,0,0
1055,1,0,0
1056,1,0,0
1057,1,0,0
1058,1,0,0
1059,1,0,0
1060,1,0,0
1061,0,0,0
1062,0,0,0
1063,0,0,0
1064,0,0,0
1065,0,0,0
1066,0,0,0
1067,0,0,0
1068,1,0,0
1069,1,0,0
1070,1,0,0
1071,1,0,0
1072,1,0,0
1073,1,0,0
1074,2,0,0
1075,2,0,0
1076,2,0,0
1077,3,0,0
1078,3,0,0
1079,3,0,0
1080,2,0,0
1081,2,0,0
1082,1,0,0
1083,1,0,0
1084,1,0,0
1085,1,0,0
1086,1,0,0
1087,1,0,0
1088,2,0,0
1089,2,0,0
1090,2,0,0
1091,2,0,0
1092,2,0,0
1093,2,0,0
1094,3,0,0
1095,2,0,0
1096,2,0,0
1097,2,0,0
1098,2,0,0
1099,3,0,0
1100,3,0,0
1101,2,0,0
1102,2,0,0
1103,2,0,0
1104,2,0,0
1105,2,0,0
1106,1,0,0
1107,2,0,0
1108,2,0,0
1109,2,0,0
1110,1,0,0
1111,0,0,0
1112,0,0,0
1113,0,0,0
1114,1,0,0
1115,1,0,0
1116,2,0,0
1117,0,0,0
1118,0,0,0
1119,0,0,0
1120,0,0,0
1121,1,0,0
1122,1,0,0
1123,2,0,0
1124,2,0,0
1125,1,0,0
1126,1,0,0
1127,1,0,0
1128,2,0,0
1129,1,0,0
1130,1,0,0
1131,1,0,0
1132,1,0,0
1133,2,0,0
1134,1,0,0
1135,1,0,0
1136,1,0,0
1137,1,0,0
1138,1,0,0
1139,1,0,0
1140,1,0,0
1141,1,0,0
1142,1,0,0
1143,1,0,0
1144,1,0,0
1145,2,0,0
1146,2,0,0
1147,2,0,0
1148,1,0,0
1149,1,0,0
1150,1,0,0
1151,2,0,0
1152,2,0,0
1153,2,0,0
1154,1,0,0
1155,1,0,0
1156,1,0,0
1157,1,0,0
1158,1,0,0
1159,2,0,0
1160,2,0,0
1161,2,0,0
1162,2,0,0
1163,2,0,0
1164,3,2,1
1165,2,2,1
1166,1,0,0
1167,1,0,0
1168,2,0,0
1169,2,0,0
1170,2,0,0
1171,2,0,0
1172,3,0,0
1173,3,0,0
1174,3,0,0
1175,2,0,0
1176,2,0,0
1177,2,0,0
1178,2,0,0
1179,2,0,0
1180,2,0,0
1181,2,0,0
1182,2,0,0
1183,2,0,0
1184,2,0,0
1185,2,0,0
1186,2,0,0
1187,2,0,0
1188,2,0,0
1189,3,0,0
1190,2,0,0
1191,2,0,0
1192,3,0,0
1193,3,0,0
1194,3,0,0
1195,3,0,0
1196,2,0,0
1197,2,0,0
1198,4,0,0
1199,2,0,0
1200,2,0,0
1201,2,0,0
1202,1,0,0
1203,1,0,0
1204,0,0,0
1205,0,0,0
1206,0,0,0
1207,0,0,0
1208,0,0,0
1209,1,0,0
1210,2,0,0
1211,2,0,0
1212,0,0,0
1213,1,0,0
1214,1,0,0
1215,1,0,0
1216,1,0,0
1217,1,0,0
1218,1,0,0
1219,2,0,0
1220,1,0,0
1221,2,0,0
1222,2,0,0
1223,2,0,0
1224,2,0,0
1225,1,0,0
1226,1,0,0
1227,1,0,0
1228,1,0,0
1229,2,0,0
1230,2,0,0
1231,2,0,0
1232,1,0,0
1233,1,0,0
1234,1,0,0
1235,1,0,0
1236,1,0,0
1237,1,0,0
1238,1,0,0
1239,2,0,0
1240,2,0,0
1241,2,0,0
1242,2,0,0
1243,2,0,0
1244,2,0,0
1245,3,0,0
1246,3,0,0
1247,2,0,0
1248,3,2,1
1249,3,2,1
1250,3,2,1
1251,3,2,1
1252,3,3,2
1253,3,0,0
1254,3,3,2
1255,3,2,1
1256,4,3,2
1257,4,3,2
1258,4,3,3
1259,3,2,1
1260,4,3,2
1261,4,0,0
1262,4,0,0
1263,4,2,1
1264,4,2,1
1265,3,2,1
1266,4,2,1
1267,4,2,1
1268,4,0,0
1269,4,0,0
1270,4,0,0
1271,4,0,0
1272,3,0,0
1273,3,0,0
1274,3,0,0
1275,3,0,0
1276,3,0,0
1277,3,0,0
1278,3,0,0
1279,3,0,0
1280,3,0,0
1281,3,0,0
1282,3,0,0
1283,4,0,0
1284,4,0,0
1285,4,0,0
1286,4,0,0
1287,4,0,0
1288,4,0,0
1289,4,0,0
1290,4,0,0
1291,4,0,0
1292,4,0,0
1293,4,2,1
1294,4,2,1
1295,4,2,1
1296,3,0,0
1297,4,0,0
1298,4,0,0
1299,4,0,0
1300,5,0,0
1301,4,0,0
1302,5,0,0
1303,5,2,1
1304,5,0,0
1305,5,0,0
1306,5,3,3
1307,5,3,2
1308,5,5,6
1309,5,5,6
1310,5,5,6
1311,5,4,5
1312,5,5,4
1313,5,5,5
1314,5,5,6
1315,3,3,3
1316,4,4,4
1317,5,5,6
1318,5,5,5
1319,5,3,2
1320,5,3,2
1321,5,3,3
1322,5,3,3
1323,6,3,2
1324,6,3,2
1325,6,3,2
1326,6,3,2
1327,6,3,3
1328,5,3,3
1329,3,2,1
1330,4,3,2
1331,4,3,2
1332,4,3,3
1333,4,3,2
1334,4,3,2
1335,4,0,0
1336,4,0,0
1337,4,0,0
1338,4,0,0
1339,4,0,0
1340,2,0,0
1341,2,0,0
1342,2,0,0
1343,3,0,0
1344,3,0,0
1345,3,2,1
1346,3,0,0
1347,3,2,1
1348,3,2,1
1349,3,2,1
1350,3,2,1
1351,3,2,1
1352,3,0,0
1353,2,0,0
1354,2,0,0
1355,2,0,0
1356,2,0,0
1357,3,0,0
1358,3,0,0
1359,3,0,0
1360,3,0,0
1361,3,0,0
1362,3,0,0
1363,3,0,0
1364,3,2,1
1365,3,2,1
1366,4,0,0
1367,3,0,0
1368,4,0,0
1369,4,0,0
1370,3,0,0
1371,3,0,0
1372,3,0,0
1373,3,0,0
1374,4,0,0
1375,4,0,0
1376,3,0,0
1377,3,0,0
1378,3,0,0
1379,3,0,0
1380,3,0,0
1381,3,0,0
1382,3,2,1
1383,3,0,0
1384,4,0,0
1385,3,0,0
1386,2,0,0
1387,2,0,0
1388,2,0,0
1389,3,0,0
1390,3,0,0
1391,3,0,0
1392,3,0,0
1393,3,0,0
1394,3,0,0
1395,2,0,0
1396,2,0,0
1397,1,0,0
1398,2,0,0
1399,1,0,0
1400,1,0,0
1401,1,0,0
1402,1,0,0
1403,1,0,0
1404,1,0,0
1405,1,0,0
1406,3,0,0
1407,2,0,0
1408,2,0,0
1409,2,0,0
1410,1,0,0
1411,2,0,0
1412,2,0,0
1413,2,0,0
1414,2,0,0
1415,2,0,0
1416,2,0,0
1417,2,0,0
1418,2,0,0
1419,2,0,0
1420,2,0,0
1421,2,0,0
1422,1,0,0
1423,3,0,0
1424,1,0,0
1425,2,0,0
1426,2,0,0
1427,2,0,0
1428,2,0,0
1429,2,0,0
1430,2,0,0
1431,2,0,0
1432,2,0,0
1433,2,0,0
1434,2,0,0
1435,2,0,0
1436,2,0,0
1437,3,0,0
1438,2,0,0
1439,2,0,0
1440,2,0,0
1441,1,0,0
1442,1,0,0
1443,1,0,0
1444,1,0,0
1445,1,0,0
1446,1,0,0
1447,1,0,0
1448,1,0,0
1449,1,0,0
1450,1,0,0
1451,1,0,0
1452,3,0,0
1453,2,2,1
1454,2,0,0
1455,2,0,0
1456,2,0,0
1457,2,2,1
1458,3,0,0
1459,3,0,0
1460,4,0,0
1461,3,0,0
1462,3,0,0
1463,3,0,0
1464,3,2,1
1465,3,2,1
1466,3,2,1
1467,4,0,0
1468,4,0,0
1469,2,2,1
1470,2,0,0
1471,3,0,0
1472,3,0,0
1473,3,0,0
1474,3,0,0
1475,4,0,0
1476,4,0,0
1477,4,0,0
1478,4,0,0
1479,4,0,0
1480,4,0,0
1481,3,0,0
1482,3,0,0
1483,4,0,0
1484,4,0,0
1485,4,0,0
1486,3,0,0
1487,3,0,0
1488,3,0,0
1489,3,0,0
1490,3,0,0
1491,4,0,0
1492,2,0,0
1493,1,0,0
1494,1,0,0
1495,1,0,0
1496,1,0,0
1497,2,0,0
1498,2,0,0
1499,2,0,0
1500,2,0,0
1501,2,0,0
1502,1,0,0
1503,1,0,0
1504,1,0,0
1505,1,0,0
1506,2,0,0
1507,2,0,0
1508,1,0,0
1509,1,0,0
1510,1,0,0
1511,2,0,0
1512,2,0,0
1513,2,0,0
1514,3,0,0
1515,3,0,0
1516,3,2,1
1517,3,2,1
1518,3,0,0
1519,3,0,0
1520,3,0,0
1521,3,0,0
1522,3,0,0
1523,3,0,0
1524,2,0,0
1525,2,0,0
1526,2,0,0
1527,2,0,0
1528,3,0,0
1529,3,0,0
1530,2,0,0
1531,2,0,0
1532,3,0,0
1533,2,0,0
1534,2,0,0
1535,2,0,0
1536,3,0,0
1537,3,0,0
1538,3,2,1
1539,3,2,1
1540,3,2,1
1541,3,2,1
1542,3,3,2
1543,3,3,2
1544,2,0,0
1545,2,0,0
1546,3,3,3
1547,3,3,2
1548,3,3,2
1549,3,3,2
1550,3,3,2
1551,2,2,1
1552,2,2,1
1553,3,3,3
1554,3,3,2
1555,4,3,3
1556,4,3,2
1557,4,3,3
1558,4,3,3
1559,4,3,2
1560,3,2,1
1561,2,0,0
1562,4,3,3
1563,4,4,5
1564,4,4,4
1565,4,4,5
1566,4,4,5
1567,3,3,3
1568,4,4,3
1569,4,4,3
1570,3,2,1
1571,3,2,1
1572,4,3,3
1573,4,3,3
1574,4,3,3
1575,4,4,5
1576,4,4,3
1577,4,4,4
1578,3,3,3
1579,4,4,5
1580,4,4,4
1581,4,4,5
1582,4,4,5
1583,4,4,4
1584,4,4,4
1585,3,3,3
1586,3,3,2
1587,4,4,3
1588,5,4,4
1589,5,4,5
1590,4,4,5
1591,5,4,4
1592,5,4,4
1593,5,2,1
1594,4,0,0
1595,5,4,3
1596,5,4,4
1597,5,4,5
1598,5,4,5
1599,5,4,5
1600,5,4,3
1601,5,4,3
1602,5,4,4
1603,6,4,5
1604,5,4,3
1605,5,4,4
1606,4,4,3
1607,4,4,4
1608,4,4,5
1609,3,3,3
1610,5,4,5
1611,5,4,3
1612,5,4,4
1613,5,4,4
1614,5,5,6
1615,5,4,5
1616,5,4,3
1617,5,4,4
1618,5,4,3
1619,5,4,4
1620,4,3,3
1621,5,4,3
1622,5,4,5
1623,5,4,4
1624,5,3,3
1625,3,2,1
1626,3,0,0
1627,3,3,2
1628,3,3,2
1629,3,2,1
1630,3,2,1
1631,3,2,1
1632,2,0,0
1633,2,0,0
1634,3,0,0
1635,3,0,0
1636,2,0,0
1637,2,0,0
1638,2,0,0
1639,1,0,0
1640,2,0,0
1641,3,0,0
1642,3,0,0
1643,2,0,0
1644,2,0,0
1645,2,0,0
1646,2,0,0
1647,2,0,0
1648,3,0,0
1649,3,0,0
1650,3,0,0
1651,2,0,0
1652,2,0,0
1653,2,0,0
1654,2,0,0
1655,1,0,0
1656,1,0,0
1657,1,0,0
1658,1,0,0
1659,1,0,0
1660,2,0,0
1661,2,0,0
1662,2,0,0
1663,3,0,0
1664,3,0,0
1665,3,0,0
1666,3,0,0
1667,3,0,0
1668,3,0,0
1669,3,2,1
1670,3,0,0
1671,3,2,1
1672,3,2,1
1673,3,0,0
1674,3,0,0
1675,3,0,0
1676,3,0,0
1677,3,0,0
1678,4,3,3
1679,4,3,2
1680,4,4,5
1681,4,4,3
1682,4,4,4
1683,4,4,5
1684,4,4,4
1685,3,3,2
1686,3,3,2
1687,5,2,1
1688,5,2,1
1689,5,3,3
1690,5,3,3
1691,5,3,3
1692,6,4,5
1693,6,4,5
1694,6,4,5
1695,6,5,7
1696,6,6,8
1697,6,6,8
1698,6,6,8
1699,6,6,9
1700,6,6,8
1701,6,6,9
1702,6,6,9
1703,6,6,9
1704,6,6,9
1705,6,6,10
1706,6,6,10
1707,6,6,9
1708,6,6,9
1709,6,6,10
1710,6,6,10
1711,6,6,10
1712,6,6,9
1713,6,6,10
1714,6,6,9
1715,6,6,9
1716,6,6,10
1717,6,6,7
1718,6,6,10
1719,6,6,10
1720,6,6,10
1721,6,6,10
1722,6,6,10
1723,6,6,10
1724,7,6,9
1725,6,6,10
1726,6,6,10
1727,6,6,10
1728,6,6,10
1729,6,6,10
1730,6,6,10
1731,6,6,10
1732,6,6,10
1733,6,6,8
1734,6,6,9
1735,6,6,10
1736,6,6,10
1737,6,6,10
1738,6,6,10
1739,6,6,9
1740,6,6,9
1741,6,6,10
1742,6,6,10
1743,6,6,10
1744,6,6,10
1745,6,6,10
1746,7,6,10
1747,7,6,9
1748,8,6,10
1749,8,7,10
1750,8,7,11
1751,6,6,10
1752,6,6,10
1753,6,6,10
1754,6,6,10
1755,6,6,10
1756,6,6,10
1757,6,6,9
1758,6,6,9
1759,6,6,10
1760,7,6,10
1761,7,6,10
1762,7,6,10
1763,6,6,10
1764,7,6,9
1765,7,6,10
1766,7,6,10
1767,7,6,9
1768,7,6,10
1769,7,6,9
1770,7,6,10
1771,7,6,10
1772,7,6,10
1773,7,6,10
1774,7,6,10
1775,7,6,10
1776,6,6,10
1777,6,6,10
1778,6,6,10
1779,6,6,10
1780,6,6,10
1781,7,6,10
1782,7,7,11
1783,7,6,10
1784,6,6,10
1785,7,6,10
1786,6,6,10
1787,6,6,10
1788,6,6,10
1789,6,6,9
1790,6,6,10
1791,6,6,10
1792,6,6,9
1793,6,6,9
1794,6,6,8
1795,6,6,8
1796,6,6,9
1797,6,6,9
1798,6,6,9
1799,6,6,9
1800,6,6,9
1801,5,5,5
1802,6,6,7
1803,6,6,9
1804,6,6,10
1805,7,6,10
1806,7,6,10
1807,7,6,9
1808,7,6,10
1809,6,6,10
1810,7,6,10
1811,6,6,10
1812,6,6,10
1813,6,6,9
1814,6,6,9
1815,6,6,7
1816,6,6,9
1817,6,6,10
1818,6,6,10
1819,6,6,10
1820,6,6,10
1821,6,6,10
1822,6,6,9
1823,6,6,9
1824,6,6,10
1825,6,6,8
1826,6,6,9
1827,6,6,9
1828,6,6,9
1829,6,6,10
1830,6,6,9
1831,6,6,10
1832,6,6,10
1833,6,6,10
1834,6,6,10
1835,6,6,8
1836,6,6,10
1837,6,6,10
1838,6,6,10
1839,6,6,10
1840,7,6,10
1841,6,6,10
1842,7,6,10
1843,7,6,9
1844,7,6,10
1845,7,6,9
1846,7,6,10
1847,6,6,10
1848,7,6,9
1849,8,6,10
1850,8,6,10
1851,9,7,12
1852,9,7,12
1853,9,7,12
1854,9,7,12
1855,9,7,12
1856,9,7,12
1857,9,7,12
1858,9,6,10
1859,9,7,11
1860,9,7,11
1861,9,7,11
1862,9,7,10
1863,9,7,12
1864,9,7,11
1865,9,7,12
1866,9,7,12
1867,9,7,12
1868,9,7,12
1869,9,7,12
1870,9,7,12
1871,9,7,12
1872,9,7,12
1873,9,7,12
1874,9,7,12
1875,8,7,12
1876,8,7,12
1877,7,7,12
1878,7,7,12
1879,7,7,10
1880,7,7,12
1881,7,7,12
1882,7,7,12
1883,7,7,12
1884,8,8,12
1885,7,7,12
1886,8,7,11
1887,8,7,12
1888,8,7,12
1889,8,7,12
1890,8,7,12
1891,8,7,12
1892,9,7,12
1893,10,7,12
1894,10,10,14
1895,10,8,13
1896,8,7,11
1897,9,8,13
1898,9,9,15
1899,8,8,13
1900,8,8,13
1901,8,8,14
1902,8,8,14
1903,8,8,14
1904,8,8,12
1905,8,8,14
1906,8,8,14
1907,8,8,14
1908,8,8,14
1909,8,8,14
1910,8,8,14
1911,8,8,14
1912,8,8,14
1913,8,8,14
1914,8,8,14
1915,8,8,14
1916,8,8,14
1917,9,9,18
1918,9,9,18
1919,9,9,18
1920,9,9,18
1921,9,9,18
1922,9,9,18
1923,9,9,18
1924,9,9,18
1925,9,9,18
1926,9,9,18
1927,9,9,17
1928,9,9,18
1929,9,9,18
1930,9,9,17
1931,9,9,18
1932,9,9,18
1933,9,9,18
1934,9,9,18
1935,9,9,18
1936,9,9,18
1937,9,9,18
1938,9,9,18
1939,9,9,18
1940,9,9,18
1941,9,9,18
1942,9,9,17
1943,9,9,18
1944,9,9,18
1945,9,9,18
1946,9,9,18
1947,9,9,18
1948,9,9,18
1949,9,9,17
1950,9,9,18
1951,9,9,18
1952,9,9,18
1953,9,9,18
1954,9,9,18
1955,9,9,18
1956,9,9,18
1957,9,9,18
1958,9,9,18
1959,10,9,18
1960,10,9,18
1961,10,9,18
1962,10,9,18
1963,10,9,18
1964,10,9,18
1965,10,9,18
1966,9,9,17
1967,10,9,18
1968,10,9,18
1969,10,9,18
1970,10,9,18
1971,10,9,18
1972,10,9,17
1973,10,9,16
1974,10,9,18
1975,10,9,18
1976,10,9,17
1977,10,9,18
1978,10,9,18
1979,10,9,18
1980,10,9,18
1981,9,9,18
1982,9,9,18
1983,9,9,18
1984,9,9,18
1985,9,9,18
1986,9,9,18
1987,9,9,18
1988,9,9,18
1989,9,9,18
1990,9,9,18
1991,9,9,18
1992,9,9,18
1993,9,9,18
1994,9,9,18
1995,9,9,18
1996,9,9,18
1997,9,9,18
1998,9,9,18
1999,9,9,18
