0,0,0,0
1,1,0,0
2,0,0,0
3,0,0,0
4,2,0,0
5,2,0,0
6,1,0,0
7,1,0,0
8,1,0,0
9,2,0,0
10,2,0,0
11,2,0,0
12,2,0,0
13,2,0,0
14,2,0,0
15,2,0,0
16,2,0,0
17,1,0,0
18,2,0,0
19,2,0,0
20,1,0,0
21,1,0,0
22,1,0,0
23,1,0,0
24,1,0,0
25,1,0,0
26,1,0,0
27,1,0,0
28,1,0,0
29,2,0,0
30,2,0,0
31,2,0,0
32,2,0,0
33,2,0,0
34,2,0,0
35,2,0,0
36,2,0,0
37,2,0,0
38,2,0,0
39,2,0,0
40,2,0,0
41,2,0,0
42,2,2,1
43,2,0,0
44,2,0,0
45,1,0,0
46,2,0,0
47,3,0,0
48,3,0,0
49,3,0,0
50,3,0,0
51,3,0,0
52,2,0,0
53,3,0,0
54,2,2,1
55,2,0,0
56,2,0,0
57,2,0,0
58,2,0,0
59,2,0,0
60,2,0,0
61,3,0,0
62,2,0,0
63,4,0,0
64,1,0,0
65,1,0,0
66,1,0,0
67,1,0,0
68,2,0,0
69,2,0,0
70,1,0,0
71,1,0,0
72,1,0,0
73,1,0,0
74,1,0,0
75,1,0,0
76,1,0,0
77,1,0,0
78,1,0,0
79,1,0,0
80,1,0,0
81,2,0,0
82,2,0,0
83,3,0,0
84,2,0,0
85,2,0,0
86,2,0,0
87,3,0,0
88,2,0,0
89,2,0,0
90,2,0,0
91,2,2,1
92,2,0,0
93,2,0,0
94,2,0,0
95,2,0,0
96,2,0,0
97,2,0,0
98,2,0,0
99,2,0,0
100,2,0,0
101,2,0,0
102,2,0,0
103,2,0,0
104,2,0,0
105,2,0,0
106,2,0,0
107,2,0,0
108,2,0,0
109,3,0,0
110,3,0,0
111,3,0,0
112,3,0,0
113,2,0,0
114,3,2,1
115,4,0,0
116,3,0,0
117,2,0,0
118,3,0,0
119,3,0,0
120,3,0,0
121,2,0,0
122,2,0,0
123,2,0,0
124,2,0,0
125,2,0,0
126,2,0,0
127,2,0,0
128,3,0,0
129,2,0,0
130,2,0,0
131,3,0,0
132,2,0,0
133,2,0,0
134,1,0,0
135,3,0,0
136,2,0,0
137,2,0,0
138,2,0,0
139,2,0,0
140,2,0,0
141,2,0,0
142,2,0,0
143,2,0,0
144,2,0,0
145,2,0,0
146,2,0,0
147,2,0,0
148,2,0,0
149,1,0,0
150,1,0,0
151,1,0,0
152,1,0,0
153,1,0,0
154,3,0,0
155,2,0,0
156,2,0,0
157,3,0,0
158,3,0,0
159,3,0,0
160,2,0,0
161,3,0,0
162,4,0,0
163,2,0,0
164,4,0,0
165,3,0,0
166,2,0,0
167,2,0,0
168,2,0,0
169,2,0,0
170,2,0,0
171,2,0,0
172,2,0,0
173,2,0,0
174,2,2,1
175,3,0,0
176,2,0,0
177,2,0,0
178,2,0,0
179,2,0,0
180,2,0,0
181,2,0,0
182,2,0,0
183,2,0,0
184,2,0,0
185,2,0,0
186,2,0,0
187,2,0,0
188,2,0,0
189,2,0,0
190,2,0,0
191,2,0,0
192,2,0,0
193,2,0,0
194,3,0,0
195,3,0,0
196,3,0,0
197,3,0,0
198,3,0,0
199,4,2,1
200,4,3,2
201,4,3,2
202,4,3,2
203,4,3,3
204,3,0,0
205,3,2,1
206,3,3,2
207,3,3,3
208,3,3,3
209,3,3,2
210,3,3,2
211,3,3,3
212,3,3,2
213,3,3,2
214,3,2,1
215,3,3,2
216,3,3,2
217,3,2,1
218,3,3,2
219,4,3,2
220,4,3,3
221,4,3,2
222,4,3,3
223,4,3,3
224,4,2,1
225,4,3,2
226,4,3,2
227,4,3,3
228,4,3,2
229,5,4,3
230,3,3,2
231,4,4,4
232,4,4,3
233,4,2,1
234,3,2,1
235,3,3,2
236,3,3,3
237,3,3,3
238,3,3,2
239,3,2,1
240,3,0,0
241,3,0,0
242,3,2,1
243,3,0,0
244,3,0,0
245,2,0,0
246,2,0,0
247,2,0,0
248,2,0,0
249,2,0,0
250,2,0,0
251,2,0,0
252,2,0,0
253,2,0,0
254,2,0,0
255,2,0,0
256,2,0,0
257,2,0,0
258,2,0,0
259,3,0,0
260,2,0,0
261,1,0,0
262,2,0,0
263,1,0,0
264,0,0,0
265,1,0,0
266,1,0,0
267,1,0,0
268,1,0,0
269,1,0,0
270,2,0,0
271,2,0,0
272,3,0,0
273,2,0,0
274,1,0,0
275,1,0,0
276,1,0,0
277,1,0,0
278,1,0,0
279,1,0,0
280,1,0,0
281,1,0,0
282,1,0,0
283,1,0,0
284,2,0,0
285,2,0,0
286,2,0,0
287,2,0,0
288,2,0,0
289,3,0,0
290,2,0,0
291,2,0,0
292,2,2,1
293,2,0,0
294,2,0,0
295,2,0,0
296,1,0,0
297,1,0,0
298,2,0,0
299,1,0,0
300,1,0,0
301,1,0,0
302,2,0,0
303,1,0,0
304,1,0,0
305,1,0,0
306,1,0,0
307,1,0,0
308,1,0,0
309,1,0,0
310,2,0,0
311,1,0,0
312,1,0,0
313,1,0,0
314,2,0,0
315,2,0,0
316,2,0,0
317,1,0,0
318,1,0,0
319,1,0,0
320,1,0,0
321,1,0,0
322,1,0,0
323,1,0,0
324,1,0,0
325,1,0,0
326,2,0,0
327,2,0,0
328,2,0,0
329,3,0,0
330,3,0,0
331,2,0,0
332,2,0,0
333,2,0,0
334,2,0,0
335,2,0,0
336,2,0,0
337,2,0,0
338,2,0,0
339,2,2,1
340,2,0,0
341,2,0,0
342,2,0,0
343,3,0,0
344,2,0,0
345,2,0,0
346,2,2,1
347,2,0,0
348,2,2,1
349,2,2,1
350,3,0,0
351,3,0,0
352,4,2,1
353,4,0,0
354,2,2,1
355,4,0,0
356,4,2,1
357,4,0,0
358,3,0,0
359,3,0,0
360,3,0,0
361,3,0,0
362,3,0,0
363,3,0,0
364,3,0,0
365,3,0,0
366,3,0,0
367,3,0,0
368,3,0,0
369,3,0,0
370,3,0,0
371,3,0,0
372,3,0,0
373,3,2,1
374,3,2,1
375,3,0,0
376,3,0,0
377,3,0,0
378,2,0,0
379,2,0,0
380,3,0,0
381,2,0,0
382,3,0,0
383,2,0,0
384,2,0,0
385,2,0,0
386,2,0,0
387,2,0,0
388,2,0,0
389,2,0,0
390,2,0,0
391,2,0,0
392,3,0,0
393,3,0,0
394,1,0,0
395,2,0,0
396,1,0,0
397,2,0,0
398,2,0,0
399,2,0,0
400,2,0,0
401,2,0,0
402,2,0,0
403,2,2,1
404,2,0,0
405,3,0,0
406,2,0,0
407,2,0,0
408,2,0,0
409,2,0,0
410,2,0,0
411,2,0,0
412,2,0,0
413,2,0,0
414,2,2,1
415,2,2,1
416,3,2,1
417,3,2,1
418,3,2,1
419,3,2,1
420,3,2,1
421,3,2,1
422,3,2,1
423,4,2,1
424,3,2,1
425,3,0,0
426,3,0,0
427,3,0,0
428,2,0,0
429,2,0,0
430,3,0,0
431,3,0,0
432,3,0,0
433,3,0,0
434,3,0,0
435,3,2,1
436,4,0,0
437,4,0,0
438,4,0,0
439,3,0,0
440,2,0,0
441,3,0,0
442,2,0,0
443,2,0,0
444,2,0,0
445,2,0,0
446,2,0,0
447,2,0,0
448,2,0,0
449,2,0,0
450,2,0,0
451,2,0,0
452,2,0,0
453,2,0,0
454,2,2,1
455,2,0,0
456,2,0,0
457,2,0,0
458,2,0,0
459,2,0,0
460,2,0,0
461,4,0,0
462,5,0,0
463,4,2,1
464,4,2,1
465,3,2,1
466,4,0,0
467,3,0,0
468,3,0,0
469,2,0,0
470,2,0,0
471,2,0,0
472,2,0,0
473,2,0,0
474,2,0,0
475,2,2,1
476,3,0,0
477,2,0,0
478,2,0,0
479,2,0,0
480,2,0,0
481,2,0,0
482,2,0,0
483,2,0,0
484,2,0,0
485,3,0,0
486,2,0,0
487,2,0,0
488,2,0,0
489,2,0,0
490,2,0,0
491,2,0,0
492,2,0,0
493,2,0,0
494,2,0,0
495,2,2,1
496,2,0,0
497,2,0,0
498,2,0,0
499,2,0,0
500,2,0,0
501,2,0,0
502,1,0,0
503,2,2,1
504,2,0,0
505,2,0,0
506,2,0,0
507,2,0,0
508,4,0,0
509,4,0,0
510,2,0,0
511,2,0,0
512,2,0,0
513,3,0,0
514,3,0,0
515,3,0,0
516,3,0,0
517,3,0,0
518,3,0,0
519,3,0,0
520,3,0,0
521,3,0,0
522,3,0,0
523,3,0,0
524,3,0,0
525,3,0,0
526,2,0,0
527,2,0,0
528,2,0,0
529,3,0,0
530,3,0,0
531,3,0,0
532,3,0,0
533,3,0,0
534,4,0,0
535,4,0,0
536,4,0,0
537,3,0,0
538,4,0,0
539,4,0,0
540,4,2,1
541,4,0,0
542,4,0,0
543,5,0,0
544,4,0,0
545,4,0,0
546,4,0,0
547,4,0,0
548,4,0,0
549,3,0,0
550,3,0,0
551,3,0,0
552,3,0,0
553,3,0,0
554,3,0,0
555,3,0,0
556,3,0,0
557,3,0,0
558,3,0,0
559,2,0,0
560,2,0,0
561,2,0,0
562,2,0,0
563,3,0,0
564,2,0,0
565,2,0,0
566,3,0,0
567,3,2,1
568,3,0,0
569,2,0,0
570,2,0,0
571,2,0,0
572,1,0,0
573,1,0,0
574,1,0,0
575,1,0,0
576,1,0,0
577,2,0,0
578,1,0,0
579,1,0,0
580,1,0,0
581,1,0,0
582,1,0,0
583,1,0,0
584,1,0,0
585,1,0,0
586,1,0,0
587,1,0,0
588,1,0,0
589,1,0,0
590,1,0,0
591,1,0,0
592,1,0,0
593,1,0,0
594,1,0,0
595,1,0,0
596,1,0,0
597,1,0,0
598,1,0,0
599,1,0,0
600,1,0,0
601,2,0,0
602,2,0,0
603,3,0,0
604,2,0,0
605,1,0,0
606,1,0,0
607,1,0,0
608,1,0,0
609,1,0,0
610,1,0,0
611,1,0,0
612,1,0,0
613,1,0,0
614,2,0,0
615,2,0,0
616,1,0,0
617,1,0,0
618,2,0,0
619,2,0,0
620,2,0,0
621,2,0,0
622,2,0,0
623,2,0,0
624,1,0,0
625,1,0,0
626,1,0,0
627,1,0,0
628,1,0,0
629,1,0,0
630,1,0,0
631,2,0,0
632,2,0,0
633,2,0,0
634,2,0,0
635,2,0,0
636,2,0,0
637,2,0,0
638,3,0,0
639,3,0,0
640,3,0,0
641,2,0,0
642,2,0,0
643,2,0,0
644,2,0,0
645,2,0,0
646,3,2,1
647,2,0,0
648,2,2,1
649,2,2,1
650,2,2,1
651,3,2,1
652,3,0,0
653,3,2,1
654,3,0,0
655,3,0,0
656,3,0,0
657,3,0,0
658,3,0,0
659,3,0,0
660,3,0,0
661,2,0,0
662,2,0,0
663,2,0,0
664,2,0,0
665,2,0,0
666,2,0,0
667,2,0,0
668,4,0,0
669,4,0,0
670,3,0,0
671,3,0,0
672,3,0,0
673,2,0,0
674,3,0,0
675,3,0,0
676,3,0,0
677,3,0,0
678,3,0,0
679,3,0,0
680,3,0,0
681,3,0,0
682,2,0,0
683,4,0,0
684,4,2,1
685,4,0,0
686,5,2,1
687,5,0,0
688,4,0,0
689,5,2,1
690,5,2,1
691,5,3,2
692,5,2,1
693,3,2,1
694,4,2,1
695,4,2,1
696,4,2,1
697,4,0,0
698,4,0,0
699,4,0,0
700,5,0,0
701,6,3,2
702,5,2,1
703,5,2,1
704,5,2,1
705,3,0,0
706,3,2,1
707,3,2,1
708,3,2,1
709,3,2,1
710,3,0,0
711,4,2,1
712,4,2,1
713,4,3,2
714,4,3,3
715,4,3,3
716,4,3,3
717,4,3,3
718,4,3,3
719,4,3,2
720,5,3,3
721,5,3,3
722,5,3,3
723,5,4,4
724,5,4,3
725,5,4,3
726,5,4,3
727,5,2,1
728,4,0,0
729,4,3,2
730,3,0,0
731,4,3,2
732,4,3,2
733,4,3,3
734,4,3,2
735,4,3,3
736,4,3,3
737,4,3,3
738,4,3,3
739,4,3,2
740,4,3,2
741,4,3,2
742,4,3,3
743,3,3,3
744,3,3,3
745,3,3,3
746,3,3,2
747,3,2,1
748,3,0,0
749,4,0,0
750,3,0,0
751,3,0,0
752,3,0,0
753,3,0,0
754,3,0,0
755,3,0,0
756,3,2,1
757,3,0,0
758,3,0,0
759,3,0,0
760,3,0,0
761,3,0,0
762,3,0,0
763,2,2,1
764,3,0,0
765,3,0,0
766,3,0,0
767,3,0,0
768,3,0,0
769,3,0,0
770,3,0,0
771,3,2,1
772,3,0,0
773,3,0,0
774,3,0,0
775,3,0,0
776,4,0,0
777,4,0,0
778,3,0,0
779,2,0,0
780,2,0,0
781,3,0,0
782,3,0,0
783,3,0,0
784,3,0,0
785,3,0,0
786,3,0,0
787,3,0,0
788,3,0,0
789,3,0,0
790,2,0,0
791,2,0,0
792,2,0,0
793,2,0,0
794,2,0,0
795,2,0,0
796,2,0,0
797,2,0,0
798,2,0,0
799,2,0,0
800,2,2,1
801,3,2,1
802,3,2,1
803,3,2,1
804,3,0,0
805,3,0,0
806,3,0,0
807,3,2,1
808,3,2,1
809,3,0,0
810,3,0,0
811,3,0,0
812,3,0,0
813,3,0,0
814,2,0,0
815,2,0,0
816,2,0,0
817,2,0,0
818,2,0,0
819,2,0,0
820,2,0,0
821,2,0,0
822,2,0,0
823,2,0,0
824,2,0,0
825,2,2,1
826,2,0,0
827,2,0,0
828,2,0,0
829,2,0,0
830,1,0,0
831,0,0,0
832,1,0,0
833,1,0,0
834,2,0,0
835,2,0,0
836,2,0,0
837,2,0,0
838,2,0,0
839,1,0,0
840,2,0,0
841,2,0,0
842,2,0,0
843,3,0,0
844,2,0,0
845,2,0,0
846,2,2,1
847,2,0,0
848,2,0,0
849,2,0,0
850,2,0,0
851,2,0,0
852,2,0,0
853,2,0,0
854,1,0,0
855,1,0,0
856,1,0,0
857,1,0,0
858,2,0,0
859,2,0,0
860,2,0,0
861,1,0,0
862,1,0,0
863,1,0,0
864,1,0,0
865,1,0,0
866,1,0,0
867,1,0,0
868,1,0,0
869,1,0,0
870,0,0,0
871,1,0,0
872,1,0,0
873,1,0,0
874,1,0,0
875,2,0,0
876,2,0,0
877,2,0,0
878,2,0,0
879,2,0,0
880,2,0,0
881,3,0,0
882,3,0,0
883,3,0,0
884,3,0,0
885,3,0,0
886,3,2,1
887,3,2,1
888,3,0,0
889,3,0,0
890,3,2,1
891,3,3,3
892,3,3,2
893,4,3,3
894,4,3,3
895,3,2,1
896,4,2,1
897,5,3,3
898,6,4,3
899,6,2,1
900,6,0,0
901,6,2,1
902,5,3,2
903,5,3,2
904,5,3,3
905,5,3,2
906,4,3,2
907,4,2,1
908,3,3,2
909,4,2,1
910,4,3,2
911,4,3,3
912,4,3,2
913,4,3,2
914,4,3,3
915,4,3,3
916,4,3,2
917,5,3,2
918,5,3,3
919,4,3,2
920,5,3,2
921,5,3,3
922,5,3,2
923,5,3,2
924,4,3,2
925,5,3,2
926,4,3,3
927,4,3,3
928,4,3,2
929,4,3,3
930,4,3,3
931,4,3,3
932,4,3,2
933,5,3,3
934,5,3,3
935,5,3,3
936,5,3,3
937,4,3,3
938,4,3,2
939,4,3,2
940,3,3,3
941,3,3,3
942,3,3,3
943,3,3,3
944,3,3,2
945,3,3,3
946,3,3,2
947,3,3,2
948,3,3,2
949,3,3,2
950,3,3,2
951,3,3,2
952,3,3,2
953,3,3,3
954,3,3,2
955,3,3,2
956,3,3,3
957,3,3,2
958,3,2,1
959,3,3,2
960,4,2,1
961,3,2,1
962,3,2,1
963,3,2,1
964,3,2,1
965,3,0,0
966,4,0,0
967,4,0,0
968,4,0,0
969,3,0,0
970,4,2,1
971,3,0,0
972,3,0,0
973,3,2,1
974,3,2,1
975,2,0,0
976,2,0,0
977,3,0,0
978,4,0,0
979,3,0,0
980,3,0,0
981,4,0,0
982,4,2,1
983,3,0,0
984,2,0,0
985,2,0,0
986,3,0,0
987,3,0,0
988,2,0,0
989,3,0,0
990,3,0,0
991,3,0,0
992,3,0,0
993,3,0,0
994,3,0,0
995,3,0,0
996,3,0,0
997,3,0,0
998,2,0,0
999,2,0,0
1000,2,0,0
1001,2,0,0
1002,2,0,0
1003,2,0,0
1004,2,0,0
1005,2,0,0
1006,3,0,0
1007,3,0,0
1008,3,0,0
1009,3,2,1
1010,1,0,0
1011,2,2,1
1012,2,0,0
1013,2,0,0
1014,2,0,0
1015,2,0,0
1016,2,0,0
1017,2,0,0
1018,2,2,1
1019,2,2,1
1020,2,0,0
1021,2,0,0
1022,2,0,0
1023,3,0,0
1024,3,0,0
1025,3,0,0
1026,2,0,0
1027,2,0,0
1028,3,0,0
1029,2,2,1
1030,2,0,0
1031,2,0,0
1032,1,0,0
1033,1,0,0
1034,1,0,0
1035,3,0,0
1036,2,0,0
1037,2,0,0
1038,2,0,0
1039,2,0,0
1040,2,0,0
1041,2,0,0
1042,2,0,0
1043,2,0,0
1044,2,0,0
1045,2,0,0
1046,1,0,0
1047,1,0,0
1048,1,0,0
1049,2,0,0
1050,2,0,0
1051,3,0,0
1052,3,0,0
1053,2,0,0
1054,2,0,0
1055,2,0,0
1056,2,0,0
1057,2,0,0
1058,2,0,0
1059,2,0,0
1060,2,0,0
1061,2,0,0
1062,2,0,0
1063,2,0,0
1064,2,0,0
1065,2,0,0
1066,4,0,0
1067,4,0,0
1068,2,0,0
1069,3,0,0
1070,3,0,0
1071,4,0,0
1072,3,0,0
1073,3,0,0
1074,4,0,0
1075,2,0,0
1076,2,0,0
1077,1,0,0
1078,2,0,0
1079,2,0,0
1080,2,0,0
1081,3,0,0
1082,3,0,0
1083,2,0,0
1084,2,0,0
1085,2,0,0
1086,1,0,0
1087,1,0,0
1088,1,0,0
1089,1,0,0
1090,1,0,0
1091,2,0,0
1092,1,0,0
1093,1,0,0
1094,1,0,0
1095,1,0,0
1096,1,0,0
1097,1,0,0
1098,1,0,0
1099,1,0,0
1100,1,0,0
1101,1,0,0
1102,2,0,0
1103,1,0,0
1104,1,0,0
1105,1,0,0
1106,0,0,0
1107,0,0,0
1108,0,0,0
1109,0,0,0
1110,1,0,0
1111,1,0,0
1112,1,0,0
1113,1,0,0
1114,2,0,0
1115,2,0,0
1116,2,0,0
1117,2,0,0
1118,2,0,0
1119,2,0,0
1120,2,0,0
1121,2,0,0
1122,2,0,0
1123,1,0,0
1124,1,0,0
1125,1,0,0
1126,1,0,0
1127,1,0,0
1128,2,0,0
1129,1,0,0
1130,1,0,0
1131,1,0,0
1132,1,0,0
1133,2,0,0
1134,2,0,0
1135,3,2,1
1136,2,0,0
1137,1,0,0
1138,1,0,0
1139,1,0,0
1140,1,0,0
1141,1,0,0
1142,1,0,0
1143,1,0,0
1144,1,0,0
1145,1,0,0
1146,1,0,0
1147,1,0,0
1148,1,0,0
1149,1,0,0
1150,1,0,0
1151,1,0,0
1152,1,0,0
1153,1,0,0
1154,0,0,0
1155,0,0,0
1156,1,0,0
1157,1,0,0
1158,0,0,0
1159,0,0,0
1160,0,0,0
1161,0,0,0
1162,0,0,0
1163,0,0,0
1164,1,0,0
1165,1,0,0
1166,2,0,0
1167,1,0,0
1168,1,0,0
1169,1,0,0
1170,1,0,0
1171,1,0,0
1172,1,0,0
1173,1,0,0
1174,1,0,0
1175,1,0,0
1176,2,0,0
1177,1,0,0
1178,1,0,0
1179,1,0,0
1180,2,0,0
1181,2,0,0
1182,2,0,0
1183,2,0,0
1184,2,0,0
1185,1,0,0
1186,1,0,0
1187,1,0,0
1188,1,0,0
1189,1,0,0
1190,2,0,0
1191,2,0,0
1192,2,0,0
1193,3,0,0
1194,3,0,0
1195,3,2,1
1196,3,0,0
1197,3,0,0
1198,3,0,0
1199,3,2,1
1200,3,0,0
1201,3,0,0
1202,3,0,0
1203,3,0,0
1204,3,0,0
1205,3,2,1
1206,3,3,2
1207,3,2,1
1208,3,2,1
1209,3,2,1
1210,3,2,1
1211,3,2,1
1212,3,0,0
1213,3,0,0
1214,3,0,0
1215,3,0,0
1216,3,0,0
1217,3,0,0
1218,2,0,0
1219,2,0,0
1220,2,0,0
1221,3,0,0
1222,3,0,0
1223,2,0,0
1224,3,0,0
1225,3,0,0
1226,3,0,0
1227,2,0,0
1228,3,0,0
1229,2,0,0
1230,2,0,0
1231,2,0,0
1232,2,0,0
1233,2,0,0
1234,2,0,0
1235,2,0,0
1236,2,0,0
1237,4,0,0
1238,3,0,0
1239,3,3,2
1240,3,2,1
1241,3,2,1
1242,3,3,2
1243,3,0,0
1244,4,0,0
1245,3,0,0
1246,3,0,0
1247,3,0,0
1248,3,0,0
1249,3,0,0
1250,4,0,0
1251,4,0,0
1252,3,0,0
1253,3,0,0
1254,3,0,0
1255,3,0,0
1256,4,0,0
1257,4,0,0
1258,4,0,0
1259,4,2,1
1260,4,0,0
1261,4,0,0
1262,4,0,0
1263,4,0,0
1264,4,2,1
1265,4,2,1
1266,4,2,1
1267,4,2,1
1268,4,2,1
1269,3,0,0
1270,4,0,0
1271,3,0,0
1272,3,0,0
1273,3,2,1
1274,3,2,1
1275,3,2,1
1276,3,2,1
1277,3,0,0
1278,3,0,0
1279,3,2,1
1280,3,0,0
1281,3,0,0
1282,4,0,0
1283,4,0,0
1284,4,0,0
1285,4,0,0
1286,4,0,0
1287,3,0,0
1288,3,0,0
1289,3,0,0
1290,3,0,0
1291,3,0,0
1292,3,0,0
1293,3,0,0
1294,3,0,0
1295,4,0,0
1296,3,0,0
1297,4,2,1
1298,3,0,0
1299,3,0,0
1300,4,0,0
1301,4,0,0
1302,4,0,0
1303,4,0,0
1304,4,0,0
1305,4,0,0
1306,4,0,0
1307,4,0,0
1308,4,0,0
1309,4,0,0
1310,4,0,0
1311,4,0,0
1312,4,0,0
1313,4,2,1
1314,4,0,0
1315,4,0,0
1316,4,0,0
1317,4,0,0
1318,5,2,1
1319,5,2,1
1320,4,0,0
1321,5,0,0
1322,5,0,0
1323,3,2,1
1324,3,2,1
1325,4,3,2
1326,4,2,1
1327,3,0,0
1328,3,2,1
1329,3,0,0
1330,2,0,0
1331,2,0,0
1332,2,0,0
1333,2,0,0
1334,2,0,0
1335,2,0,0
1336,2,0,0
1337,3,0,0
1338,3,0,0
1339,3,2,1
1340,3,0,0
1341,3,0,0
1342,3,0,0
1343,3,0,0
1344,3,0,0
1345,3,0,0
1346,3,0,0
1347,3,0,0
1348,2,0,0
1349,4,0,0
1350,4,0,0
1351,2,0,0
1352,2,0,0
1353,4,0,0
1354,3,0,0
1355,3,0,0
1356,3,0,0
1357,3,0,0
1358,3,0,0
1359,3,0,0
1360,4,0,0
1361,3,0,0
1362,3,0,0
1363,3,2,1
1364,2,0,0
1365,2,0,0
1366,2,0,0
1367,2,0,0
1368,2,0,0
1369,2,0,0
1370,2,0,0
1371,2,0,0
1372,2,0,0
1373,2,0,0
1374,2,0,0
1375,2,0,0
1376,2,0,0
1377,2,0,0
1378,2,0,0
1379,3,0,0
1380,4,0,0
1381,3,0,0
1382,3,0,0
1383,3,0,0
1384,3,0,0
1385,3,0,0
1386,3,0,0
1387,3,0,0
1388,3,0,0
1389,3,0,0
1390,3,0,0
1391,3,0,0
1392,3,0,0
1393,3,0,0
1394,3,0,0
1395,3,2,1
1396,3,0,0
1397,3,0,0
1398,3,0,0
1399,3,0,0
1400,3,0,0
1401,3,2,1
1402,3,0,0
1403,3,0,0
1404,3,0,0
1405,3,0,0
1406,3,0,0
1407,3,0,0
1408,3,0,0
1409,3,0,0
1410,4,0,0
1411,3,0,0
1412,3,0,0
1413,3,0,0
1414,3,0,0
1415,2,0,0
1416,1,0,0
1417,1,0,0
1418,1,0,0
1419,1,0,0
1420,2,0,0
1421,2,0,0
1422,2,0,0
1423,2,0,0
1424,2,0,0
1425,2,0,0
1426,2,0,0
1427,2,0,0
1428,2,2,1
1429,2,0,0
1430,3,0,0
1431,3,0,0
1432,3,0,0
1433,3,0,0
1434,3,0,0
1435,3,0,0
1436,2,0,0
1437,2,0,0
1438,2,0,0
1439,2,0,0
1440,2,0,0
1441,2,0,0
1442,2,0,0
1443,2,0,0
1444,2,0,0
1445,2,0,0
1446,3,0,0
1447,2,0,0
1448,2,2,1
1449,3,2,1
1450,2,0,0
1451,2,0,0
1452,2,0,0
1453,2,0,0
1454,2,0,0
1455,2,0,0
1456,2,0,0
1457,2,0,0
1458,3,0,0
1459,2,0,0
1460,3,0,0
1461,2,0,0
1462,2,0,0
1463,1,0,0
1464,1,0,0
1465,2,0,0
1466,2,0,0
1467,3,0,0
1468,2,0,0
1469,2,0,0
1470,2,0,0
1471,2,0,0
1472,2,0,0
1473,2,0,0
1474,3,0,0
1475,2,0,0
1476,1,0,0
1477,0,0,0
1478,1,0,0
1479,1,0,0
1480,1,0,0
1481,1,0,0
1482,1,0,0
1483,1,0,0
1484,1,0,0
1485,1,0,0
1486,1,0,0
1487,1,0,0
1488,1,0,0
1489,1,0,0
1490,1,0,0
1491,1,0,0
1492,2,0,0
1493,2,0,0
1494,2,0,0
1495,2,0,0
1496,2,0,0
1497,2,0,0
1498,2,0,0
1499,2,0,0
1500,1,0,0
1501,1,0,0
1502,1,0,0
1503,1,0,0
1504,2,0,0
1505,1,0,0
1506,1,0,0
1507,1,0,0
1508,1,0,0
1509,1,0,0
1510,1,0,0
1511,2,0,0
1512,1,0,0
1513,1,0,0
1514,2,0,0
1515,2,0,0
1516,1,0,0
1517,1,0,0
1518,1,0,0
1519,1,0,0
1520,1,0,0
1521,1,0,0
1522,3,0,0
1523,1,0,0
1524,1,0,0
1525,0,0,0
1526,0,0,0
1527,0,0,0
1528,0,0,0
1529,1,0,0
1530,1,0,0
1531,1,0,0
1532,1,0,0
1533,2,0,0
1534,2,0,0
1535,2,0,0
1536,2,0,0
1537,3,0,0
1538,2,0,0
1539,2,0,0
1540,2,0,0
1541,2,0,0
1542,2,0,0
1543,2,0,0
1544,2,0,0
1545,3,0,0
1546,2,0,0
1547,2,0,0
1548,2,0,0
1549,2,0,0
1550,2,0,0
1551,2,0,0
1552,3,0,0
1553,3,0,0
1554,3,0,0
1555,3,2,1
1556,4,0,0
1557,3,0,0
1558,3,0,0
1559,3,0,0
1560,3,0,0
1561,3,0,0
1562,2,0,0
1563,2,0,0
1564,2,0,0
1565,2,0,0
1566,2,0,0
1567,2,0,0
1568,2,0,0
1569,2,2,1
1570,2,0,0
1571,1,0,0
1572,1,0,0
1573,1,0,0
1574,1,0,0
1575,2,0,0
1576,2,0,0
1577,2,0,0
1578,2,0,0
1579,1,0,0
1580,1,0,0
1581,2,0,0
1582,2,0,0
1583,2,0,0
1584,2,0,0
1585,2,0,0
1586,1,0,0
1587,2,0,0
1588,2,0,0
1589,3,0,0
1590,2,0,0
1591,2,0,0
1592,2,0,0
1593,2,0,0
1594,2,0,0
1595,2,0,0
1596,2,0,0
1597,1,0,0
1598,1,0,0
1599,1,0,0
1600,1,0,0
1601,1,0,0
1602,1,0,0
1603,2,0,0
1604,2,0,0
1605,1,0,0
1606,1,0,0
1607,1,0,0
1608,2,0,0
1609,1,0,0
1610,1,0,0
1611,1,0,0
1612,1,0,0
1613,1,0,0
1614,1,0,0
1615,1,0,0
1616,1,0,0
1617,1,0,0
1618,3,0,0
1619,2,0,0
1620,1,0,0
1621,1,0,0
1622,1,0,0
1623,1,0,0
1624,1,0,0
1625,1,0,0
1626,2,0,0
1627,1,0,0
1628,1,0,0
1629,1,0,0
1630,1,0,0
1631,1,0,0
1632,1,0,0
1633,1,0,0
1634,1,0,0
1635,1,0,0
1636,1,0,0
1637,1,0,0
1638,0,0,0
1639,1,0,0
1640,1,0,0
1641,2,0,0
1642,2,0,0
1643,1,0,0
1644,2,0,0
1645,2,0,0
1646,3,2,1
1647,3,0,0
1648,2,0,0
1649,2,2,1
1650,2,2,1
1651,3,2,1
1652,2,2,1
1653,3,2,1
1654,3,0,0
1655,3,2,1
1656,3,2,1
1657,3,2,1
1658,3,2,1
1659,3,0,0
1660,3,0,0
1661,3,0,0
1662,3,0,0
1663,3,0,0
1664,3,0,0
1665,3,0,0
1666,3,0,0
1667,3,0,0
1668,3,2,1
1669,3,2,1
1670,3,0,0
1671,3,0,0
1672,3,0,0
1673,3,0,0
1674,3,0,0
1675,3,0,0
1676,3,0,0
1677,3,0,0
1678,3,0,0
1679,3,0,0
1680,3,0,0
1681,3,0,0
1682,3,0,0
1683,2,0,0
1684,2,0,0
1685,2,0,0
1686,2,0,0
1687,2,0,0
1688,2,0,0
1689,2,0,0
1690,2,0,0
1691,2,0,0
1692,2,0,0
1693,2,0,0
1694,2,0,0
1695,2,0,0
1696,2,0,0
1697,2,0,0
1698,2,0,0
1699,2,0,0
1700,2,0,0
1701,2,0,0
1702,2,0,0
1703,2,0,0
1704,2,0,0
1705,2,0,0
1706,2,0,0
1707,2,0,0
1708,1,0,0
1709,1,0,0
1710,1,0,0
1711,1,0,0
1712,1,0,0
1713,1,0,0
1714,1,0,0
1715,1,0,0
1716,1,0,0
1717,1,0,0
1718,2,0,0
1719,1,0,0
1720,1,0,0
1721,2,0,0
1722,2,0,0
1723,1,0,0
1724,1,0,0
1725,1,0,0
1726,1,0,0
1727,2,0,0
1728,2,0,0
1729,2,0,0
1730,2,0,0
1731,2,0,0
1732,4,0,0
1733,4,0,0
1734,3,0,0
1735,3,0,0
1736,4,0,0
1737,3,0,0
1738,2,0,0
1739,3,0,0
1740,3,0,0
1741,3,0,0
1742,3,0,0
1743,3,2,1
1744,3,2,1
1745,3,0,0
1746,2,0,0
1747,2,0,0
1748,2,0,0
1749,2,0,0
1750,2,0,0
1751,3,0,0
1752,3,0,0
1753,2,0,0
1754,3,0,0
1755,2,0,0
1756,2,0,0
1757,2,0,0
1758,3,0,0
1759,2,0,0
1760,2,0,0
1761,2,0,0
1762,2,0,0
1763,2,0,0
1764,2,0,0
1765,2,0,0
1766,2,0,0
1767,2,0,0
1768,2,0,0
1769,2,0,0
1770,3,0,0
1771,3,0,0
1772,4,0,0
1773,4,0,0
1774,3,0,0
1775,2,0,0
1776,2,0,0
1777,2,0,0
1778,2,0,0
1779,2,0,0
1780,2,0,0
1781,2,0,0
1782,3,0,0
1783,3,0,0
1784,3,0,0
1785,3,2,1
1786,3,2,1
1787,3,2,1
1788,3,2,1
1789,3,2,1
1790,3,0,0
1791,3,0,0
1792,3,0,0
1793,2,0,0
1794,3,0,0
1795,3,2,1
1796,3,0,0
1797,3,2,1
1798,3,0,0
1799,3,0,0
1800,3,0,0
1801,3,0,0
1802,3,0,0
1803,3,0,0
1804,2,0,0
1805,3,0,0
1806,3,0,0
1807,3,2,1
1808,3,2,1
1809,3,0,0
1810,3,0,0
1811,3,0,0
1812,3,0,0
1813,3,2,1
1814,3,2,1
1815,3,2,1
1816,3,0,0
1817,2,0,0
1818,2,0,0
1819,2,0,0
1820,2,0,0
1821,2,0,0
1822,2,0,0
1823,3,2,1
1824,2,0,0
1825,3,0,0
1826,3,0,0
1827,2,0,0
1828,3,0,0
1829,2,0,0
1830,3,0,0
1831,2,0,0
1832,2,0,0
1833,2,0,0
1834,2,0,0
1835,2,0,0
1836,1,0,0
1837,2,0,0
1838,1,0,0
1839,1,0,0
1840,1,0,0
1841,1,0,0
1842,1,0,0
1843,1,0,0
1844,1,0,0
1845,3,0,0
1846,3,0,0
1847,3,0,0
1848,3,0,0
1849,4,0,0
1850,3,0,0
1851,3,0,0
1852,2,0,0
1853,2,0,0
1854,2,0,0
1855,2,0,0
1856,2,0,0
1857,2,2,1
1858,3,2,1
1859,2,0,0
1860,3,2,1
1861,3,0,0
1862,3,0,0
1863,3,0,0
1864,3,0,0
1865,3,0,0
1866,3,0,0
1867,3,0,0
1868,3,0,0
1869,3,2,1
1870,3,0,0
1871,3,0,0
1872,3,0,0
1873,3,0,0
1874,3,0,0
1875,3,0,0
1876,3,0,0
1877,4,0,0
1878,2,0,0
1879,2,0,0
1880,2,0,0
1881,3,0,0
1882,3,0,0
1883,3,0,0
1884,3,0,0
1885,3,0,0
1886,3,0,0
1887,3,0,0
1888,3,0,0
1889,3,0,0
1890,3,0,0
1891,4,0,0
1892,5,0,0
1893,4,0,0
1894,3,0,0
1895,3,0,0
1896,3,3,3
1897,3,0,0
1898,3,0,0
1899,3,0,0
1900,3,0,0
1901,3,0,0
1902,3,0,0
1903,3,0,0
1904,3,0,0
1905,3,0,0
1906,3,0,0
1907,2,0,0
1908,2,0,0
1909,2,0,0
1910,2,0,0
1911,2,0,0
1912,2,0,0
1913,3,0,0
1914,3,0,0
1915,3,0,0
1916,3,0,0
1917,3,0,0
1918,3,0,0
1919,3,0,0
1920,3,0,0
1921,2,0,0
1922,2,0,0
1923,2,0,0
1924,2,0,0
1925,2,0,0
1926,2,0,0
1927,2,0,0
1928,2,0,0
1929,1,0,0
1930,1,0,0
1931,1,0,0
1932,1,0,0
1933,1,0,0
1934,1,0,0
1935,1,0,0
1936,1,0,0
1937,1,0,0
1938,1,0,0
1939,2,0,0
1940,2,0,0
1941,2,0,0
1942,2,0,0
1943,2,0,0
1944,1,0,0
1945,1,0,0
1946,0,0,0
1947,0,0,0
1948,0,0,0
1949,0,0,0
1950,2,0,0
1951,2,0,0
1952,2,0,0
1953,2,0,0
1954,2,0,0
1955,2,0,0
1956,2,0,0
1957,2,0,0
1958,2,0,0
1959,2,0,0
1960,2,0,0
1961,2,0,0
1962,2,0,0
1963,2,0,0
1964,2,0,0
1965,2,0,0
1966,2,0,0
1967,2,0,0
1968,2,0,0
1969,2,0,0
1970,2,0,0
1971,2,0,0
1972,2,0,0
1973,2,0,0
1974,2,0,0
1975,2,0,0
1976,2,0,0
1977,3,0,0
1978,3,0,0
1979,3,0,0
1980,4,2,1
1981,4,2,1
1982,3,0,0
1983,3,2,1
1984,4,0,0
1985,3,0,0
1986,3,0,0
1987,3,0,0
1988,3,0,0
1989,3,0,0
1990,3,0,0
1991,3,0,0
1992,3,0,0
1993,3,2,1
1994,2,0,0
1995,2,0,0
1996,2,0,0
1997,2,0,0
1998,2,0,0
1999,2,0,0
