0,0,0,0
1,1,0,0
2,0,0,0
3,0,0,0
4,0,0,0
5,0,0,0
6,0,0,0
7,0,0,0
8,1,0,0
9,1,0,0
10,2,0,0
11,2,0,0
12,2,0,0
13,3,0,0
14,3,2,1
15,3,0,0
16,3,0,0
17,2,0,0
18,1,0,0
19,1,0,0
20,1,0,0
21,2,0,0
22,2,0,0
23,1,0,0
24,2,0,0
25,2,0,0
26,1,0,0
27,1,0,0
28,1,0,0
29,2,0,0
30,2,0,0
31,4,0,0
32,3,0,0
33,2,0,0
34,3,0,0
35,3,0,0
36,3,0,0
37,2,0,0
38,2,0,0
39,2,0,0
40,2,0,0
41,2,0,0
42,2,0,0
43,2,0,0
44,2,0,0
45,1,0,0
46,1,0,0
47,2,0,0
48,2,0,0
49,2,0,0
50,2,0,0
51,1,0,0
52,1,0,0
53,1,0,0
54,1,0,0
55,2,0,0
56,2,0,0
57,3,0,0
58,3,0,0
59,3,0,0
60,3,2,1
61,2,0,0
62,2,2,1
63,2,0,0
64,3,0,0
65,2,0,0
66,3,0,0
67,3,0,0
68,2,0,0
69,2,0,0
70,2,0,0
71,2,0,0
72,3,0,0
73,2,0,0
74,2,0,0
75,2,0,0
76,2,0,0
77,2,0,0
78,2,0,0
79,2,0,0
80,2,0,0
81,2,0,0
82,3,0,0
83,2,0,0
84,2,0,0
85,2,0,0
86,2,0,0
87,2,0,0
88,1,0,0
89,2,0,0
90,2,0,0
91,2,0,0
92,2,0,0
93,2,0,0
94,3,0,0
95,2,0,0
96,2,0,0
97,2,0,0
98,1,0,0
99,2,0,0
100,3,0,0
101,2,0,0
102,2,0,0
103,2,0,0
104,3,0,0
105,2,0,0
106,1,0,0
107,1,0,0
108,1,0,0
109,1,0,0
110,2,0,0
111,2,0,0
112,3,0,0
113,3,0,0
114,1,0,0
115,1,0,0
116,1,0,0
117,1,0,0
118,1,0,0
119,2,0,0
120,3,0,0
121,3,0,0
122,2,0,0
123,2,0,0
124,2,0,0
125,1,0,0
126,1,0,0
127,1,0,0
128,0,0,0
129,1,0,0
130,1,0,0
131,1,0,0
132,2,0,0
133,2,0,0
134,1,0,0
135,1,0,0
136,1,0,0
137,2,0,0
138,2,0,0
139,1,0,0
140,1,0,0
141,1,0,0
142,1,0,0
143,1,0,0
144,2,0,0
145,2,0,0
146,3,0,0
147,2,0,0
148,3,0,0
149,2,0,0
150,1,0,0
151,2,0,0
152,3,0,0
153,2,0,0
154,2,0,0
155,4,0,0
156,3,2,1
157,3,0,0
158,3,0,0
159,3,0,0
160,3,0,0
161,3,0,0
162,2,0,0
163,2,0,0
164,2,0,0
165,2,0,0
166,3,0,0
167,2,0,0
168,2,0,0
169,2,0,0
170,1,0,0
171,1,0,0
172,1,0,0
173,1,0,0
174,1,0,0
175,1,0,0
176,2,0,0
177,1,0,0
178,1,0,0
179,1,0,0
180,1,0,0
181,2,0,0
182,1,0,0
183,1,0,0
184,1,0,0
185,1,0,0
186,1,0,0
187,1,0,0
188,1,0,0
189,1,0,0
190,1,0,0
191,1,0,0
192,1,0,0
193,1,0,0
194,2,0,0
195,1,0,0
196,1,0,0
197,1,0,0
198,1,0,0
199,1,0,0
200,2,0,0
201,3,0,0
202,2,0,0
203,3,0,0
204,3,0,0
205,3,0,0
206,3,0,0
207,2,0,0
208,2,0,0
209,2,0,0
210,2,0,0
211,3,0,0
212,3,0,0
213,2,0,0
214,2,0,0
215,2,0,0
216,2,0,0
217,2,0,0
218,2,0,0
219,2,0,0
220,2,0,0
221,2,0,0
222,2,0,0
223,2,0,0
224,2,0,0
225,2,0,0
226,2,0,0
227,2,0,0
228,3,0,0
229,3,0,0
230,2,0,0
231,4,0,0
232,4,2,1
233,4,2,1
234,3,2,1
235,3,2,1
236,3,2,1
237,2,2,1
238,2,2,1
239,3,2,1
240,2,2,1
241,3,2,1
242,1,0,0
243,1,0,0
244,2,0,0
245,3,0,0
246,4,0,0
247,3,0,0
248,3,2,1
249,3,3,2
250,3,3,2
251,3,3,2
252,3,3,2
253,3,3,2
254,3,3,3
255,3,3,3
256,3,0,0
257,3,3,2
258,3,2,1
259,3,2,1
260,3,2,1
261,3,0,0
262,3,0,0
263,4,2,1
264,3,0,0
265,4,0,0
266,3,0,0
267,3,0,0
268,3,0,0
269,2,0,0
270,2,0,0
271,3,0,0
272,2,0,0
273,2,0,0
274,2,0,0
275,3,0,0
276,3,0,0
277,2,0,0
278,2,0,0
279,2,0,0
280,2,0,0
281,3,0,0
282,2,0,0
283,2,0,0
284,2,0,0
285,3,0,0
286,3,0,0
287,3,0,0
288,2,0,0
289,2,0,0
290,2,0,0
291,1,0,0
292,1,0,0
293,2,0,0
294,2,0,0
295,2,0,0
296,2,0,0
297,2,0,0
298,2,0,0
299,2,0,0
300,3,0,0
301,2,0,0
302,2,0,0
303,2,0,0
304,2,0,0
305,2,0,0
306,2,0,0
307,3,0,0
308,2,0,0
309,2,0,0
310,2,0,0
311,2,0,0
312,2,0,0
313,2,0,0
314,2,0,0
315,4,0,0
316,3,0,0
317,3,0,0
318,3,0,0
319,4,0,0
320,2,0,0
321,3,2,1
322,3,2,1
323,3,3,2
324,3,3,2
325,3,3,2
326,3,3,3
327,3,3,3
328,3,3,3
329,3,3,2
330,4,3,3
331,4,3,2
332,4,3,2
333,5,4,4
334,5,4,5
335,5,4,3
336,5,4,5
337,5,4,4
338,5,4,4
339,5,4,3
340,5,3,2
341,5,3,3
342,5,2,1
343,3,2,1
344,3,3,2
345,3,3,3
346,3,3,3
347,3,3,3
348,3,3,2
349,3,3,2
350,4,3,2
351,3,3,2
352,3,3,2
353,3,3,2
354,3,3,2
355,3,2,1
356,3,3,2
357,3,3,2
358,4,3,2
359,4,3,3
360,3,2,1
361,3,0,0
362,3,0,0
363,3,0,0
364,3,0,0
365,3,0,0
366,3,0,0
367,2,0,0
368,2,0,0
369,2,0,0
370,2,0,0
371,2,0,0
372,1,0,0
373,1,0,0
374,1,0,0
375,1,0,0
376,1,0,0
377,1,0,0
378,1,0,0
379,2,0,0
380,1,0,0
381,1,0,0
382,1,0,0
383,1,0,0
384,1,0,0
385,2,0,0
386,1,0,0
387,2,0,0
388,2,0,0
389,2,0,0
390,2,0,0
391,2,0,0
392,2,0,0
393,2,0,0
394,2,0,0
395,2,0,0
396,2,0,0
397,2,0,0
398,2,2,1
399,2,0,0
400,2,0,0
401,3,0,0
402,4,0,0
403,5,0,0
404,1,0,0
405,1,0,0
406,1,0,0
407,1,0,0
408,1,0,0
409,1,0,0
410,1,0,0
411,1,0,0
412,1,0,0
413,2,0,0
414,1,0,0
415,1,0,0
416,2,0,0
417,3,0,0
418,3,0,0
419,2,0,0
420,3,0,0
421,2,0,0
422,2,0,0
423,2,0,0
424,2,0,0
425,2,0,0
426,2,0,0
427,3,0,0
428,3,0,0
429,3,0,0
430,3,0,0
431,4,0,0
432,3,0,0
433,3,0,0
434,3,2,1
435,3,0,0
436,3,0,0
437,3,0,0
438,3,0,0
439,2,0,0
440,1,0,0
441,2,0,0
442,2,0,0
443,2,0,0
444,2,0,0
445,2,0,0
446,2,0,0
447,3,0,0
448,3,0,0
449,3,0,0
450,3,0,0
451,4,0,0
452,4,0,0
453,3,0,0
454,4,0,0
455,4,0,0
456,3,0,0
457,3,0,0
458,3,0,0
459,3,0,0
460,3,0,0
461,2,0,0
462,3,0,0
463,2,2,1
464,2,0,0
465,2,0,0
466,2,0,0
467,2,0,0
468,2,0,0
469,2,0,0
470,2,0,0
471,2,0,0
472,2,0,0
473,1,0,0
474,1,0,0
475,1,0,0
476,1,0,0
477,1,0,0
478,1,0,0
479,1,0,0
480,1,0,0
481,1,0,0
482,1,0,0
483,1,0,0
484,3,0,0
485,1,0,0
486,1,0,0
487,1,0,0
488,1,0,0
489,1,0,0
490,1,0,0
491,2,0,0
492,3,0,0
493,4,2,1
494,3,2,1
495,3,0,0
496,3,0,0
497,2,0,0
498,2,0,0
499,2,2,1
500,2,0,0
501,2,0,0
502,2,0,0
503,2,0,0
504,2,0,0
505,2,0,0
506,1,0,0
507,1,0,0
508,2,2,1
509,2,2,1
510,2,2,1
511,2,2,1
512,2,2,1
513,2,2,1
514,2,0,0
515,2,0,0
516,2,0,0
517,2,0,0
518,2,0,0
519,3,0,0
520,3,2,1
521,3,0,0
522,3,0,0
523,3,0,0
524,3,0,0
525,2,0,0
526,3,2,1
527,3,0,0
528,3,0,0
529,2,0,0
530,2,0,0
531,2,0,0
532,2,0,0
533,3,0,0
534,3,0,0
535,3,0,0
536,3,0,0
537,2,0,0
538,2,0,0
539,2,0,0
540,3,0,0
541,3,0,0
542,3,0,0
543,3,0,0
544,3,0,0
545,3,0,0
546,3,0,0
547,3,0,0
548,2,0,0
549,3,2,1
550,3,0,0
551,3,0,0
552,3,0,0
553,3,0,0
554,3,0,0
555,3,0,0
556,3,0,0
557,3,0,0
558,3,0,0
559,3,0,0
560,3,0,0
561,3,0,0
562,2,2,1
563,3,0,0
564,4,0,0
565,4,0,0
566,4,2,1
567,2,0,0
568,2,0,0
569,2,0,0
570,3,0,0
571,2,0,0
572,2,0,0
573,2,0,0
574,2,0,0
575,2,0,0
576,2,0,0
577,2,0,0
578,2,0,0
579,1,0,0
580,2,0,0
581,1,0,0
582,1,0,0
583,2,0,0
584,1,0,0
585,1,0,0
586,2,0,0
587,1,0,0
588,2,0,0
589,2,0,0
590,2,0,0
591,2,0,0
592,2,0,0
593,2,0,0
594,2,2,1
595,2,0,0
596,2,0,0
597,2,0,0
598,2,2,1
599,2,0,0
600,2,0,0
601,2,0,0
602,2,0,0
603,2,0,0
604,2,0,0
605,2,0,0
606,2,0,0
607,2,0,0
608,3,0,0
609,3,2,1
610,3,0,0
611,3,0,0
612,3,0,0
613,2,0,0
614,2,0,0
615,2,0,0
616,2,0,0
617,2,0,0
618,3,0,0
619,3,0,0
620,3,0,0
621,3,0,0
622,2,0,0
623,2,0,0
624,2,0,0
625,2,0,0
626,2,0,0
627,2,0,0
628,2,0,0
629,2,0,0
630,2,0,0
631,3,2,1
632,2,0,0
633,1,0,0
634,1,0,0
635,1,0,0
636,2,0,0
637,3,0,0
638,4,0,0
639,3,0,0
640,2,0,0
641,2,0,0
642,2,0,0
643,2,0,0
644,2,0,0
645,3,0,0
646,2,0,0
647,2,0,0
648,2,0,0
649,2,0,0
650,2,0,0
651,2,0,0
652,2,0,0
653,2,0,0
654,2,0,0
655,2,0,0
656,2,0,0
657,3,0,0
658,3,0,0
659,3,0,0
660,3,0,0
661,3,0,0
662,2,0,0
663,2,0,0
664,2,0,0
665,3,0,0
666,2,0,0
667,2,0,0
668,1,0,0
669,2,0,0
670,2,0,0
671,2,0,0
672,3,0,0
673,1,0,0
674,1,0,0
675,1,0,0
676,1,0,0
677,1,0,0
678,1,0,0
679,1,0,0
680,1,0,0
681,1,0,0
682,1,0,0
683,2,0,0
684,1,0,0
685,1,0,0
686,1,0,0
687,1,0,0
688,1,0,0
689,1,0,0
690,1,0,0
691,1,0,0
692,1,0,0
693,2,0,0
694,1,0,0
695,1,0,0
696,1,0,0
697,1,0,0
698,1,0,0
699,1,0,0
700,1,0,0
701,1,0,0
702,1,0,0
703,1,0,0
704,1,0,0
705,1,0,0
706,1,0,0
707,1,0,0
708,1,0,0
709,3,0,0
710,2,0,0
711,2,0,0
712,1,0,0
713,1,0,0
714,1,0,0
715,1,0,0
716,1,0,0
717,1,0,0
718,0,0,0
719,2,0,0
720,2,0,0
721,2,0,0
722,4,0,0
723,4,0,0
724,4,0,0
725,5,2,1
726,4,3,2
727,5,2,1
728,4,3,2
729,4,3,2
730,4,3,2
731,4,2,1
732,3,0,0
733,4,0,0
734,4,0,0
735,5,0,0
736,5,0,0
737,5,0,0
738,5,0,0
739,5,3,2
740,4,3,2
741,4,3,2
742,3,0,0
743,3,0,0
744,3,0,0
745,3,0,0
746,4,0,0
747,4,0,0
748,2,0,0
749,2,0,0
750,2,0,0
751,2,0,0
752,2,2,1
753,2,0,0
754,2,2,1
755,2,0,0
756,2,0,0
757,2,0,0
758,2,2,1
759,2,2,1
760,2,2,1
761,2,0,0
762,2,0,0
763,2,0,0
764,2,0,0
765,3,0,0
766,4,0,0
767,5,0,0
768,3,0,0
769,3,0,0
770,3,0,0
771,4,2,1
772,3,0,0
773,3,0,0
774,3,0,0
775,3,0,0
776,3,0,0
777,2,0,0
778,2,0,0
779,2,0,0
780,1,0,0
781,2,0,0
782,3,0,0
783,2,0,0
784,2,0,0
785,2,0,0
786,2,0,0
787,2,0,0
788,2,0,0
789,3,0,0
790,2,0,0
791,2,0,0
792,2,0,0
793,2,0,0
794,2,0,0
795,3,0,0
796,3,0,0
797,3,0,0
798,2,0,0
799,2,0,0
800,2,0,0
801,2,0,0
802,2,0,0
803,2,0,0
804,2,0,0
805,2,0,0
806,2,0,0
807,2,0,0
808,3,0,0
809,2,0,0
810,1,0,0
811,1,0,0
812,1,0,0
813,1,0,0
814,1,0,0
815,1,0,0
816,1,0,0
817,1,0,0
818,1,0,0
819,1,0,0
820,1,0,0
821,1,0,0
822,1,0,0
823,1,0,0
824,2,0,0
825,2,0,0
826,2,0,0
827,3,0,0
828,3,0,0
829,3,0,0
830,3,0,0
831,3,0,0
832,2,0,0
833,2,0,0
834,2,0,0
835,2,0,0
836,2,0,0
837,2,0,0
838,1,0,0
839,2,0,0
840,3,0,0
841,3,0,0
842,3,0,0
843,3,2,1
844,2,0,0
845,2,0,0
846,3,0,0
847,3,0,0
848,3,0,0
849,3,0,0
850,3,0,0
851,3,0,0
852,3,0,0
853,3,0,0
854,3,0,0
855,3,0,0
856,3,0,0
857,2,0,0
858,3,0,0
859,3,0,0
860,3,0,0
861,4,0,0
862,4,0,0
863,3,0,0
864,3,0,0
865,3,0,0
866,3,0,0
867,2,0,0
868,2,0,0
869,2,0,0
870,1,0,0
871,2,0,0
872,2,0,0
873,2,0,0
874,1,0,0
875,2,0,0
876,1,0,0
877,1,0,0
878,3,0,0
879,3,0,0
880,3,0,0
881,3,0,0
882,3,0,0
883,3,0,0
884,2,0,0
885,3,0,0
886,2,0,0
887,2,0,0
888,2,0,0
889,1,0,0
890,1,0,0
891,1,0,0
892,1,0,0
893,2,0,0
894,2,0,0
895,2,0,0
896,2,0,0
897,3,0,0
898,3,0,0
899,3,0,0
900,3,0,0
901,3,2,1
902,3,3,2
903,3,0,0
904,3,0,0
905,2,0,0
906,2,0,0
907,3,0,0
908,3,0,0
909,3,0,0
910,3,0,0
911,3,0,0
912,3,0,0
913,1,0,0
914,2,0,0
915,2,0,0
916,2,0,0
917,3,0,0
918,3,0,0
919,3,0,0
920,3,0,0
921,2,0,0
922,2,0,0
923,1,0,0
924,1,0,0
925,1,0,0
926,1,0,0
927,1,0,0
928,2,0,0
929,1,0,0
930,1,0,0
931,1,0,0
932,1,0,0
933,1,0,0
934,1,0,0
935,1,0,0
936,1,0,0
937,1,0,0
938,2,0,0
939,1,0,0
940,2,0,0
941,2,0,0
942,2,0,0
943,2,0,0
944,3,0,0
945,2,0,0
946,2,0,0
947,1,0,0
948,1,0,0
949,1,0,0
950,1,0,0
951,1,0,0
952,1,0,0
953,1,0,0
954,3,0,0
955,2,0,0
956,1,0,0
957,1,0,0
958,2,0,0
959,1,0,0
960,1,0,0
961,1,0,0
962,1,0,0
963,1,0,0
964,1,0,0
965,1,0,0
966,1,0,0
967,1,0,0
968,2,0,0
969,2,0,0
970,2,0,0
971,1,0,0
972,1,0,0
973,2,0,0
974,1,0,0
975,1,0,0
976,2,0,0
977,1,0,0
978,2,0,0
979,2,0,0
980,2,0,0
981,2,0,0
982,2,0,0
983,1,0,0
984,1,0,0
985,0,0,0
986,0,0,0
987,0,0,0
988,0,0,0
989,0,0,0
990,1,0,0
991,1,0,0
992,0,0,0
993,1,0,0
994,2,0,0
995,1,0,0
996,3,0,0
997,3,0,0
998,3,0,0
999,3,0,0
1000,3,0,0
1001,4,0,0
1002,3,0,0
1003,3,0,0
1004,3,0,0
1005,3,0,0
1006,3,0,0
1007,3,0,0
1008,4,2,1
1009,4,0,0
1010,3,0,0
1011,4,0,0
1012,4,0,0
1013,4,0,0
1014,3,0,0
1015,3,2,1
1016,3,0,0
1017,4,0,0
1018,3,0,0
1019,2,0,0
1020,3,0,0
1021,2,0,0
1022,3,0,0
1023,2,0,0
1024,2,2,1
1025,2,0,0
1026,2,0,0
1027,2,0,0
1028,2,0,0
1029,2,2,1
1030,2,0,0
1031,2,0,0
1032,4,0,0
1033,3,0,0
1034,2,0,0
1035,1,0,0
1036,0,0,0
1037,0,0,0
1038,0,0,0
1039,1,0,0
1040,1,0,0
1041,1,0,0
1042,1,0,0
1043,1,0,0
1044,1,0,0
1045,1,0,0
1046,1,0,0
1047,2,0,0
1048,1,0,0
1049,1,0,0
1050,1,0,0
1051,1,0,0
1052,2,2,1
1053,3,2,1
1054,3,0,0
1055,3,0,0
1056,3,0,0
1057,3,0,0
1058,3,0,0
1059,3,0,0
1060,3,0,0
1061,3,2,1
1062,3,2,1
1063,3,0,0
1064,2,0,0
1065,3,0,0
1066,4,0,0
1067,3,0,0
1068,3,0,0
1069,3,0,0
1070,3,0,0
1071,3,2,1
1072,2,0,0
1073,2,0,0
1074,3,0,0
1075,2,0,0
1076,4,0,0
1077,5,0,0
1078,4,0,0
1079,2,0,0
1080,2,0,0
1081,3,0,0
1082,3,0,0
1083,3,0,0
1084,3,0,0
1085,3,0,0
1086,4,0,0
1087,2,0,0
1088,4,0,0
1089,3,0,0
1090,3,0,0
1091,3,0,0
1092,3,0,0
1093,2,0,0
1094,2,0,0
1095,2,0,0
1096,2,0,0
1097,2,0,0
1098,2,0,0
1099,2,0,0
1100,3,2,1
1101,2,0,0
1102,2,0,0
1103,2,0,0
1104,2,0,0
1105,2,0,0
1106,2,0,0
1107,2,0,0
1108,2,0,0
1109,2,0,0
1110,2,0,0
1111,2,0,0
1112,2,0,0
1113,2,0,0
1114,2,0,0
1115,2,0,0
1116,2,0,0
1117,2,0,0
1118,2,0,0
1119,2,0,0
1120,2,0,0
1121,2,0,0
1122,3,0,0
1123,3,0,0
1124,3,0,0
1125,3,0,0
1126,3,0,0
1127,1,0,0
1128,1,0,0
1129,1,0,0
1130,2,0,0
1131,2,0,0
1132,3,0,0
1133,3,0,0
1134,2,0,0
1135,3,0,0
1136,2,0,0
1137,3,0,0
1138,3,0,0
1139,3,0,0
1140,2,0,0
1141,1,0,0
1142,2,0,0
1143,2,0,0
1144,2,0,0
1145,2,0,0
1146,2,0,0
1147,2,0,0
1148,2,0,0
1149,2,0,0
1150,2,0,0
1151,2,0,0
1152,2,0,0
1153,2,0,0
1154,2,0,0
1155,2,0,0
1156,2,0,0
1157,2,0,0
1158,1,0,0
1159,1,0,0
1160,1,0,0
1161,2,0,0
1162,2,0,0
1163,2,0,0
1164,3,0,0
1165,1,0,0
1166,1,0,0
1167,2,0,0
1168,1,0,0
1169,1,0,0
1170,1,0,0
1171,2,0,0
1172,2,0,0
1173,2,0,0
1174,2,0,0
1175,2,0,0
1176,2,0,0
1177,2,0,0
1178,2,0,0
1179,3,0,0
1180,2,0,0
1181,2,0,0
1182,2,0,0
1183,2,0,0
1184,2,0,0
1185,2,0,0
1186,2,0,0
1187,2,0,0
1188,2,0,0
1189,2,0,0
1190,2,0,0
1191,2,0,0
1192,2,0,0
1193,2,0,0
1194,2,0,0
1195,2,0,0
1196,2,0,0
1197,2,0,0
1198,3,0,0
1199,3,0,0
1200,3,2,1
1201,3,2,1
1202,3,0,0
1203,2,2,1
1204,2,0,0
1205,3,0,0
1206,3,0,0
1207,3,0,0
1208,3,0,0
1209,3,0,0
1210,3,0,0
1211,2,0,0
1212,2,0,0
1213,2,0,0
1214,2,0,0
1215,2,0,0
1216,2,0,0
1217,2,0,0
1218,2,0,0
1219,3,2,1
1220,3,3,2
1221,4,0,0
1222,3,0,0
1223,3,0,0
1224,1,0,0
1225,1,0,0
1226,2,0,0
1227,2,0,0
1228,1,0,0
1229,2,0,0
1230,2,0,0
1231,2,0,0
1232,2,0,0
1233,2,0,0
1234,2,0,0
1235,2,0,0
1236,2,0,0
1237,2,0,0
1238,2,0,0
1239,1,0,0
1240,1,0,0
1241,1,0,0
1242,1,0,0
1243,1,0,0
1244,1,0,0
1245,1,0,0
1246,2,0,0
1247,2,0,0
1248,2,0,0
1249,2,0,0
1250,3,0,0
1251,3,0,0
1252,3,0,0
1253,3,0,0
1254,3,0,0
1255,3,0,0
1256,2,0,0
1257,2,0,0
1258,1,0,0
1259,2,0,0
1260,1,0,0
1261,1,0,0
1262,1,0,0
1263,1,0,0
1264,1,0,0
1265,1,0,0
1266,1,0,0
1267,3,0,0
1268,2,0,0
1269,2,0,0
1270,2,0,0
1271,2,0,0
1272,2,0,0
1273,2,0,0
1274,2,0,0
1275,2,0,0
1276,2,0,0
1277,2,0,0
1278,2,0,0
1279,2,0,0
1280,2,0,0
1281,2,0,0
1282,2,0,0
1283,2,0,0
1284,3,0,0
1285,3,0,0
1286,2,0,0
1287,2,0,0
1288,2,0,0
1289,2,0,0
1290,1,0,0
1291,1,0,0
1292,2,0,0
1293,3,0,0
1294,4,2,1
1295,4,2,1
1296,3,0,0
1297,3,0,0
1298,2,0,0
1299,2,0,0
1300,2,0,0
1301,2,0,0
1302,3,0,0
1303,3,0,0
1304,3,2,1
1305,3,0,0
1306,3,0,0
1307,3,0,0
1308,2,0,0
1309,3,0,0
1310,4,0,0
1311,3,0,0
1312,2,0,0
1313,2,0,0
1314,2,0,0
1315,2,0,0
1316,2,0,0
1317,2,0,0
1318,2,0,0
1319,1,0,0
1320,2,0,0
1321,1,0,0
1322,1,0,0
1323,1,0,0
1324,2,2,1
1325,2,0,0
1326,2,0,0
1327,2,0,0
1328,2,0,0
1329,2,0,0
1330,2,0,0
1331,2,0,0
1332,3,0,0
1333,4,0,0
1334,3,0,0
1335,2,0,0
1336,2,0,0
1337,2,0,0
1338,2,0,0
1339,4,2,1
1340,2,2,1
1341,2,0,0
1342,2,2,1
1343,2,2,1
1344,2,0,0
1345,1,0,0
1346,1,0,0
1347,2,0,0
1348,2,0,0
1349,2,0,0
1350,2,0,0
1351,2,0,0
1352,2,0,0
1353,2,0,0
1354,2,0,0
1355,2,0,0
1356,3,0,0
1357,3,0,0
1358,3,2,1
1359,3,2,1
1360,4,2,1
1361,3,2,1
1362,3,2,1
1363,2,2,1
1364,2,0,0
1365,2,0,0
1366,2,0,0
1367,2,0,0
1368,2,0,0
1369,2,0,0
1370,2,0,0
1371,2,0,0
1372,2,0,0
1373,2,0,0
1374,2,0,0
1375,1,0,0
1376,1,0,0
1377,1,0,0
1378,3,0,0
1379,2,0,0
1380,2,0,0
1381,1,0,0
1382,1,0,0
1383,1,0,0
1384,1,0,0
1385,1,0,0
1386,1,0,0
1387,0,0,0
1388,0,0,0
1389,1,0,0
1390,0,0,0
1391,0,0,0
1392,0,0,0
1393,0,0,0
1394,0,0,0
1395,0,0,0
1396,0,0,0
1397,1,0,0
1398,1,0,0
1399,1,0,0
1400,2,0,0
1401,2,0,0
1402,2,0,0
1403,2,0,0
1404,2,0,0
1405,2,0,0
1406,3,0,0
1407,3,0,0
1408,3,0,0
1409,4,0,0
1410,3,0,0
1411,3,0,0
1412,3,0,0
1413,3,0,0
1414,3,0,0
1415,3,0,0
1416,3,0,0
1417,3,0,0
1418,3,0,0
1419,3,0,0
1420,2,0,0
1421,2,0,0
1422,2,0,0
1423,3,2,1
1424,2,2,1
1425,2,2,1
1426,3,0,0
1427,3,0,0
1428,3,0,0
1429,3,0,0
1430,3,0,0
1431,3,0,0
1432,3,0,0
1433,3,0,0
1434,3,0,0
1435,3,0,0
1436,3,0,0
1437,4,0,0
1438,3,0,0
1439,3,0,0
1440,4,2,1
1441,3,2,1
1442,3,3,2
1443,3,3,3
1444,3,3,2
1445,4,3,3
1446,4,3,2
1447,4,3,3
1448,4,3,3
1449,4,2,1
1450,4,2,1
1451,3,3,3
1452,3,3,2
1453,4,3,2
1454,4,3,3
1455,3,3,2
1456,4,4,4
1457,4,2,1
1458,4,3,3
1459,4,3,2
1460,4,4,5
1461,4,4,4
1462,4,4,4
1463,4,4,5
1464,4,4,5
1465,4,4,3
1466,4,4,5
1467,4,4,4
1468,4,4,5
1469,4,4,5
1470,4,4,5
1471,4,4,5
1472,4,4,4
1473,4,4,3
1474,5,4,5
1475,4,4,3
1476,4,4,4
1477,4,4,5
1478,4,4,4
1479,4,4,4
1480,4,4,5
1481,4,4,4
1482,4,4,4
1483,4,4,4
1484,4,4,4
1485,4,4,4
1486,4,4,5
1487,4,4,5
1488,4,4,4
1489,4,4,4
1490,4,4,4
1491,5,5,7
1492,5,5,6
1493,5,4,5
1494,5,5,5
1495,5,5,5
1496,5,5,7
1497,5,5,7
1498,5,5,6
1499,5,5,5
1500,4,4,4
1501,5,5,6
1502,5,5,6
1503,5,5,6
1504,5,5,6
1505,5,5,7
1506,5,5,7
1507,5,5,7
1508,5,5,6
1509,6,5,7
1510,5,5,6
1511,5,5,7
1512,6,5,6
1513,6,5,7
1514,6,5,7
1515,6,5,6
1516,6,5,6
1517,6,5,7
1518,6,5,6
1519,6,5,6
1520,6,5,7
1521,6,5,6
1522,5,5,7
1523,5,5,7
1524,5,5,7
1525,5,5,7
1526,5,5,6
1527,5,5,7
1528,5,5,7
1529,5,5,7
1530,5,5,7
1531,5,5,7
1532,5,5,7
1533,5,5,7
1534,5,5,7
1535,5,5,7
1536,5,5,5
1537,5,4,5
1538,5,4,5
1539,5,4,5
1540,5,4,5
1541,5,4,5
1542,6,4,4
1543,6,4,3
1544,6,4,4
1545,6,4,5
1546,6,4,4
1547,6,4,4
1548,6,4,5
1549,6,5,5
1550,6,5,7
1551,6,5,5
1552,5,4,5
1553,6,5,7
1554,6,5,6
1555,5,5,5
1556,5,5,6
1557,5,5,6
1558,5,4,3
1559,5,4,5
1560,5,4,5
1561,5,4,5
1562,5,4,5
1563,5,4,5
1564,5,4,5
1565,5,4,5
1566,5,4,5
1567,5,4,5
1568,5,4,4
1569,4,4,3
1570,5,5,6
1571,6,5,7
1572,5,5,7
1573,6,5,7
1574,5,5,5
1575,5,5,7
1576,5,5,5
1577,5,5,6
1578,5,5,6
1579,5,5,7
1580,5,5,7
1581,5,5,7
1582,5,5,7
1583,5,5,7
1584,5,5,7
1585,5,5,7
1586,6,5,7
1587,5,5,7
1588,6,5,7
1589,6,5,7
1590,6,5,7
1591,6,5,7
1592,6,5,7
1593,6,6,9
1594,6,6,8
1595,6,6,9
1596,6,6,9
1597,6,6,8
1598,7,6,9
1599,7,6,8
1600,7,6,7
1601,6,5,6
1602,6,5,7
1603,7,6,9
1604,7,6,9
1605,6,6,9
1606,6,6,9
1607,6,6,9
1608,6,6,9
1609,6,6,8
1610,6,6,9
1611,6,6,8
1612,6,6,9
1613,6,6,8
1614,6,6,9
1615,6,6,9
1616,6,6,9
1617,6,6,9
1618,6,6,9
1619,7,7,11
1620,7,7,11
1621,7,7,11
1622,7,7,11
1623,7,7,11
1624,7,7,11
1625,7,7,11
1626,7,7,10
1627,7,6,9
1628,6,6,9
1629,6,6,9
1630,6,6,9
1631,7,7,10
1632,7,7,10
1633,7,7,11
1634,7,7,11
1635,7,7,11
1636,7,7,11
1637,7,7,11
1638,7,7,10
1639,7,7,10
1640,7,7,11
1641,7,7,11
1642,7,7,11
1643,7,7,11
1644,7,7,11
1645,7,7,11
1646,7,7,10
1647,7,7,11
1648,7,7,11
1649,6,6,9
1650,7,7,8
1651,7,7,11
1652,7,7,10
1653,7,7,11
1654,7,7,11
1655,7,7,11
1656,7,7,11
1657,7,7,11
1658,7,7,11
1659,7,7,11
1660,7,7,11
1661,7,7,10
1662,7,7,11
1663,7,7,11
1664,7,7,11
1665,7,7,11
1666,7,7,10
1667,7,7,11
1668,7,7,11
1669,7,7,10
1670,6,6,9
1671,6,6,9
1672,7,7,10
1673,7,7,9
1674,6,6,9
1675,6,6,9
1676,6,6,9
1677,7,7,11
1678,8,7,10
1679,7,6,8
1680,8,8,12
1681,7,7,11
1682,8,8,13
1683,8,8,12
1684,8,8,12
1685,8,8,12
1686,8,8,12
1687,8,8,12
1688,8,8,12
1689,8,7,11
1690,8,7,10
1691,8,7,11
1692,8,7,11
1693,8,7,11
1694,7,7,11
1695,7,7,10
1696,7,7,10
1697,7,7,11
1698,7,7,11
1699,7,7,10
1700,7,7,11
1701,7,7,11
1702,7,7,11
1703,7,7,11
1704,7,7,11
1705,8,7,11
1706,7,7,10
1707,7,7,11
1708,7,7,10
1709,7,7,10
1710,7,7,10
1711,7,7,11
1712,7,7,11
1713,7,7,10
1714,7,7,10
1715,6,6,9
1716,7,7,11
1717,7,7,9
1718,7,7,10
1719,7,7,11
1720,6,6,9
1721,7,7,10
1722,7,7,10
1723,7,7,11
1724,6,6,8
1725,7,7,9
1726,7,7,11
1727,7,7,11
1728,6,6,9
1729,7,7,10
1730,7,7,11
1731,7,7,10
1732,7,7,11
1733,7,7,9
1734,7,7,10
1735,7,7,10
1736,7,7,10
1737,7,7,11
1738,7,7,11
1739,7,7,11
1740,7,7,11
1741,7,7,11
1742,7,7,11
1743,7,7,11
1744,8,7,10
1745,8,7,10
1746,7,7,10
1747,7,7,11
1748,7,7,11
1749,7,7,11
1750,7,7,11
1751,7,7,11
1752,7,7,11
1753,7,7,11
1754,7,7,11
1755,7,7,10
1756,7,7,11
1757,7,7,11
1758,7,7,10
1759,6,6,8
1760,7,7,10
1761,7,7,10
1762,7,7,11
1763,7,7,11
1764,7,7,11
1765,7,7,11
1766,7,7,11
1767,7,7,11
1768,7,7,11
1769,7,7,11
1770,7,7,9
1771,8,8,11
1772,8,8,12
1773,8,8,13
1774,7,7,11
1775,8,8,13
1776,7,7,11
1777,8,8,12
1778,8,8,13
1779,8,8,13
1780,8,8,13
1781,8,8,13
1782,9,9,14
1783,8,8,13
1784,8,8,13
1785,8,8,13
1786,8,8,13
1787,9,8,13
1788,8,8,12
1789,9,9,13
1790,8,8,13
1791,9,9,14
1792,9,9,16
1793,9,9,15
1794,9,9,15
1795,9,9,16
1796,9,9,15
1797,10,10,17
1798,9,9,16
1799,9,9,16
1800,9,9,15
1801,9,9,16
1802,9,9,16
1803,9,9,16
1804,9,9,16
1805,9,9,16
1806,9,9,16
1807,9,9,15
1808,9,9,16
1809,9,9,16
1810,9,9,16
1811,9,9,16
1812,9,9,16
1813,9,9,15
1814,9,9,16
1815,9,9,15
1816,9,9,16
1817,9,9,16
1818,9,9,16
1819,9,9,16
1820,9,9,16
1821,9,9,16
1822,9,9,16
1823,9,9,15
1824,9,9,16
1825,9,9,16
1826,9,9,16
1827,9,9,16
1828,9,9,16
1829,9,9,16
1830,9,9,16
1831,9,9,15
1832,9,9,16
1833,9,9,15
1834,9,9,16
1835,9,9,16
1836,9,9,15
1837,9,9,12
1838,9,9,15
1839,9,9,15
1840,9,9,16
1841,9,9,16
1842,9,9,15
1843,9,9,14
1844,7,7,11
1845,7,7,11
1846,9,9,14
1847,9,9,16
1848,9,9,16
1849,9,9,16
1850,9,9,16
1851,9,9,16
1852,9,9,16
1853,9,9,15
1854,9,9,14
1855,9,9,16
1856,9,9,15
1857,9,9,16
1858,9,9,16
1859,9,9,16
1860,9,9,16
1861,9,9,16
1862,9,9,15
1863,9,9,14
1864,9,9,16
1865,9,9,15
1866,9,9,15
1867,9,9,14
1868,7,6,9
1869,8,8,12
1870,8,8,12
1871,8,8,12
1872,8,8,13
1873,8,8,12
1874,8,8,12
1875,7,7,11
1876,8,8,13
1877,8,8,13
1878,8,8,13
1879,8,8,13
1880,8,8,12
1881,8,8,13
1882,8,8,12
1883,8,8,11
1884,8,8,12
1885,8,8,13
1886,8,8,13
1887,8,8,13
1888,8,8,13
1889,8,8,13
1890,8,8,13
1891,8,8,13
1892,8,8,13
1893,8,8,12
1894,8,8,12
1895,7,7,10
1896,8,8,13
1897,8,8,13
1898,8,8,13
1899,8,8,13
1900,8,8,13
1901,8,8,13
1902,8,8,13
1903,8,8,12
1904,8,8,12
1905,8,8,12
1906,8,8,12
1907,7,7,11
1908,8,8,13
1909,8,8,13
1910,8,8,12
1911,8,8,12
1912,8,7,9
1913,8,7,10
1914,8,8,12
1915,8,8,12
1916,8,8,13
1917,7,7,11
1918,8,8,13
1919,8,8,13
1920,8,8,13
1921,8,8,13
1922,8,8,13
1923,8,8,12
1924,8,8,12
1925,8,8,12
1926,8,8,12
1927,7,7,11
1928,8,8,13
1929,8,8,13
1930,8,8,13
1931,7,7,11
1932,8,8,11
1933,7,7,10
1934,8,8,12
1935,7,6,9
1936,8,8,12
1937,7,7,11
1938,8,8,13
1939,8,8,12
1940,8,8,13
1941,8,8,13
1942,8,8,13
1943,8,8,13
1944,8,8,12
1945,8,8,13
1946,8,8,13
1947,8,8,13
1948,8,8,13
1949,8,8,12
1950,7,7,11
1951,7,7,10
1952,8,8,13
1953,8,8,13
1954,8,7,10
1955,9,7,11
1956,7,7,9
1957,6,6,8
1958,6,6,8
1959,7,7,11
1960,7,7,11
1961,7,7,12
1962,7,7,11
1963,7,7,12
1964,7,7,12
1965,7,7,12
1966,7,7,12
1967,7,7,12
1968,7,7,12
1969,7,7,12
1970,8,7,12
1971,7,7,12
1972,7,7,12
1973,6,6,10
1974,7,7,12
1975,7,7,12
1976,7,7,12
1977,7,7,11
1978,7,7,12
1979,7,7,12
1980,7,7,11
1981,7,7,11
1982,8,7,12
1983,8,7,11
1984,8,7,12
1985,8,7,12
1986,8,7,12
1987,8,7,12
1988,7,7,11
1989,7,7,12
1990,7,7,12
1991,7,7,12
1992,7,7,12
1993,7,7,11
1994,7,7,12
1995,7,7,12
1996,7,7,11
1997,7,7,11
1998,7,7,12
1999,7,7,12
