0,0,0,0
1,1,0,0
2,1,0,0
3,1,0,0
4,2,0,0
5,2,0,0
6,3,0,0
7,2,0,0
8,2,0,0
9,2,0,0
10,2,0,0
11,2,0,0
12,2,0,0
13,2,0,0
14,2,0,0
15,2,0,0
16,2,0,0
17,2,0,0
18,1,0,0
19,1,0,0
20,1,0,0
21,1,0,0
22,2,0,0
23,2,0,0
24,1,0,0
25,1,0,0
26,2,0,0
27,3,0,0
28,2,0,0
29,2,0,0
30,2,0,0
31,2,0,0
32,2,0,0
33,2,0,0
34,2,0,0
35,2,0,0
36,1,0,0
37,1,0,0
38,1,0,0
39,1,0,0
40,1,0,0
41,2,0,0
42,2,0,0
43,1,0,0
44,1,0,0
45,2,0,0
46,1,0,0
47,1,0,0
48,1,0,0
49,1,0,0
50,1,0,0
51,1,0,0
52,1,0,0
53,1,0,0
54,1,0,0
55,1,0,0
56,1,0,0
57,1,0,0
58,1,0,0
59,1,0,0
60,1,0,0
61,1,0,0
62,1,0,0
63,1,0,0
64,2,0,0
65,2,0,0
66,2,0,0
67,2,0,0
68,2,0,0
69,2,0,0
70,2,0,0
71,2,0,0
72,2,0,0
73,2,0,0
74,2,0,0
75,2,0,0
76,3,0,0
77,3,0,0
78,3,0,0
79,3,0,0
80,3,0,0
81,3,0,0
82,3,2,1
83,3,2,1
84,3,3,2
85,3,3,3
86,4,3,3
87,4,3,3
88,5,3,3
89,5,3,3
90,5,3,3
91,5,3,3
92,5,3,2
93,5,3,2
94,5,3,2
95,6,5,7
96,5,4,4
97,6,5,7
98,5,5,7
99,6,5,6
100,5,5,6
101,6,6,7
102,6,6,9
103,6,6,10
104,7,6,10
105,7,7,12
106,6,6,10
107,6,6,10
108,6,6,9
109,6,6,9
110,6,6,10
111,6,6,10
112,7,6,10
113,6,6,9
114,6,6,10
115,6,6,10
116,6,6,9
117,6,6,8
118,6,6,9
119,7,6,9
120,6,6,10
121,6,6,9
122,7,6,10
123,7,6,10
124,6,6,9
125,6,6,10
126,6,6,10
127,6,6,9
128,6,6,10
129,6,6,10
130,6,6,9
131,6,6,10
132,6,6,9
133,6,6,10
134,6,6,9
135,6,6,8
136,6,6,10
137,6,6,10
138,6,6,10
139,6,6,9
140,6,6,10
141,6,6,10
142,6,6,10
143,6,6,10
144,7,6,10
145,7,6,10
146,7,6,10
147,7,6,10
148,7,6,8
149,7,6,10
150,7,6,10
151,7,6,10
152,7,6,10
153,7,6,10
154,7,6,9
155,7,6,10
156,7,6,10
157,7,7,12
158,7,7,12
159,7,7,12
160,7,7,12
161,7,7,12
162,7,7,12
163,7,7,12
164,7,7,12
165,7,7,12
166,7,7,12
167,7,7,12
168,7,7,12
169,7,7,12
170,7,7,12
171,7,7,12
172,7,7,12
173,7,7,12
174,7,7,11
175,7,7,11
176,7,7,12
177,7,7,12
178,7,7,12
179,7,7,12
180,7,7,12
181,7,7,11
182,7,7,12
183,7,7,12
184,7,7,12
185,7,7,12
186,7,7,12
187,7,7,12
188,7,7,12
189,7,7,12
190,7,7,12
191,8,7,12
192,8,7,12
193,7,7,10
194,7,7,12
195,7,7,12
196,7,7,12
197,7,7,12
198,7,7,12
199,7,7,12
200,7,7,12
201,7,7,12
202,7,7,12
203,7,7,11
204,7,7,12
205,7,7,11
206,7,7,11
207,7,6,10
208,7,7,12
209,7,7,12
210,7,7,12
211,7,7,12
212,7,7,12
213,7,7,12
214,7,7,12
215,7,7,12
216,7,7,12
217,7,7,12
218,7,7,12
219,7,7,12
220,7,7,12
221,7,7,12
222,7,7,12
223,7,7,12
224,7,7,12
225,7,7,12
226,7,7,12
227,7,7,12
228,7,7,12
229,7,7,12
230,7,7,12
231,8,7,12
232,8,7,12
233,8,7,11
234,8,7,12
235,8,7,12
236,8,7,12
237,8,7,12
238,8,7,12
239,7,7,12
240,7,7,12
241,7,7,10
242,7,7,12
243,7,7,12
244,7,7,12
245,7,7,11
246,7,7,12
247,7,7,11
248,7,6,9
249,8,7,12
250,8,7,12
251,8,7,12
252,8,7,12
253,8,7,12
254,8,8,14
255,8,8,14
256,8,8,14
257,8,8,14
258,8,8,14
259,8,8,14
260,8,8,14
261,8,8,14
262,8,8,14
263,8,8,14
264,8,8,13
265,8,8,13
266,8,8,12
267,8,8,14
268,8,8,12
269,8,8,14
270,8,8,14
271,6,6,10
272,8,8,13
273,8,8,13
274,8,8,14
275,8,8,14
276,8,8,13
277,8,8,14
278,8,8,14
279,8,8,13
280,8,8,14
281,8,8,14
282,8,8,14
283,8,8,14
284,8,8,14
285,8,8,14
286,8,8,14
287,8,8,13
288,8,8,12
289,8,8,14
290,8,8,14
291,8,8,14
292,8,8,14
293,8,8,14
294,8,8,14
295,8,8,14
296,8,8,14
297,8,8,14
298,8,8,14
299,8,8,14
300,8,8,14
301,8,8,14
302,8,8,14
303,8,8,13
304,8,8,14
305,8,8,14
306,8,8,13
307,8,8,13
308,8,8,14
309,8,8,13
310,8,8,13
311,8,8,14
312,8,8,14
313,7,7,12
314,8,8,14
315,8,8,14
316,8,8,14
317,8,8,14
318,8,8,14
319,8,8,14
320,8,8,14
321,8,8,14
322,8,8,14
323,9,8,14
324,8,8,14
325,8,8,13
326,8,8,13
327,8,8,14
328,8,8,14
329,8,8,14
330,8,8,14
331,8,8,14
332,8,8,14
333,8,8,13
334,8,8,14
335,8,8,13
336,8,8,12
337,7,7,11
338,7,7,11
339,7,7,11
340,6,6,9
341,7,7,10
342,7,7,11
343,7,7,11
344,7,7,11
345,7,7,10
346,7,7,9
347,8,7,10
348,6,6,8
349,6,6,8
350,7,6,9
351,7,6,8
352,7,6,9
353,7,6,9
354,6,6,9
355,6,6,8
356,6,6,8
357,5,5,6
358,6,6,8
359,5,5,5
360,6,6,8
361,6,6,8
362,6,6,9
363,6,6,9
364,6,6,8
365,6,5,7
366,6,5,7
367,6,5,7
368,6,5,6
369,6,6,9
370,6,6,8
371,6,6,8
372,6,6,9
373,6,6,7
374,7,6,8
375,6,6,9
376,6,6,9
377,6,6,9
378,6,6,9
379,6,6,9
380,6,6,8
381,6,6,8
382,6,6,8
383,6,6,9
384,6,6,8
385,6,6,9
386,6,6,9
387,6,6,9
388,6,6,9
389,6,6,8
390,6,6,9
391,6,6,9
392,6,6,9
393,6,6,9
394,6,6,9
395,6,6,9
396,6,6,8
397,6,6,8
398,6,5,7
399,5,5,7
400,5,5,6
401,5,5,7
402,6,6,8
403,5,5,7
404,5,5,6
405,5,5,5
406,5,4,5
407,5,5,6
408,5,5,6
409,5,5,5
410,5,5,5
411,5,5,6
412,5,5,6
413,5,5,5
414,5,5,5
415,5,5,7
416,5,5,5
417,7,5,7
418,6,5,7
419,6,5,6
420,6,5,6
421,6,5,7
422,6,5,6
423,6,5,6
424,6,5,7
425,6,5,7
426,6,5,7
427,6,5,7
428,6,5,7
429,6,5,7
430,6,5,7
431,6,5,7
432,6,5,7
433,6,5,7
434,6,6,9
435,6,6,10
436,6,6,10
437,6,6,10
438,6,6,10
439,6,6,10
440,6,6,9
441,6,6,10
442,6,6,10
443,6,6,10
444,6,6,8
445,6,6,9
446,6,6,10
447,6,6,9
448,6,6,9
449,6,6,10
450,6,6,10
451,6,6,10
452,6,6,10
453,6,6,10
454,6,6,10
455,6,6,10
456,6,6,10
457,6,6,10
458,6,6,9
459,6,6,10
460,7,6,10
461,7,6,9
462,7,6,10
463,7,6,10
464,7,6,10
465,7,6,10
466,7,6,10
467,7,6,10
468,7,6,9
469,7,6,10
470,7,6,9
471,7,6,10
472,7,6,8
473,7,6,10
474,7,6,9
475,7,6,10
476,7,6,10
477,7,7,11
478,7,7,12
479,7,7,12
480,7,7,12
481,6,6,9
482,7,7,12
483,7,7,12
484,6,6,10
485,7,7,11
486,7,7,11
487,7,7,11
488,7,7,12
489,7,7,12
490,7,7,12
491,7,7,11
492,7,7,11
493,7,7,12
494,7,7,12
495,7,7,12
496,7,7,12
497,7,7,12
498,7,7,12
499,7,7,12
500,8,7,12
501,7,7,11
502,7,7,12
503,7,7,12
504,7,7,12
505,7,7,11
506,7,7,12
507,7,7,12
508,7,7,12
509,7,7,12
510,7,7,12
511,7,7,12
512,7,7,11
513,7,7,12
514,7,7,12
515,7,7,12
516,7,7,12
517,7,7,10
518,7,7,12
519,7,7,12
520,7,7,12
521,7,7,11
522,7,7,12
523,6,6,10
524,7,7,12
525,7,7,12
526,7,7,11
527,7,7,12
528,7,7,10
529,7,7,12
530,7,7,11
531,7,7,12
532,7,7,11
533,7,7,12
534,7,7,12
535,7,7,12
536,7,7,12
537,7,7,12
538,7,7,12
539,7,7,12
540,7,7,11
541,7,7,12
542,7,7,11
543,7,7,12
544,7,7,11
545,8,7,12
546,7,7,12
547,7,7,12
548,7,7,12
549,6,6,10
550,7,7,12
551,7,7,12
552,7,7,12
553,7,7,11
554,7,7,10
555,7,7,12
556,7,7,12
557,7,7,11
558,8,7,12
559,8,6,10
560,7,6,8
561,7,6,10
562,7,6,10
563,7,6,10
564,7,6,10
565,7,6,10
566,7,6,10
567,7,6,10
568,7,6,10
569,6,6,10
570,6,6,10
571,6,6,10
572,6,6,10
573,6,6,10
574,6,6,10
575,6,6,10
576,6,6,10
577,6,6,10
578,6,6,10
579,6,6,10
580,6,6,9
581,6,6,10
582,6,6,10
583,6,6,10
584,6,6,9
585,6,6,8
586,6,6,9
587,6,6,10
588,6,6,10
589,6,6,9
590,6,6,10
591,6,6,10
592,6,6,10
593,6,6,10
594,6,6,9
595,6,6,10
596,6,6,10
597,6,6,10
598,6,6,10
599,6,6,10
600,6,6,10
601,7,7,12
602,6,6,10
603,7,7,11
604,6,6,8
605,7,7,12
606,7,7,11
607,7,7,12
608,7,7,12
609,7,6,10
610,6,6,10
611,7,6,10
612,7,6,10
613,7,6,10
614,7,6,10
615,6,6,9
616,6,6,8
617,6,6,9
618,6,6,9
619,6,6,10
620,7,6,10
621,7,6,10
622,6,6,10
623,6,6,10
624,6,6,10
625,6,6,9
626,6,6,10
627,6,6,10
628,6,6,10
629,6,6,10
630,6,6,9
631,6,6,8
632,6,6,9
633,6,6,9
634,6,6,10
635,6,6,9
636,6,6,10
637,6,6,10
638,6,6,10
639,6,6,10
640,6,6,10
641,6,6,10
642,6,6,10
643,6,6,10
644,6,6,10
645,6,6,10
646,6,6,10
647,7,6,10
648,7,6,10
649,7,6,10
650,7,6,10
651,7,6,10
652,7,6,10
653,7,6,10
654,7,6,10
655,7,6,8
656,7,6,9
657,7,6,10
658,7,6,10
659,7,6,10
660,7,6,10
661,7,6,9
662,7,6,10
663,7,6,10
664,7,6,10
665,7,6,10
666,7,7,11
667,7,7,11
668,7,7,10
669,7,7,12
670,7,7,12
671,7,7,12
672,7,7,12
673,7,7,12
674,7,7,12
675,7,7,12
676,7,7,12
677,7,7,12
678,7,7,12
679,7,7,11
680,7,7,12
681,7,7,12
682,7,7,12
683,7,7,12
684,7,7,11
685,7,7,12
686,7,7,10
687,7,7,12
688,7,6,9
689,7,7,11
690,6,6,10
691,6,6,10
692,6,6,10
693,6,6,10
694,6,6,10
695,6,6,10
696,7,6,10
697,7,6,10
698,6,6,10
699,7,6,10
700,7,6,10
701,7,6,9
702,7,6,10
703,7,6,10
704,7,6,9
705,7,6,9
706,7,6,10
707,7,6,10
708,7,6,10
709,7,6,10
710,7,6,10
711,7,6,10
712,7,6,9
713,6,6,10
714,6,6,10
715,6,6,10
716,6,6,9
717,6,6,10
718,7,6,10
719,7,6,9
720,7,6,9
721,7,6,9
722,6,6,10
723,6,6,10
724,6,6,9
725,6,6,10
726,6,6,10
727,6,6,10
728,6,6,9
729,6,6,10
730,6,6,10
731,6,6,10
732,6,6,9
733,6,6,10
734,6,6,10
735,6,6,10
736,6,6,10
737,6,6,10
738,6,6,10
739,6,6,10
740,6,6,9
741,6,6,9
742,6,6,10
743,6,6,10
744,6,6,9
745,6,6,10
746,6,6,10
747,6,6,10
748,6,6,10
749,6,6,10
750,6,6,10
751,6,6,10
752,6,6,10
753,6,6,10
754,6,6,9
755,6,6,10
756,6,6,10
757,6,6,9
758,6,6,10
759,6,6,10
760,6,6,10
761,6,6,10
762,6,6,10
763,6,6,10
764,6,6,9
765,6,6,10
766,6,6,9
767,6,6,10
768,6,6,10
769,7,6,10
770,6,6,9
771,6,6,9
772,6,6,10
773,6,6,10
774,6,6,10
775,6,6,9
776,6,6,10
777,6,6,10
778,6,6,10
779,6,6,9
780,6,6,10
781,6,6,10
782,6,6,9
783,6,6,10
784,6,6,9
785,6,6,10
786,6,6,10
787,6,6,10
788,6,6,10
789,6,6,10
790,7,6,8
791,7,6,10
792,7,6,8
793,7,6,10
794,7,6,9
795,7,6,9
796,7,6,9
797,7,6,9
798,7,6,10
799,7,6,10
800,7,6,9
801,7,6,10
802,7,6,10
803,7,6,10
804,7,6,9
805,7,6,10
806,7,6,10
807,7,6,10
808,7,6,10
809,7,7,12
810,6,6,8
811,7,7,10
812,7,7,12
813,7,7,11
814,7,7,12
815,8,7,12
816,8,8,14
817,8,8,14
818,8,8,14
819,8,8,13
820,8,8,14
821,8,8,14
822,8,8,14
823,8,8,14
824,8,8,14
825,8,8,14
826,8,8,14
827,8,8,14
828,8,8,14
829,8,8,14
830,8,8,14
831,8,8,14
832,8,8,14
833,8,8,12
834,8,8,12
835,7,7,12
836,7,7,12
837,8,8,14
838,8,8,13
839,8,8,13
840,7,7,12
841,8,8,14
842,8,8,14
843,8,8,14
844,8,8,14
845,8,8,14
846,8,8,14
847,8,8,13
848,8,8,14
849,8,8,14
850,8,8,13
851,8,8,14
852,8,8,14
853,8,8,14
854,7,7,12
855,8,8,14
856,8,8,14
857,8,7,12
858,9,8,13
859,9,8,13
860,9,8,13
861,9,8,14
862,9,8,14
863,9,9,14
864,8,8,14
865,8,8,14
866,8,8,14
867,8,8,13
868,8,8,14
869,8,8,14
870,8,8,14
871,8,8,14
872,8,8,14
873,8,8,14
874,8,8,14
875,8,8,14
876,8,8,14
877,8,8,14
878,8,8,14
879,8,8,14
880,8,8,12
881,8,8,14
882,8,8,14
883,8,8,14
884,8,8,14
885,8,8,13
886,8,8,14
887,8,8,14
888,8,8,14
889,8,8,14
890,9,8,14
891,9,8,14
892,9,8,14
893,8,8,14
894,9,8,14
895,9,8,14
896,9,8,14
897,9,8,14
898,9,8,14
899,9,8,14
900,9,8,14
901,9,8,14
902,9,8,14
903,9,8,14
904,9,8,14
905,9,8,14
906,9,8,13
907,9,8,13
908,9,8,14
909,9,8,14
910,9,8,14
911,9,8,13
912,8,7,12
913,9,8,13
914,8,7,12
915,8,7,12
916,8,7,12
917,8,7,12
918,8,7,11
919,8,7,12
920,8,7,12
921,8,7,12
922,8,7,12
923,8,7,12
924,8,7,12
925,8,7,12
926,8,8,13
927,8,8,14
928,8,8,14
929,8,8,14
930,8,8,14
931,9,9,16
932,9,9,17
933,9,9,17
934,9,9,17
935,9,9,17
936,9,9,17
937,9,9,17
938,9,9,17
939,9,9,16
940,9,9,16
941,9,9,17
942,9,9,17
943,9,9,16
944,9,9,17
945,9,9,17
946,9,9,17
947,9,9,17
948,9,9,16
949,9,9,17
950,9,9,17
951,9,9,17
952,9,9,17
953,9,9,17
954,9,9,16
955,9,9,17
956,10,10,20
957,10,10,21
958,10,10,20
959,10,10,21
960,10,10,20
961,10,10,21
962,10,10,21
963,10,10,21
964,10,10,21
965,10,10,21
966,10,10,21
967,10,10,21
968,10,10,21
969,10,10,21
970,10,10,20
971,10,10,20
972,10,10,21
973,10,10,21
974,10,10,21
975,10,10,21
976,10,10,21
977,10,10,21
978,10,10,21
979,10,10,21
980,10,10,21
981,10,10,21
982,10,10,21
983,10,10,21
984,10,10,21
985,10,10,21
986,10,10,21
987,10,10,21
988,10,10,21
989,10,10,21
990,10,10,21
991,10,10,21
992,10,10,21
993,10,10,21
994,10,10,21
995,10,10,21
996,10,10,21
997,10,10,21
998,10,10,21
999,10,10,20
1000,10,10,21
1001,10,10,21
1002,10,10,20
1003,10,10,20
1004,10,10,21
1005,10,10,21
1006,10,10,21
1007,10,10,21
1008,10,10,21
1009,10,10,21
1010,10,10,21
1011,10,10,21
1012,10,10,20
1013,10,10,21
1014,10,10,21
1015,10,10,21
1016,10,10,21
1017,10,10,21
1018,10,10,21
1019,10,10,21
1020,10,10,21
1021,10,10,21
1022,10,10,19
1023,10,10,19
1024,10,10,21
1025,10,10,21
1026,10,10,21
1027,10,10,20
1028,10,10,21
1029,10,10,21
1030,10,10,21
1031,10,10,20
1032,10,10,21
1033,10,10,21
1034,10,10,21
1035,10,10,21
1036,10,10,21
1037,10,10,21
1038,10,10,21
1039,10,10,21
1040,10,10,19
1041,10,10,20
1042,10,10,21
1043,10,10,21
1044,10,10,21
1045,10,10,21
1046,10,10,21
1047,10,10,20
1048,10,10,21
1049,10,10,21
1050,10,10,21
1051,10,10,21
1052,10,10,21
1053,10,10,21
1054,10,10,21
1055,10,10,21
1056,10,10,20
1057,10,10,21
1058,10,10,21
1059,10,10,20
1060,10,10,21
1061,10,10,21
1062,10,10,21
1063,10,10,21
1064,10,10,21
1065,10,10,21
1066,10,10,21
1067,10,10,21
1068,10,10,21
1069,10,10,21
1070,10,10,21
1071,10,10,21
1072,10,10,21
1073,10,10,20
1074,10,10,21
1075,10,10,21
1076,10,10,21
1077,10,10,20
1078,10,10,21
1079,10,10,21
1080,10,10,21
1081,10,10,21
1082,10,10,21
1083,10,10,21
1084,10,10,21
1085,10,10,21
1086,10,10,21
1087,10,10,21
1088,10,10,21
1089,10,10,21
1090,10,10,21
1091,10,10,21
1092,10,10,20
1093,10,10,21
1094,10,10,21
1095,10,10,19
1096,10,10,20
1097,10,10,21
1098,10,10,21
1099,10,10,21
1100,10,10,21
1101,10,10,21
1102,10,10,21
1103,10,10,21
1104,10,10,21
1105,10,10,21
1106,10,10,21
1107,10,10,21
1108,10,10,21
1109,10,10,21
1110,10,10,21
1111,10,10,21
1112,10,10,21
1113,10,10,20
1114,10,10,21
1115,10,10,20
1116,10,10,20
1117,10,10,21
1118,10,10,21
1119,10,10,21
1120,10,10,21
1121,10,10,19
1122,10,10,21
1123,10,10,21
1124,10,10,21
1125,10,10,21
1126,10,10,21
1127,10,10,21
1128,10,10,21
1129,10,10,21
1130,10,10,21
1131,10,10,21
1132,10,10,21
1133,10,10,21
1134,10,10,21
1135,10,10,21
1136,10,10,20
1137,10,10,20
1138,10,10,21
1139,10,10,21
1140,10,10,21
1141,10,10,21
1142,10,10,21
1143,10,10,21
1144,10,10,21
1145,10,10,21
1146,10,10,20
1147,10,10,19
1148,10,10,21
1149,10,10,21
1150,10,10,21
1151,10,10,21
1152,10,10,21
1153,10,10,21
1154,10,10,21
1155,10,10,21
1156,10,10,21
1157,10,10,20
1158,10,10,20
1159,10,10,20
1160,10,10,20
1161,10,10,21
1162,10,10,21
1163,10,10,20
1164,10,10,21
1165,10,10,20
1166,10,10,21
1167,10,10,20
1168,10,10,21
1169,10,10,21
1170,10,10,20
1171,10,10,21
1172,10,10,21
1173,10,10,21
1174,10,10,21
1175,10,10,21
1176,10,10,21
1177,10,10,21
1178,10,10,21
1179,10,10,21
1180,10,10,21
1181,10,10,21
1182,10,10,21
1183,10,10,21
1184,10,10,19
1185,10,10,21
1186,10,10,21
1187,10,10,21
1188,10,10,21
1189,10,10,21
1190,10,10,21
1191,10,10,20
1192,10,10,21
1193,10,10,21
1194,10,10,21
1195,10,10,21
1196,10,10,21
1197,10,10,20
1198,10,10,21
1199,10,10,21
1200,10,10,21
1201,10,10,21
1202,10,10,21
1203,10,10,20
1204,10,10,21
1205,10,10,21
1206,10,10,21
1207,10,10,21
1208,10,10,21
1209,10,10,21
1210,10,10,21
1211,10,10,21
1212,10,10,21
1213,10,10,21
1214,10,10,21
1215,10,10,21
1216,10,10,21
1217,10,10,21
1218,10,10,21
1219,10,10,21
1220,10,10,21
1221,10,10,21
1222,10,10,21
1223,10,10,21
1224,10,10,21
1225,10,10,21
1226,10,10,21
1227,10,10,21
1228,10,10,21
1229,10,10,21
1230,10,10,21
1231,10,10,20
1232,10,10,21
1233,10,10,21
1234,10,10,21
1235,10,10,21
1236,10,10,21
1237,10,10,21
1238,10,10,21
1239,10,10,21
1240,10,10,21
1241,10,10,21
1242,10,10,21
1243,10,10,21
1244,10,10,21
1245,10,10,21
1246,10,10,21
1247,10,10,20
1248,10,10,21
1249,10,10,21
1250,10,10,21
1251,10,10,21
1252,10,10,21
1253,10,10,21
1254,10,10,20
1255,11,11,24
1256,11,11,25
1257,11,11,25
1258,11,11,25
1259,11,11,25
1260,11,11,25
1261,11,11,25
1262,11,11,25
1263,11,11,25
1264,11,11,25
1265,11,11,25
1266,11,11,25
1267,11,11,25
1268,11,11,25
1269,11,11,25
1270,11,11,25
1271,11,11,25
1272,11,11,24
1273,11,11,25
1274,11,11,25
1275,11,11,25
1276,11,11,25
1277,11,11,25
1278,11,11,25
1279,11,11,25
1280,11,11,25
1281,11,11,25
1282,11,11,25
1283,11,11,25
1284,11,11,25
1285,11,11,25
1286,11,11,25
1287,11,11,25
1288,11,11,25
1289,11,11,25
1290,11,11,25
1291,11,11,25
1292,11,11,25
1293,11,11,25
1294,11,11,25
1295,11,11,25
1296,11,11,25
1297,11,11,25
1298,11,11,25
1299,11,11,25
1300,11,11,25
1301,11,11,25
1302,11,11,23
1303,11,11,25
1304,11,11,25
1305,11,11,25
1306,11,11,25
1307,11,11,25
1308,11,11,25
1309,11,11,25
1310,11,11,25
1311,11,11,25
1312,11,11,25
1313,11,11,25
1314,11,11,25
1315,11,11,25
1316,11,11,25
1317,11,11,25
1318,11,11,25
1319,11,11,25
1320,11,11,25
1321,11,11,25
1322,11,11,25
1323,11,11,25
1324,11,11,25
1325,11,11,25
1326,11,11,25
1327,11,11,25
1328,11,11,25
1329,11,11,25
1330,12,12,30
1331,12,12,30
1332,12,12,30
1333,12,12,30
1334,12,12,30
1335,12,12,30
1336,12,12,30
1337,12,12,30
1338,12,12,30
1339,12,12,30
1340,12,12,30
1341,12,12,30
1342,12,12,30
1343,12,12,30
1344,12,12,30
1345,12,12,30
1346,12,12,30
1347,12,12,30
1348,12,12,30
1349,12,12,30
1350,12,12,30
1351,12,12,30
1352,12,12,30
1353,12,12,30
1354,12,12,30
1355,12,12,30
1356,12,12,30
1357,12,12,30
1358,12,12,30
1359,12,12,30
1360,12,12,30
1361,12,12,30
1362,12,12,30
1363,12,12,30
1364,12,12,30
1365,12,12,30
1366,12,12,30
1367,12,12,30
1368,12,12,30
1369,12,12,30
1370,12,12,30
1371,12,12,30
1372,12,12,30
1373,12,12,30
1374,12,12,30
1375,12,12,30
1376,12,12,30
1377,12,12,30
1378,12,12,30
1379,12,12,30
1380,12,12,30
1381,12,12,30
1382,12,12,30
1383,12,12,30
1384,12,12,30
1385,12,12,30
1386,12,12,30
1387,12,12,30
1388,12,12,30
1389,12,12,30
1390,12,12,30
1391,12,12,30
1392,12,12,30
1393,12,12,30
1394,12,12,30
1395,12,12,30
1396,12,12,30
1397,12,12,30
1398,12,12,30
1399,12,12,30
1400,12,12,30
1401,12,12,30
1402,12,12,30
1403,12,12,30
1404,12,12,30
1405,12,12,30
1406,12,12,30
1407,12,12,30
1408,12,12,30
1409,12,12,30
1410,12,12,30
1411,12,12,30
1412,12,12,30
1413,12,12,30
1414,12,12,30
1415,12,12,30
1416,12,12,30
1417,12,12,30
1418,12,12,30
1419,12,12,30
1420,12,12,30
1421,12,12,30
1422,12,12,30
1423,12,12,30
1424,12,12,30
1425,12,12,30
1426,12,12,30
1427,12,12,30
1428,12,12,30
1429,12,12,30
1430,12,12,30
1431,12,12,30
1432,12,12,30
1433,12,12,30
1434,12,12,30
1435,12,12,30
1436,12,12,30
1437,12,12,30
1438,12,12,30
1439,12,12,30
1440,12,12,30
1441,12,12,30
1442,12,12,30
1443,12,12,30
1444,12,12,30
1445,12,12,30
1446,12,12,30
1447,12,12,30
1448,12,12,30
1449,12,12,30
1450,12,12,30
1451,12,12,30
1452,12,12,30
1453,12,12,30
1454,12,12,30
1455,12,12,30
1456,12,12,30
1457,12,12,30
1458,12,12,30
1459,12,12,30
1460,12,12,30
1461,12,12,30
1462,12,12,30
1463,12,12,30
1464,12,12,30
1465,12,12,30
1466,12,12,30
1467,12,12,30
1468,12,12,30
1469,12,12,30
1470,12,12,30
1471,12,12,30
1472,12,12,30
1473,12,12,30
1474,12,12,30
1475,12,12,30
1476,12,12,30
1477,12,12,30
1478,12,12,30
1479,12,12,30
1480,12,12,30
1481,12,12,30
1482,12,12,30
1483,12,12,30
1484,12,12,30
1485,12,12,30
1486,12,12,30
1487,12,12,30
1488,12,12,30
1489,12,12,30
1490,12,12,30
1491,12,12,30
1492,12,12,30
1493,12,12,30
1494,12,12,30
1495,12,12,30
1496,12,12,30
1497,12,12,30
1498,12,12,30
1499,12,12,30
1500,12,12,30
1501,12,12,30
1502,12,12,30
1503,12,12,30
1504,12,12,30
1505,12,12,30
1506,12,12,30
1507,12,12,30
1508,12,12,30
1509,12,12,30
1510,12,12,30
1511,12,12,30
1512,12,12,30
1513,12,12,30
1514,12,12,30
1515,12,12,30
1516,12,12,30
1517,12,12,30
1518,12,12,30
1519,12,12,30
1520,12,12,30
1521,12,12,30
1522,12,12,30
1523,12,12,30
1524,12,12,30
1525,12,12,29
1526,12,12,30
1527,12,12,30
1528,12,12,30
1529,12,12,30
1530,12,12,30
1531,12,12,30
1532,12,12,30
1533,12,12,30
1534,12,12,30
1535,12,12,30
1536,12,12,30
1537,12,12,30
1538,12,12,30
1539,12,12,30
1540,12,12,30
1541,12,12,30
1542,12,12,30
1543,12,12,30
1544,12,12,30
1545,12,12,30
1546,12,12,30
1547,12,12,30
1548,12,12,30
1549,12,12,30
1550,12,12,30
1551,12,12,30
1552,12,12,30
1553,12,12,30
1554,12,12,30
1555,12,12,30
1556,12,12,30
1557,12,12,30
1558,12,12,30
1559,12,12,30
1560,12,12,30
1561,12,12,30
1562,12,12,30
1563,12,12,30
1564,12,12,30
1565,12,12,30
1566,12,12,30
1567,12,12,30
1568,12,12,30
1569,12,12,30
1570,12,12,30
1571,12,12,30
1572,12,12,30
1573,12,12,30
1574,12,12,30
1575,12,12,30
1576,12,12,30
1577,12,12,30
1578,12,12,30
1579,12,12,30
1580,12,12,30
1581,12,12,30
1582,12,12,30
1583,12,12,30
1584,12,12,30
1585,12,12,30
1586,12,12,30
1587,12,12,30
1588,12,12,30
1589,12,12,30
1590,12,12,30
1591,12,12,30
1592,12,12,30
1593,12,12,30
1594,12,12,30
1595,12,12,30
1596,12,12,30
1597,12,12,30
1598,12,12,30
1599,12,12,30
1600,12,12,30
1601,12,12,30
1602,12,12,30
1603,12,12,30
1604,12,12,30
1605,12,12,30
1606,12,12,30
1607,12,12,30
1608,12,12,30
1609,12,12,30
1610,12,12,30
1611,12,12,30
1612,12,12,30
1613,12,12,30
1614,12,12,30
1615,12,12,30
1616,12,12,30
1617,12,12,30
1618,12,12,30
1619,12,12,30
1620,12,12,30
1621,12,12,30
1622,12,12,30
1623,12,12,30
1624,12,12,30
1625,12,12,30
1626,12,12,30
1627,12,12,30
1628,12,12,30
1629,12,12,30
1630,12,12,30
1631,12,12,30
1632,12,12,30
1633,12,12,30
1634,12,12,30
1635,12,12,30
1636,12,12,30
1637,12,12,30
1638,12,12,30
1639,12,12,30
1640,12,12,30
1641,12,12,30
1642,12,12,30
1643,12,12,30
1644,12,12,30
1645,12,12,30
1646,12,12,30
1647,12,12,30
1648,12,12,30
1649,12,12,30
1650,12,12,30
1651,12,12,30
1652,12,12,30
1653,12,12,30
1654,12,12,30
1655,12,12,30
1656,12,12,30
1657,12,12,30
1658,12,12,30
1659,12,12,30
1660,12,12,30
1661,12,12,30
1662,12,12,30
1663,12,12,30
1664,12,12,30
1665,12,12,30
1666,12,12,30
1667,12,12,30
1668,12,12,30
1669,12,12,30
1670,12,12,30
1671,12,12,30
1672,12,12,30
1673,12,12,30
1674,12,12,30
1675,12,12,30
1676,12,12,30
1677,12,12,30
1678,12,12,30
1679,12,12,30
1680,12,12,30
1681,12,12,30
1682,12,12,30
1683,12,12,30
1684,12,12,30
1685,12,12,30
1686,12,12,30
1687,12,12,30
1688,12,12,30
1689,12,12,30
1690,12,12,30
1691,12,12,30
1692,12,12,30
1693,12,12,30
1694,12,12,30
1695,12,12,30
1696,12,12,30
1697,12,12,30
1698,12,12,30
1699,12,12,30
1700,12,12,30
1701,12,12,30
1702,12,12,30
1703,12,12,30
1704,12,12,30
1705,12,12,30
1706,12,12,30
1707,12,12,30
1708,12,12,30
1709,12,12,30
1710,12,12,30
1711,12,12,30
1712,12,12,30
1713,12,12,30
1714,12,12,30
1715,12,12,30
1716,12,12,30
1717,12,12,30
1718,12,12,30
1719,12,12,30
1720,12,12,30
1721,12,12,30
1722,12,12,30
1723,12,12,30
1724,12,12,30
1725,12,12,30
1726,12,12,30
1727,12,12,30
1728,12,12,30
1729,12,12,30
1730,12,12,30
1731,12,12,30
1732,12,12,30
1733,12,12,30
1734,12,12,30
1735,12,12,30
1736,12,12,30
1737,12,12,30
1738,12,12,30
1739,12,12,30
1740,12,12,30
1741,12,12,30
1742,12,12,30
1743,12,12,30
1744,12,12,30
1745,12,12,30
1746,12,12,30
1747,12,12,30
1748,12,12,30
1749,12,12,30
1750,12,12,30
1751,12,12,30
1752,12,12,30
1753,12,12,30
1754,12,12,30
1755,12,12,30
1756,12,12,30
1757,12,12,30
1758,12,12,30
1759,12,12,30
1760,12,12,30
1761,12,12,30
1762,12,12,30
1763,12,12,30
1764,12,12,30
1765,12,12,30
1766,12,12,30
1767,12,12,30
1768,12,12,30
1769,12,12,30
1770,12,12,30
1771,12,12,30
1772,12,12,30
1773,12,12,30
1774,12,12,30
1775,12,12,30
1776,12,12,30
1777,12,12,30
1778,12,12,30
1779,12,12,30
1780,12,12,30
1781,12,12,30
1782,12,12,30
1783,12,12,30
1784,12,12,30
1785,12,12,30
1786,12,12,30
1787,12,12,30
1788,12,12,30
1789,12,12,30
1790,12,12,30
1791,12,12,30
1792,12,12,30
1793,12,12,30
1794,12,12,30
1795,12,12,30
1796,12,12,30
1797,12,12,30
1798,12,12,30
1799,12,12,30
1800,12,12,30
1801,12,12,30
1802,12,12,30
1803,12,12,30
1804,12,12,30
1805,12,12,30
1806,12,12,30
1807,12,12,30
1808,12,12,30
1809,12,12,30
1810,12,12,30
1811,12,12,30
1812,12,12,30
1813,12,12,30
1814,12,12,30
1815,12,12,30
1816,12,12,30
1817,12,12,30
1818,12,12,30
1819,12,12,30
1820,12,12,30
1821,12,12,30
1822,12,12,30
1823,12,12,30
1824,12,12,30
1825,12,12,30
1826,12,12,30
1827,12,12,30
1828,12,12,30
1829,12,12,30
1830,12,12,30
1831,12,12,30
1832,12,12,30
1833,12,12,30
1834,12,12,30
1835,12,12,30
1836,12,12,30
1837,12,12,30
1838,12,12,30
1839,12,12,30
1840,12,12,30
1841,12,12,30
1842,12,12,30
1843,12,12,30
1844,12,12,30
1845,12,12,30
1846,12,12,30
1847,12,12,30
1848,12,12,30
1849,12,12,30
1850,12,12,30
1851,12,12,30
1852,12,12,30
1853,12,12,30
1854,12,12,30
1855,12,12,30
1856,12,12,30
1857,12,12,30
1858,12,12,30
1859,12,12,30
1860,12,12,30
1861,12,12,30
1862,12,12,30
1863,12,12,30
1864,12,12,30
1865,12,12,30
1866,12,12,30
1867,12,12,30
1868,12,12,30
1869,12,12,30
1870,12,12,30
1871,12,12,30
1872,12,12,29
1873,12,12,30
1874,12,12,29
1875,12,12,30
1876,12,12,30
1877,12,12,30
1878,12,12,30
1879,12,12,30
1880,12,12,30
1881,12,12,30
1882,12,12,30
1883,12,12,30
1884,12,12,30
1885,12,12,30
1886,12,12,30
1887,12,12,30
1888,12,12,30
1889,12,12,30
1890,12,12,30
1891,12,12,30
1892,12,12,30
1893,12,12,30
1894,12,12,30
1895,12,12,30
1896,12,12,30
1897,12,12,30
1898,12,12,30
1899,12,12,30
1900,12,12,30
1901,12,12,30
1902,12,12,30
1903,12,12,30
1904,12,12,30
1905,12,12,30
1906,12,12,30
1907,12,12,30
1908,12,12,30
1909,12,12,30
1910,12,12,30
1911,12,12,30
1912,12,12,30
1913,12,12,30
1914,12,12,30
1915,12,12,30
1916,12,12,30
1917,12,12,30
1918,12,12,30
1919,12,12,30
1920,12,12,30
1921,12,12,30
1922,12,12,30
1923,12,12,30
1924,12,12,30
1925,12,12,30
1926,12,12,30
1927,12,12,30
1928,12,12,30
1929,12,12,30
1930,12,12,30
1931,12,12,30
1932,12,12,30
1933,12,12,30
1934,12,12,30
1935,12,12,30
1936,12,12,30
1937,12,12,30
1938,12,12,30
1939,12,12,30
1940,12,12,30
1941,12,12,30
1942,12,12,30
1943,12,12,30
1944,12,12,30
1945,12,12,30
1946,12,12,30
1947,12,12,30
1948,12,12,29
1949,12,12,30
1950,12,12,30
1951,12,12,30
1952,12,12,30
1953,12,12,30
1954,12,12,30
1955,12,12,30
1956,12,12,30
1957,12,12,30
1958,12,12,30
1959,12,12,30
1960,12,12,30
1961,12,12,30
1962,12,12,30
1963,12,12,30
1964,12,12,30
1965,12,12,30
1966,12,12,30
1967,12,12,30
1968,12,12,30
1969,12,12,30
1970,12,12,30
1971,12,12,30
1972,12,12,30
1973,12,12,30
1974,12,12,30
1975,12,12,30
1976,12,12,30
1977,12,12,30
1978,12,12,30
1979,12,12,30
1980,12,12,30
1981,12,12,30
1982,12,12,30
1983,12,12,30
1984,12,12,30
1985,12,12,30
1986,12,12,30
1987,12,12,30
1988,12,12,30
1989,12,12,30
1990,12,12,30
1991,12,12,30
1992,12,12,30
1993,12,12,30
1994,12,12,30
1995,12,12,30
1996,12,12,30
1997,12,12,30
1998,12,12,30
1999,12,12,30
