0,1,0,0
1,0,0,0
2,0,0,0
3,0,0,0
4,0,0,0
5,0,0,0
6,0,0,0
7,0,0,0
8,0,0,0
9,0,0,0
10,0,0,0
11,0,0,0
12,0,0,0
13,1,0,0
14,1,0,0
15,1,0,0
16,1,0,0
17,1,0,0
18,1,0,0
19,2,0,0
20,3,0,0
21,2,0,0
22,2,0,0
23,2,0,0
24,2,0,0
25,2,0,0
26,2,0,0
27,2,0,0
28,1,0,0
29,1,0,0
30,1,0,0
31,2,0,0
32,2,0,0
33,2,0,0
34,2,0,0
35,3,0,0
36,2,0,0
37,2,0,0
38,2,0,0
39,2,0,0
40,1,0,0
41,1,0,0
42,2,0,0
43,2,0,0
44,2,0,0
45,2,0,0
46,3,2,1
47,4,0,0
48,2,2,1
49,2,2,1
50,2,0,0
51,2,0,0
52,2,0,0
53,2,0,0
54,2,0,0
55,3,0,0
56,2,2,1
57,2,0,0
58,3,0,0
59,2,0,0
60,2,0,0
61,2,0,0
62,2,0,0
63,2,0,0
64,2,0,0
65,3,2,1
66,4,0,0
67,3,0,0
68,4,0,0
69,4,0,0
70,4,0,0
71,4,0,0
72,3,0,0
73,3,0,0
74,1,0,0
75,1,0,0
76,2,0,0
77,2,0,0
78,3,0,0
79,3,0,0
80,2,0,0
81,3,0,0
82,3,0,0
83,3,0,0
84,3,0,0
85,2,0,0
86,2,0,0
87,3,0,0
88,3,0,0
89,3,0,0
90,3,0,0
91,2,0,0
92,2,0,0
93,3,0,0
94,3,0,0
95,5,3,2
96,4,0,0
97,3,0,0
98,3,0,0
99,3,0,0
100,3,0,0
101,3,0,0
102,3,2,1
103,3,2,1
104,4,2,1
105,4,2,1
106,4,0,0
107,3,0,0
108,3,0,0
109,4,0,0
110,4,0,0
111,4,0,0
112,4,0,0
113,4,0,0
114,4,2,1
115,4,0,0
116,3,0,0
117,3,0,0
118,4,0,0
119,3,0,0
120,3,0,0
121,3,0,0
122,3,2,1
123,3,2,1
124,3,0,0
125,3,0,0
126,4,3,2
127,4,0,0
128,4,0,0
129,3,0,0
130,3,0,0
131,3,0,0
132,3,0,0
133,3,0,0
134,3,0,0
135,4,0,0
136,4,0,0
137,4,0,0
138,4,0,0
139,4,0,0
140,5,2,1
141,5,2,1
142,4,2,1
143,3,0,0
144,3,0,0
145,3,0,0
146,3,0,0
147,3,0,0
148,3,0,0
149,3,0,0
150,2,0,0
151,2,0,0
152,2,0,0
153,1,0,0
154,2,0,0
155,2,0,0
156,3,0,0
157,2,0,0
158,3,0,0
159,4,0,0
160,4,0,0
161,4,0,0
162,3,0,0
163,4,0,0
164,4,0,0
165,4,0,0
166,3,0,0
167,3,0,0
168,2,0,0
169,2,0,0
170,3,0,0
171,2,0,0
172,2,2,1
173,2,0,0
174,2,0,0
175,2,0,0
176,2,0,0
177,2,0,0
178,2,0,0
179,2,0,0
180,2,0,0
181,2,0,0
182,2,0,0
183,2,0,0
184,2,0,0
185,2,0,0
186,2,0,0
187,2,0,0
188,3,0,0
189,2,0,0
190,2,0,0
191,2,0,0
192,2,0,0
193,2,0,0
194,2,0,0
195,3,2,1
196,3,2,1
197,3,0,0
198,4,2,1
199,3,0,0
200,2,2,1
201,3,0,0
202,3,0,0
203,5,0,0
204,3,0,0
205,3,0,0
206,3,0,0
207,3,0,0
208,4,0,0
209,4,0,0
210,4,0,0
211,3,0,0
212,3,0,0
213,3,0,0
214,3,0,0
215,3,0,0
216,3,0,0
217,3,0,0
218,3,0,0
219,3,0,0
220,3,2,1
221,3,0,0
222,3,0,0
223,2,0,0
224,3,0,0
225,3,0,0
226,2,0,0
227,1,0,0
228,2,0,0
229,2,0,0
230,3,0,0
231,3,0,0
232,3,0,0
233,3,0,0
234,3,0,0
235,3,0,0
236,3,0,0
237,3,0,0
238,4,0,0
239,4,0,0
240,4,0,0
241,3,0,0
242,3,0,0
243,3,0,0
244,4,0,0
245,3,0,0
246,2,0,0
247,2,0,0
248,3,0,0
249,4,0,0
250,3,0,0
251,3,0,0
252,2,0,0
253,2,0,0
254,4,0,0
255,3,0,0
256,3,0,0
257,3,0,0
258,4,2,1
259,3,3,2
260,3,3,2
261,3,3,3
262,3,3,3
263,3,3,3
264,3,3,2
265,3,3,2
266,3,3,3
267,3,3,2
268,3,3,3
269,3,3,2
270,3,3,2
271,4,3,2
272,3,3,2
273,3,3,3
274,3,3,2
275,3,3,3
276,3,3,2
277,3,3,2
278,3,3,3
279,3,3,3
280,3,3,2
281,3,3,3
282,3,3,2
283,3,2,1
284,3,2,1
285,3,0,0
286,4,0,0
287,4,2,1
288,4,0,0
289,5,0,0
290,4,2,1
291,5,2,1
292,5,0,0
293,5,0,0
294,4,0,0
295,4,0,0
296,4,0,0
297,4,0,0
298,4,0,0
299,4,2,1
300,4,0,0
301,4,0,0
302,5,2,1
303,4,0,0
304,4,0,0
305,4,0,0
306,4,0,0
307,4,0,0
308,4,0,0
309,4,2,1
310,4,2,1
311,4,0,0
312,4,0,0
313,4,0,0
314,4,0,0
315,4,0,0
316,5,0,0
317,3,0,0
318,4,0,0
319,3,0,0
320,3,0,0
321,4,0,0
322,4,0,0
323,3,0,0
324,3,2,1
325,4,0,0
326,3,0,0
327,3,2,1
328,3,3,2
329,3,3,2
330,3,0,0
331,3,2,1
332,3,2,1
333,4,2,1
334,3,0,0
335,3,0,0
336,4,0,0
337,4,0,0
338,5,2,1
339,4,2,1
340,3,0,0
341,3,0,0
342,3,2,1
343,3,2,1
344,3,2,1
345,4,3,2
346,4,2,1
347,4,2,1
348,4,0,0
349,4,0,0
350,4,0,0
351,4,0,0
352,4,0,0
353,4,0,0
354,3,0,0
355,4,0,0
356,4,0,0
357,4,0,0
358,4,2,1
359,4,2,1
360,4,0,0
361,3,0,0
362,3,0,0
363,3,0,0
364,3,0,0
365,3,0,0
366,3,0,0
367,3,0,0
368,4,2,1
369,4,0,0
370,3,0,0
371,3,0,0
372,3,0,0
373,3,0,0
374,3,0,0
375,4,0,0
376,3,0,0
377,3,0,0
378,3,0,0
379,3,0,0
380,3,0,0
381,3,0,0
382,3,0,0
383,1,0,0
384,1,0,0
385,1,0,0
386,1,0,0
387,2,0,0
388,2,2,1
389,2,0,0
390,2,0,0
391,2,0,0
392,2,0,0
393,3,0,0
394,2,0,0
395,1,0,0
396,1,0,0
397,1,0,0
398,1,0,0
399,1,0,0
400,1,0,0
401,1,0,0
402,3,0,0
403,2,0,0
404,2,0,0
405,2,0,0
406,2,0,0
407,2,0,0
408,2,0,0
409,2,0,0
410,3,0,0
411,2,0,0
412,2,0,0
413,2,0,0
414,2,0,0
415,3,0,0
416,3,0,0
417,3,0,0
418,3,0,0
419,2,0,0
420,2,0,0
421,2,0,0
422,2,0,0
423,3,0,0
424,2,0,0
425,3,3,2
426,3,2,1
427,3,0,0
428,3,0,0
429,3,0,0
430,3,0,0
431,3,0,0
432,3,0,0
433,3,0,0
434,4,2,1
435,4,0,0
436,4,0,0
437,4,0,0
438,4,0,0
439,4,2,1
440,3,0,0
441,3,0,0
442,5,0,0
443,5,0,0
444,5,0,0
445,5,0,0
446,5,0,0
447,5,0,0
448,5,0,0
449,3,0,0
450,3,0,0
451,4,0,0
452,3,0,0
453,3,0,0
454,2,0,0
455,3,0,0
456,4,0,0
457,4,0,0
458,3,0,0
459,2,0,0
460,2,0,0
461,3,0,0
462,3,0,0
463,2,0,0
464,3,0,0
465,2,0,0
466,2,0,0
467,2,0,0
468,2,0,0
469,3,0,0
470,2,0,0
471,2,0,0
472,2,0,0
473,1,0,0
474,2,0,0
475,1,0,0
476,3,0,0
477,2,0,0
478,3,0,0
479,3,0,0
480,3,0,0
481,2,0,0
482,2,0,0
483,2,0,0
484,2,2,1
485,2,2,1
486,2,2,1
487,2,2,1
488,2,2,1
489,2,0,0
490,2,0,0
491,2,0,0
492,2,0,0
493,2,0,0
494,2,0,0
495,3,0,0
496,3,0,0
497,3,0,0
498,3,0,0
499,2,0,0
500,3,0,0
501,3,0,0
502,3,0,0
503,2,0,0
504,2,0,0
505,2,0,0
506,3,0,0
507,1,0,0
508,1,0,0
509,1,0,0
510,1,0,0
511,1,0,0
512,2,0,0
513,2,0,0
514,2,0,0
515,2,0,0
516,2,0,0
517,2,0,0
518,1,0,0
519,2,0,0
520,2,0,0
521,3,0,0
522,3,0,0
523,3,0,0
524,3,0,0
525,3,0,0
526,3,2,1
527,3,0,0
528,3,0,0
529,3,0,0
530,4,2,1
531,4,2,1
532,4,0,0
533,4,2,1
534,4,0,0
535,4,2,1
536,4,0,0
537,4,0,0
538,4,0,0
539,2,0,0
540,2,0,0
541,2,0,0
542,3,0,0
543,2,0,0
544,2,0,0
545,2,0,0
546,2,0,0
547,2,0,0
548,2,0,0
549,2,0,0
550,2,0,0
551,2,0,0
552,2,0,0
553,2,0,0
554,2,0,0
555,2,0,0
556,2,2,1
557,2,0,0
558,2,0,0
559,2,0,0
560,2,0,0
561,2,0,0
562,2,0,0
563,3,0,0
564,3,0,0
565,3,0,0
566,3,0,0
567,3,0,0
568,3,0,0
569,2,0,0
570,3,0,0
571,3,0,0
572,3,0,0
573,2,0,0
574,3,0,0
575,2,0,0
576,2,0,0
577,2,0,0
578,2,0,0
579,2,0,0
580,2,0,0
581,1,0,0
582,1,0,0
583,1,0,0
584,2,0,0
585,2,0,0
586,1,0,0
587,2,0,0
588,1,0,0
589,1,0,0
590,1,0,0
591,1,0,0
592,1,0,0
593,1,0,0
594,1,0,0
595,1,0,0
596,2,0,0
597,2,0,0
598,2,0,0
599,2,0,0
600,1,0,0
601,1,0,0
602,1,0,0
603,1,0,0
604,1,0,0
605,1,0,0
606,1,0,0
607,1,0,0
608,2,0,0
609,1,0,0
610,2,0,0
611,1,0,0
612,1,0,0
613,1,0,0
614,1,0,0
615,1,0,0
616,0,0,0
617,1,0,0
618,1,0,0
619,1,0,0
620,1,0,0
621,2,0,0
622,2,0,0
623,2,0,0
624,2,0,0
625,3,0,0
626,2,0,0
627,3,0,0
628,3,0,0
629,3,0,0
630,3,0,0
631,3,0,0
632,2,0,0
633,2,0,0
634,2,0,0
635,2,0,0
636,2,0,0
637,2,0,0
638,1,0,0
639,3,0,0
640,3,0,0
641,3,0,0
642,3,0,0
643,3,2,1
644,4,2,1
645,3,2,1
646,3,2,1
647,3,0,0
648,3,0,0
649,3,0,0
650,3,0,0
651,3,2,1
652,3,2,1
653,3,2,1
654,3,0,0
655,2,0,0
656,4,0,0
657,4,0,0
658,4,0,0
659,4,2,1
660,4,2,1
661,4,0,0
662,4,0,0
663,4,2,1
664,4,0,0
665,3,0,0
666,2,0,0
667,2,0,0
668,2,0,0
669,2,0,0
670,2,0,0
671,2,0,0
672,2,0,0
673,2,0,0
674,2,0,0
675,2,0,0
676,3,0,0
677,2,0,0
678,2,0,0
679,3,0,0
680,3,0,0
681,3,0,0
682,3,0,0
683,3,0,0
684,3,0,0
685,3,0,0
686,3,0,0
687,3,0,0
688,3,2,1
689,3,0,0
690,3,0,0
691,3,0,0
692,4,0,0
693,3,0,0
694,3,0,0
695,3,0,0
696,3,0,0
697,3,0,0
698,2,0,0
699,3,2,1
700,3,2,1
701,3,2,1
702,2,2,1
703,2,2,1
704,2,0,0
705,2,0,0
706,3,0,0
707,2,0,0
708,2,0,0
709,2,0,0
710,2,0,0
711,2,0,0
712,2,0,0
713,3,0,0
714,3,0,0
715,4,2,1
716,4,3,2
717,3,2,1
718,4,3,3
719,3,3,2
720,3,3,3
721,3,3,2
722,3,3,2
723,3,3,2
724,4,4,4
725,3,2,1
726,3,3,3
727,3,2,1
728,3,0,0
729,3,0,0
730,3,0,0
731,2,0,0
732,3,0,0
733,4,0,0
734,5,0,0
735,4,0,0
736,5,0,0
737,5,2,1
738,5,2,1
739,5,2,1
740,5,2,1
741,5,2,1
742,5,2,1
743,5,2,1
744,5,2,1
745,5,3,2
746,5,3,2
747,5,3,3
748,5,3,2
749,5,3,2
750,5,3,3
751,5,3,3
752,5,3,3
753,5,3,3
754,5,3,2
755,5,3,3
756,4,3,2
757,5,0,0
758,5,4,5
759,5,4,4
760,5,4,3
761,5,4,4
762,5,4,4
763,4,3,2
764,4,3,3
765,4,4,5
766,4,4,4
767,4,4,4
768,4,4,4
769,4,4,4
770,4,4,4
771,4,4,5
772,4,4,4
773,5,4,4
774,5,4,5
775,5,4,5
776,5,4,4
777,5,4,5
778,5,4,5
779,5,4,5
780,5,4,4
781,5,4,5
782,5,4,5
783,5,4,5
784,5,4,4
785,5,4,5
786,5,3,2
787,5,5,5
788,5,5,6
789,5,5,6
790,5,5,7
791,5,5,6
792,6,5,6
793,6,5,6
794,6,4,4
795,6,5,7
796,6,5,4
797,6,5,5
798,5,5,7
799,5,4,4
800,6,5,6
801,5,5,6
802,6,4,4
803,6,5,7
804,6,5,7
805,6,5,7
806,6,4,5
807,4,4,5
808,5,4,4
809,5,4,5
810,5,4,5
811,5,4,4
812,5,4,5
813,5,4,5
814,5,4,4
815,5,4,4
816,5,4,5
817,5,4,5
818,5,4,4
819,5,4,5
820,5,4,5
821,5,4,5
822,5,4,5
823,5,4,4
824,5,4,5
825,5,4,5
826,5,4,4
827,5,4,4
828,4,4,5
829,4,4,5
830,4,4,4
831,4,4,4
832,3,3,3
833,4,3,3
834,4,4,5
835,5,4,4
836,5,4,4
837,5,4,5
838,5,4,4
839,5,4,5
840,5,4,5
841,4,3,3
842,5,3,3
843,5,3,3
844,5,3,3
845,4,3,2
846,4,3,3
847,4,3,3
848,4,3,3
849,4,3,3
850,5,3,3
851,5,3,3
852,5,3,3
853,5,2,1
854,6,3,3
855,6,5,5
856,6,5,6
857,6,5,6
858,5,5,5
859,6,6,9
860,6,6,8
861,6,6,9
862,6,6,10
863,6,6,10
864,6,6,9
865,6,6,10
866,6,6,10
867,6,6,10
868,6,6,10
869,6,6,9
870,6,6,9
871,6,6,9
872,6,6,10
873,6,6,9
874,6,6,10
875,6,6,9
876,6,6,9
877,6,6,10
878,6,6,9
879,7,6,10
880,7,6,10
881,7,6,10
882,7,6,10
883,7,6,10
884,7,6,10
885,7,6,10
886,6,6,10
887,7,7,12
888,7,7,12
889,7,7,11
890,8,7,12
891,8,7,12
892,8,7,12
893,8,7,11
894,8,7,12
895,8,7,11
896,8,7,12
897,8,7,12
898,8,7,12
899,8,7,12
900,8,7,12
901,8,7,12
902,8,7,12
903,8,8,15
904,8,8,13
905,8,8,14
906,8,8,14
907,8,8,14
908,8,8,15
909,8,8,15
910,8,8,15
911,8,8,15
912,8,8,15
913,8,8,15
914,8,8,15
915,8,8,15
916,8,8,15
917,8,8,15
918,8,8,15
919,8,8,15
920,8,8,15
921,8,8,15
922,8,8,15
923,8,8,15
924,8,8,15
925,8,8,15
926,8,8,15
927,8,8,15
928,8,8,15
929,8,8,15
930,8,8,15
931,9,8,15
932,8,8,15
933,8,8,15
934,8,8,15
935,8,8,15
936,8,8,15
937,8,8,15
938,8,8,15
939,8,8,15
940,8,8,15
941,8,8,15
942,8,8,15
943,8,8,15
944,8,8,14
945,8,8,15
946,8,8,14
947,8,8,15
948,8,8,15
949,8,8,15
950,9,9,17
951,9,9,16
952,9,9,17
953,9,9,17
954,9,9,17
955,9,9,17
956,9,9,17
957,9,9,16
958,9,9,15
959,9,9,16
960,9,9,17
961,9,9,17
962,9,9,17
963,9,9,17
964,9,9,17
965,9,9,17
966,9,9,16
967,9,9,17
968,9,9,17
969,9,9,16
970,9,9,16
971,9,9,15
972,9,9,17
973,9,9,16
974,9,9,17
975,8,8,15
976,9,9,17
977,9,9,17
978,9,9,16
979,9,9,16
980,9,9,16
981,9,9,17
982,9,9,17
983,9,9,17
984,9,9,17
985,9,9,17
986,9,9,17
987,9,9,17
988,9,9,17
989,9,9,15
990,9,9,17
991,9,9,14
992,9,9,17
993,9,9,16
994,9,9,16
995,9,9,16
996,9,9,17
997,9,9,17
998,9,9,16
999,9,9,17
1000,9,9,15
1001,9,9,16
1002,9,9,14
1003,9,9,17
1004,9,9,17
1005,9,9,17
1006,9,9,16
1007,9,9,17
1008,9,9,17
1009,9,9,17
1010,9,9,16
1011,9,9,17
1012,9,9,17
1013,9,9,16
1014,9,9,16
1015,9,9,17
1016,8,8,15
1017,8,8,15
1018,9,9,17
1019,9,9,17
1020,9,9,17
1021,9,9,17
1022,9,9,16
1023,9,9,16
1024,9,9,17
1025,9,9,17
1026,9,9,17
1027,8,8,15
1028,9,9,17
1029,9,9,16
1030,9,9,17
1031,9,9,17
1032,9,9,17
1033,9,9,17
1034,9,9,17
1035,9,9,17
1036,9,9,17
1037,9,9,17
1038,9,9,17
1039,9,9,17
1040,9,9,17
1041,9,9,17
1042,9,9,17
1043,9,9,16
1044,9,9,15
1045,8,8,15
1046,9,9,17
1047,9,9,17
1048,9,9,17
1049,9,9,17
1050,9,9,17
1051,9,9,17
1052,9,9,17
1053,9,9,17
1054,9,9,17
1055,9,9,17
1056,9,9,16
1057,9,9,17
1058,9,9,16
1059,9,9,17
1060,9,9,17
1061,9,9,17
1062,9,9,16
1063,9,9,17
1064,9,9,17
1065,9,9,17
1066,9,9,17
1067,9,9,17
1068,9,9,17
1069,9,9,17
1070,8,8,15
1071,9,9,17
1072,9,9,17
1073,9,9,16
1074,9,9,17
1075,10,9,17
1076,10,9,17
1077,10,9,17
1078,10,10,18
1079,10,9,16
1080,10,9,17
1081,9,9,17
1082,9,9,17
1083,10,9,16
1084,10,9,14
1085,10,10,17
1086,10,9,16
1087,8,8,15
1088,8,8,15
1089,9,9,17
1090,9,9,17
1091,9,9,17
1092,10,10,20
1093,10,10,21
1094,10,10,21
1095,10,10,21
1096,10,10,21
1097,10,10,21
1098,10,10,21
1099,10,10,21
1100,10,10,21
1101,11,11,25
1102,11,11,25
1103,11,11,25
1104,11,11,25
1105,11,11,25
1106,11,11,24
1107,11,11,25
1108,11,11,25
1109,11,11,23
1110,11,11,25
1111,11,11,25
1112,11,11,25
1113,11,11,25
1114,11,11,25
1115,11,11,25
1116,11,11,25
1117,11,11,25
1118,11,11,25
1119,11,11,25
1120,11,11,25
1121,11,11,25
1122,11,11,25
1123,11,11,25
1124,11,11,25
1125,11,11,25
1126,11,11,25
1127,11,11,25
1128,11,11,25
1129,11,11,25
1130,11,11,25
1131,11,11,25
1132,11,11,25
1133,11,11,25
1134,11,11,25
1135,11,11,25
1136,11,11,25
1137,11,11,25
1138,11,11,24
1139,11,11,25
1140,11,11,25
1141,11,11,25
1142,11,11,25
1143,11,11,25
1144,11,11,25
1145,11,11,25
1146,11,11,25
1147,11,11,25
1148,11,11,25
1149,11,11,25
1150,11,11,25
1151,11,11,25
1152,11,11,25
1153,11,11,25
1154,11,11,25
1155,11,11,25
1156,11,11,25
1157,11,11,25
1158,11,11,25
1159,11,11,25
1160,11,11,25
1161,11,11,25
1162,11,11,25
1163,11,11,25
1164,11,11,25
1165,11,11,25
1166,11,11,25
1167,11,11,25
1168,11,11,25
1169,11,11,25
1170,11,11,25
1171,11,11,25
1172,11,11,25
1173,11,11,25
1174,11,11,25
1175,11,11,25
1176,11,11,25
1177,11,11,25
1178,11,11,25
1179,11,11,25
1180,11,11,25
1181,11,11,25
1182,11,11,25
1183,11,11,25
1184,11,11,25
1185,11,11,25
1186,11,11,25
1187,11,11,25
1188,11,11,25
1189,11,11,24
1190,11,11,25
1191,11,11,25
1192,11,11,25
1193,11,11,25
1194,11,11,25
1195,11,11,25
1196,11,11,25
1197,11,11,25
1198,11,11,25
1199,11,11,25
1200,11,11,24
1201,11,11,25
1202,11,11,25
1203,11,11,25
1204,11,11,25
1205,11,11,24
1206,11,11,25
1207,11,11,25
1208,11,11,25
1209,11,11,25
1210,11,11,25
1211,11,11,25
1212,11,11,25
1213,11,11,25
1214,11,11,25
1215,11,11,25
1216,11,11,25
1217,11,11,25
1218,11,11,25
1219,11,11,25
1220,11,11,25
1221,11,11,25
1222,11,11,25
1223,11,11,25
1224,11,11,25
1225,11,11,25
1226,11,11,25
1227,11,11,25
1228,11,11,25
1229,11,11,25
1230,11,11,25
1231,11,11,25
1232,11,11,25
1233,11,11,25
1234,11,11,25
1235,11,11,25
1236,11,11,25
1237,11,11,25
1238,11,11,25
1239,11,11,25
1240,11,11,25
1241,11,11,25
1242,11,11,25
1243,11,11,25
1244,11,11,25
1245,11,11,25
1246,11,11,25
1247,11,11,25
1248,11,11,25
1249,11,11,25
1250,11,11,25
1251,11,11,25
1252,11,11,25
1253,11,11,25
1254,11,11,25
1255,11,11,25
1256,11,11,25
1257,11,11,25
1258,11,11,25
1259,11,11,25
1260,11,11,25
1261,11,11,25
1262,11,11,25
1263,11,11,25
1264,11,11,25
1265,11,11,25
1266,11,11,25
1267,11,11,25
1268,11,11,25
1269,11,11,25
1270,11,11,25
1271,11,11,25
1272,11,11,25
1273,11,11,25
1274,11,11,25
1275,11,11,25
1276,11,11,25
1277,11,11,25
1278,11,11,25
1279,11,11,25
1280,11,11,25
1281,11,11,25
1282,11,11,25
1283,11,11,25
1284,11,11,25
1285,11,11,25
1286,11,11,25
1287,11,11,25
1288,11,11,24
1289,11,11,25
1290,11,11,25
1291,11,11,25
1292,11,11,25
1293,11,11,24
1294,11,11,24
1295,11,11,25
1296,11,11,25
1297,11,11,25
1298,11,11,25
1299,11,11,25
1300,11,11,25
1301,11,11,25
1302,11,11,25
1303,11,11,25
1304,11,11,25
1305,11,11,25
1306,11,11,25
1307,11,11,25
1308,11,11,25
1309,11,11,25
1310,11,11,25
1311,11,11,25
1312,11,11,25
1313,11,11,25
1314,11,11,25
1315,11,11,25
1316,11,11,25
1317,11,11,25
1318,11,11,25
1319,11,11,25
1320,11,11,25
1321,11,11,25
1322,11,11,25
1323,11,11,25
1324,11,11,24
1325,11,11,25
1326,11,11,25
1327,11,11,25
1328,11,11,25
1329,11,11,25
1330,11,11,25
1331,11,11,25
1332,11,11,25
1333,11,11,25
1334,11,11,25
1335,11,11,24
1336,11,11,25
1337,11,11,25
1338,11,11,25
1339,11,11,25
1340,11,11,24
1341,11,11,25
1342,11,11,25
1343,11,11,25
1344,11,11,25
1345,11,11,25
1346,11,11,25
1347,11,11,25
1348,11,11,25
1349,11,11,25
1350,11,11,25
1351,11,11,25
1352,11,11,25
1353,11,11,25
1354,11,11,25
1355,11,11,25
1356,11,11,25
1357,11,11,25
1358,11,11,25
1359,11,11,25
1360,11,11,25
1361,11,11,25
1362,11,11,25
1363,11,11,25
1364,11,11,25
1365,11,11,25
1366,11,11,24
1367,11,11,25
1368,11,11,25
1369,11,11,25
1370,11,11,25
1371,11,11,25
1372,11,11,25
1373,11,11,25
1374,11,11,25
1375,11,11,25
1376,11,11,25
1377,11,11,24
1378,11,11,25
1379,11,11,25
1380,11,11,25
1381,11,11,25
1382,11,11,25
1383,11,11,25
1384,11,11,25
1385,11,11,25
1386,11,11,25
1387,11,11,25
1388,11,11,25
1389,11,11,25
1390,11,11,25
1391,11,11,25
1392,11,11,25
1393,11,11,25
1394,11,11,25
1395,11,11,25
1396,11,11,25
1397,11,11,25
1398,11,11,25
1399,11,11,25
1400,11,11,25
1401,11,11,25
1402,11,11,25
1403,11,11,25
1404,11,11,25
1405,11,11,25
1406,11,11,25
1407,11,11,25
1408,11,11,25
1409,11,11,25
1410,11,11,25
1411,11,11,25
1412,11,11,25
1413,11,11,25
1414,11,11,25
1415,11,11,25
1416,11,11,25
1417,11,11,25
1418,11,11,25
1419,11,11,25
1420,11,11,25
1421,11,11,25
1422,11,11,24
1423,11,11,25
1424,11,11,25
1425,11,11,25
1426,11,11,25
1427,11,11,25
1428,11,11,25
1429,11,11,25
1430,11,11,24
1431,11,11,25
1432,11,11,25
1433,11,11,25
1434,11,11,25
1435,11,11,25
1436,11,11,25
1437,11,11,25
1438,11,11,25
1439,11,11,25
1440,11,11,25
1441,11,11,25
1442,11,11,25
1443,11,11,25
1444,11,11,25
1445,11,11,25
1446,11,11,25
1447,11,11,25
1448,11,11,25
1449,11,11,25
1450,11,11,25
1451,11,11,24
1452,11,11,25
1453,11,11,25
1454,11,11,25
1455,11,11,25
1456,11,11,25
1457,11,11,25
1458,11,11,25
1459,11,11,25
1460,11,11,25
1461,11,11,25
1462,11,11,25
1463,11,11,25
1464,11,11,25
1465,11,11,25
1466,11,11,25
1467,11,11,25
1468,11,11,25
1469,11,11,25
1470,11,11,25
1471,11,11,25
1472,11,11,25
1473,11,11,25
1474,11,11,25
1475,11,11,25
1476,11,11,25
1477,11,11,25
1478,11,11,25
1479,11,11,25
1480,11,11,25
1481,11,11,25
1482,11,11,25
1483,11,11,25
1484,11,11,25
1485,11,11,25
1486,11,11,25
1487,11,11,25
1488,11,11,25
1489,11,11,25
1490,11,11,25
1491,11,11,25
1492,11,11,25
1493,11,11,25
1494,11,11,25
1495,11,11,25
1496,11,11,25
1497,11,11,25
1498,11,11,25
1499,11,11,25
1500,11,11,25
1501,11,11,25
1502,11,11,25
1503,11,11,25
1504,11,11,25
1505,11,11,25
1506,11,11,25
1507,11,11,25
1508,11,11,25
1509,11,11,25
1510,11,11,25
1511,11,11,25
1512,11,11,25
1513,11,11,25
1514,11,11,25
1515,11,11,25
1516,11,11,25
1517,11,11,25
1518,11,11,25
1519,11,11,25
1520,11,11,25
1521,11,11,25
1522,11,11,25
1523,11,11,25
1524,11,11,25
1525,11,11,25
1526,11,11,25
1527,11,11,25
1528,11,11,25
1529,11,11,25
1530,11,11,25
1531,11,11,25
1532,11,11,25
1533,11,11,25
1534,11,11,25
1535,11,11,23
1536,11,11,25
1537,11,11,25
1538,11,11,25
1539,11,11,25
1540,11,11,24
1541,11,11,25
1542,11,11,25
1543,11,11,25
1544,11,11,25
1545,11,11,25
1546,11,11,25
1547,11,11,25
1548,11,11,25
1549,11,11,25
1550,11,11,25
1551,11,11,25
1552,11,11,25
1553,11,11,25
1554,11,11,25
1555,11,11,25
1556,11,11,25
1557,11,11,25
1558,11,11,25
1559,11,11,25
1560,11,11,25
1561,11,11,25
1562,11,11,25
1563,11,11,25
1564,11,11,23
1565,11,11,25
1566,11,11,25
1567,11,11,25
1568,11,11,25
1569,11,11,25
1570,11,11,25
1571,11,11,25
1572,11,11,25
1573,11,11,25
1574,11,11,25
1575,11,11,25
1576,11,11,25
1577,11,11,25
1578,11,11,25
1579,11,11,25
1580,11,11,25
1581,11,11,25
1582,11,11,24
1583,11,11,25
1584,11,11,25
1585,11,11,25
1586,11,11,25
1587,11,11,25
1588,11,11,25
1589,11,11,25
1590,11,11,25
1591,11,11,25
1592,11,11,25
1593,11,11,25
1594,11,11,24
1595,11,11,25
1596,11,11,25
1597,11,11,25
1598,11,11,25
1599,11,11,25
1600,11,11,25
1601,11,11,25
1602,11,11,25
1603,11,11,25
1604,11,11,25
1605,11,11,25
1606,11,11,25
1607,11,11,25
1608,11,11,25
1609,11,11,25
1610,11,11,25
1611,11,11,25
1612,11,11,25
1613,11,11,25
1614,11,11,25
1615,11,11,25
1616,11,11,25
1617,11,11,25
1618,11,11,25
1619,11,11,25
1620,11,11,25
1621,11,11,25
1622,11,11,25
1623,11,11,25
1624,11,11,25
1625,11,11,25
1626,11,11,25
1627,11,11,25
1628,11,11,25
1629,11,11,25
1630,11,11,25
1631,11,11,25
1632,11,11,25
1633,11,11,25
1634,11,11,25
1635,11,11,25
1636,11,11,25
1637,11,11,25
1638,11,11,25
1639,11,11,25
1640,11,11,25
1641,11,11,25
1642,11,11,25
1643,11,11,25
1644,11,11,25
1645,11,11,25
1646,11,11,25
1647,11,11,25
1648,11,11,25
1649,11,11,25
1650,11,11,25
1651,11,11,25
1652,11,11,25
1653,11,11,25
1654,11,11,25
1655,11,11,25
1656,11,11,25
1657,11,11,25
1658,11,11,25
1659,11,11,25
1660,11,11,25
1661,11,11,25
1662,11,11,25
1663,11,11,25
1664,11,11,25
1665,11,11,25
1666,11,11,25
1667,11,11,25
1668,11,11,25
1669,11,11,25
1670,11,11,25
1671,11,11,25
1672,11,11,25
1673,11,11,25
1674,11,11,25
1675,11,11,25
1676,11,11,25
1677,11,11,25
1678,12,12,28
1679,12,12,30
1680,12,12,30
1681,12,12,30
1682,12,12,30
1683,12,12,30
1684,12,12,30
1685,12,12,30
1686,12,12,30
1687,12,12,30
1688,12,12,30
1689,12,12,30
1690,12,12,30
1691,12,12,30
1692,12,12,30
1693,12,12,30
1694,12,12,30
1695,12,12,30
1696,12,12,30
1697,12,12,30
1698,12,12,30
1699,12,12,30
1700,12,12,30
1701,12,12,30
1702,12,12,30
1703,12,12,30
1704,12,12,30
1705,12,12,30
1706,12,12,30
1707,12,12,30
1708,12,12,30
1709,12,12,30
1710,12,12,30
1711,12,12,30
1712,12,12,30
1713,12,12,30
1714,12,12,30
1715,12,12,30
1716,12,12,30
1717,12,12,30
1718,12,12,30
1719,12,12,30
1720,12,12,30
1721,12,12,30
1722,12,12,30
1723,12,12,30
1724,12,12,30
1725,12,12,30
1726,12,12,30
1727,12,12,30
1728,12,12,30
1729,12,12,30
1730,12,12,30
1731,12,12,30
1732,12,12,30
1733,12,12,30
1734,12,12,30
1735,12,12,30
1736,12,12,30
1737,12,12,30
1738,12,12,30
1739,12,12,30
1740,12,12,30
1741,12,12,30
1742,12,12,30
1743,12,12,30
1744,12,12,30
1745,12,12,30
1746,12,12,30
1747,12,12,30
1748,12,12,30
1749,12,12,30
1750,12,12,30
1751,12,12,30
1752,12,12,30
1753,12,12,30
1754,12,12,30
1755,12,12,30
1756,12,12,30
1757,12,12,30
1758,12,12,30
1759,12,12,30
1760,12,12,30
1761,12,12,30
1762,12,12,30
1763,12,12,30
1764,12,12,30
1765,12,12,30
1766,12,12,30
1767,12,12,30
1768,12,12,30
1769,12,12,30
1770,12,12,30
1771,12,12,30
1772,12,12,30
1773,12,12,30
1774,12,12,30
1775,12,12,30
1776,12,12,30
1777,12,12,30
1778,12,12,30
1779,12,12,30
1780,12,12,30
1781,12,12,30
1782,12,12,30
1783,12,12,30
1784,12,12,30
1785,12,12,30
1786,12,12,30
1787,12,12,30
1788,12,12,30
1789,12,12,30
1790,12,12,30
1791,12,12,30
1792,12,12,30
1793,12,12,30
1794,12,12,30
1795,12,12,30
1796,12,12,30
1797,12,12,30
1798,12,12,30
1799,12,12,30
1800,12,12,30
1801,12,12,30
1802,12,12,30
1803,12,12,30
1804,12,12,30
1805,12,12,30
1806,12,12,30
1807,12,12,30
1808,12,12,30
1809,12,12,30
1810,12,12,30
1811,12,12,30
1812,12,12,30
1813,12,12,30
1814,12,12,30
1815,12,12,30
1816,12,12,30
1817,12,12,30
1818,12,12,30
1819,12,12,30
1820,12,12,30
1821,12,12,30
1822,12,12,30
1823,12,12,30
1824,12,12,30
1825,12,12,30
1826,12,12,30
1827,12,12,30
1828,12,12,30
1829,12,12,30
1830,12,12,30
1831,12,12,30
1832,12,12,30
1833,12,12,30
1834,12,12,30
1835,12,12,30
1836,12,12,30
1837,12,12,30
1838,12,12,30
1839,12,12,30
1840,12,12,30
1841,12,12,30
1842,12,12,30
1843,12,12,30
1844,12,12,30
1845,12,12,30
1846,12,12,30
1847,12,12,30
1848,12,12,30
1849,12,12,30
1850,12,12,30
1851,12,12,30
1852,12,12,30
1853,12,12,30
1854,12,12,30
1855,12,12,30
1856,12,12,30
1857,12,12,30
1858,12,12,30
1859,12,12,30
1860,12,12,30
1861,12,12,30
1862,12,12,30
1863,12,12,30
1864,12,12,30
1865,12,12,30
1866,12,12,30
1867,12,12,30
1868,12,12,30
1869,12,12,30
1870,12,12,30
1871,12,12,30
1872,12,12,30
1873,12,12,30
1874,12,12,30
1875,12,12,30
1876,12,12,30
1877,12,12,30
1878,12,12,30
1879,12,12,30
1880,12,12,30
1881,12,12,30
1882,12,12,30
1883,12,12,30
1884,12,12,30
1885,12,12,30
1886,12,12,30
1887,12,12,30
1888,12,12,30
1889,12,12,30
1890,12,12,30
1891,12,12,30
1892,12,12,30
1893,12,12,30
1894,12,12,30
1895,12,12,30
1896,12,12,30
1897,12,12,30
1898,12,12,30
1899,12,12,30
1900,12,12,30
1901,12,12,30
1902,12,12,30
1903,12,12,30
1904,12,12,30
1905,12,12,30
1906,12,12,30
1907,12,12,30
1908,12,12,30
1909,12,12,30
1910,12,12,30
1911,12,12,30
1912,12,12,30
1913,12,12,30
1914,12,12,30
1915,12,12,30
1916,12,12,30
1917,12,12,30
1918,12,12,30
1919,12,12,30
1920,12,12,30
1921,12,12,30
1922,12,12,30
1923,12,12,30
1924,12,12,30
1925,12,12,30
1926,12,12,30
1927,12,12,30
1928,12,12,30
1929,12,12,30
1930,12,12,30
1931,12,12,30
1932,12,12,30
1933,12,12,30
1934,12,12,30
1935,12,12,30
1936,12,12,30
1937,12,12,30
1938,12,12,30
1939,12,12,30
1940,12,12,30
1941,12,12,30
1942,12,12,30
1943,12,12,30
1944,12,12,30
1945,12,12,30
1946,12,12,30
1947,12,12,30
1948,12,12,30
1949,12,12,30
1950,12,12,30
1951,12,12,30
1952,12,12,30
1953,12,12,30
1954,12,12,30
1955,12,12,30
1956,12,12,30
1957,12,12,30
1958,12,12,30
1959,12,12,30
1960,12,12,30
1961,12,12,30
1962,12,12,30
1963,12,12,30
1964,12,12,30
1965,12,12,30
1966,12,12,30
1967,12,12,30
1968,12,12,30
1969,12,12,30
1970,12,12,30
1971,12,12,30
1972,12,12,30
1973,12,12,30
1974,12,12,30
1975,12,12,30
1976,12,12,30
1977,12,12,30
1978,12,12,30
1979,12,12,30
1980,12,12,30
1981,12,12,30
1982,12,12,30
1983,12,12,30
1984,12,12,30
1985,12,12,30
1986,12,12,30
1987,12,12,30
1988,12,12,30
1989,12,12,30
1990,12,12,30
1991,12,12,30
1992,12,12,30
1993,12,12,30
1994,12,12,30
1995,12,12,30
1996,12,12,30
1997,12,12,30
1998,12,12,30
1999,12,12,30
