0,0,0,0
1,1,0,0
2,1,0,0
3,1,0,0
4,0,0,0
5,0,0,0
6,1,0,0
7,1,0,0
8,1,0,0
9,1,0,0
10,2,0,0
11,2,0,0
12,2,0,0
13,2,0,0
14,2,0,0
15,2,2,1
16,2,0,0
17,2,0,0
18,2,0,0
19,2,0,0
20,2,0,0
21,2,0,0
22,2,0,0
23,2,0,0
24,2,0,0
25,2,0,0
26,3,0,0
27,2,0,0
28,3,0,0
29,3,0,0
30,3,0,0
31,3,0,0
32,3,0,0
33,4,0,0
34,4,0,0
35,3,0,0
36,4,0,0
37,4,0,0
38,4,0,0
39,4,0,0
40,4,0,0
41,4,0,0
42,3,0,0
43,3,0,0
44,2,0,0
45,2,0,0
46,2,0,0
47,2,0,0
48,2,0,0
49,2,0,0
50,2,0,0
51,1,0,0
52,2,0,0
53,2,0,0
54,1,0,0
55,2,0,0
56,2,0,0
57,2,0,0
58,2,0,0
59,2,2,1
60,2,0,0
61,3,2,1
62,2,0,0
63,2,0,0
64,1,0,0
65,2,0,0
66,1,0,0
67,1,0,0
68,1,0,0
69,2,0,0
70,2,0,0
71,2,0,0
72,2,0,0
73,2,0,0
74,2,0,0
75,2,0,0
76,2,0,0
77,2,0,0
78,1,0,0
79,1,0,0
80,1,0,0
81,1,0,0
82,1,0,0
83,1,0,0
84,1,0,0
85,1,0,0
86,1,0,0
87,2,0,0
88,1,0,0
89,1,0,0
90,1,0,0
91,1,0,0
92,1,0,0
93,1,0,0
94,1,0,0
95,1,0,0
96,1,0,0
97,1,0,0
98,1,0,0
99,1,0,0
100,2,0,0
101,3,0,0
102,3,0,0
103,3,0,0
104,3,0,0
105,3,0,0
106,3,0,0
107,3,0,0
108,3,0,0
109,3,0,0
110,3,0,0
111,3,0,0
112,2,0,0
113,2,0,0
114,2,0,0
115,2,0,0
116,2,0,0
117,2,0,0
118,2,0,0
119,2,0,0
120,2,0,0
121,2,0,0
122,2,2,1
123,2,0,0
124,2,0,0
125,2,0,0
126,2,0,0
127,2,0,0
128,2,0,0
129,2,0,0
130,2,0,0
131,1,0,0
132,2,0,0
133,2,0,0
134,2,0,0
135,2,0,0
136,2,0,0
137,3,2,1
138,4,0,0
139,4,0,0
140,4,0,0
141,5,0,0
142,4,0,0
143,4,0,0
144,4,0,0
145,4,0,0
146,3,0,0
147,3,0,0
148,3,0,0
149,2,0,0
150,2,0,0
151,2,0,0
152,2,0,0
153,2,0,0
154,1,0,0
155,1,0,0
156,2,0,0
157,2,0,0
158,1,0,0
159,2,0,0
160,2,0,0
161,2,0,0
162,3,0,0
163,2,0,0
164,2,0,0
165,2,0,0
166,2,0,0
167,3,2,1
168,3,0,0
169,3,0,0
170,3,0,0
171,3,0,0
172,3,2,1
173,2,0,0
174,2,2,1
175,2,0,0
176,2,0,0
177,2,0,0
178,2,0,0
179,2,0,0
180,2,0,0
181,3,0,0
182,3,0,0
183,2,2,1
184,2,2,1
185,2,2,1
186,2,2,1
187,2,2,1
188,3,0,0
189,2,0,0
190,2,0,0
191,2,0,0
192,3,0,0
193,3,0,0
194,2,0,0
195,3,0,0
196,4,0,0
197,4,2,1
198,4,3,2
199,4,4,3
200,4,3,2
201,4,3,3
202,3,2,1
203,3,3,2
204,4,2,1
205,4,2,1
206,4,0,0
207,4,0,0
208,4,0,0
209,4,2,1
210,3,0,0
211,3,2,1
212,3,2,1
213,3,3,2
214,3,3,2
215,3,3,3
216,4,3,3
217,3,3,3
218,3,3,3
219,3,3,2
220,3,3,2
221,3,3,2
222,4,4,3
223,4,4,4
224,3,3,2
225,3,3,2
226,3,3,2
227,3,3,2
228,3,3,2
229,3,3,2
230,3,3,3
231,3,3,3
232,3,3,3
233,3,3,2
234,3,3,2
235,3,2,1
236,3,3,3
237,3,3,2
238,3,3,2
239,3,3,2
240,3,3,3
241,3,3,3
242,3,3,2
243,3,2,1
244,4,2,1
245,4,0,0
246,4,2,1
247,4,0,0
248,4,0,0
249,4,0,0
250,4,0,0
251,4,0,0
252,4,2,1
253,4,0,0
254,4,0,0
255,3,0,0
256,3,0,0
257,3,0,0
258,3,0,0
259,3,2,1
260,3,2,1
261,3,3,2
262,3,3,2
263,3,3,2
264,3,2,1
265,3,3,2
266,3,3,2
267,3,3,3
268,3,3,2
269,3,3,2
270,3,3,3
271,3,2,1
272,3,3,2
273,3,2,1
274,3,0,0
275,3,0,0
276,3,0,0
277,4,0,0
278,4,2,1
279,4,2,1
280,5,2,1
281,4,2,1
282,4,2,1
283,4,3,2
284,4,3,2
285,4,3,3
286,3,3,3
287,3,3,3
288,3,3,3
289,3,3,3
290,4,3,2
291,4,3,2
292,5,4,3
293,4,3,2
294,4,3,3
295,3,3,3
296,3,3,3
297,3,3,3
298,4,3,3
299,4,3,2
300,4,3,2
301,4,3,2
302,4,3,2
303,4,3,2
304,4,3,2
305,5,3,2
306,4,3,3
307,4,3,3
308,4,3,3
309,4,3,2
310,4,3,3
311,4,3,2
312,4,3,2
313,4,3,2
314,4,3,2
315,4,3,3
316,4,3,3
317,4,3,2
318,4,3,2
319,4,3,3
320,4,3,3
321,4,3,2
322,4,3,2
323,4,3,2
324,3,3,2
325,3,0,0
326,3,2,1
327,3,2,1
328,3,3,3
329,3,3,2
330,3,3,2
331,3,3,2
332,3,3,2
333,3,3,2
334,3,3,3
335,4,3,3
336,3,3,3
337,3,3,2
338,3,3,3
339,3,3,2
340,3,3,2
341,3,2,1
342,3,0,0
343,3,2,1
344,3,0,0
345,3,2,1
346,3,0,0
347,3,0,0
348,3,2,1
349,3,2,1
350,3,2,1
351,2,0,0
352,2,0,0
353,3,0,0
354,3,0,0
355,4,0,0
356,2,2,1
357,2,0,0
358,2,0,0
359,3,0,0
360,3,0,0
361,2,0,0
362,2,0,0
363,2,2,1
364,2,2,1
365,2,0,0
366,3,0,0
367,3,0,0
368,2,0,0
369,3,0,0
370,2,0,0
371,2,0,0
372,1,0,0
373,1,0,0
374,1,0,0
375,1,0,0
376,2,0,0
377,1,0,0
378,2,0,0
379,1,0,0
380,1,0,0
381,1,0,0
382,1,0,0
383,1,0,0
384,1,0,0
385,1,0,0
386,2,0,0
387,2,0,0
388,2,0,0
389,1,0,0
390,2,0,0
391,2,0,0
392,2,0,0
393,2,0,0
394,2,0,0
395,2,0,0
396,2,0,0
397,3,2,1
398,3,0,0
399,4,0,0
400,4,0,0
401,4,0,0
402,3,0,0
403,4,2,1
404,4,0,0
405,4,0,0
406,3,0,0
407,3,0,0
408,3,0,0
409,3,0,0
410,3,2,1
411,3,2,1
412,3,2,1
413,3,2,1
414,3,0,0
415,3,0,0
416,2,0,0
417,2,0,0
418,3,0,0
419,1,0,0
420,2,0,0
421,1,0,0
422,2,0,0
423,2,0,0
424,1,0,0
425,1,0,0
426,1,0,0
427,1,0,0
428,2,0,0
429,1,0,0
430,1,0,0
431,2,0,0
432,3,0,0
433,2,0,0
434,2,0,0
435,3,0,0
436,2,0,0
437,2,0,0
438,1,0,0
439,1,0,0
440,1,0,0
441,1,0,0
442,0,0,0
443,0,0,0
444,0,0,0
445,0,0,0
446,0,0,0
447,0,0,0
448,1,0,0
449,1,0,0
450,2,0,0
451,2,0,0
452,1,0,0
453,2,0,0
454,2,0,0
455,1,0,0
456,1,0,0
457,3,0,0
458,2,0,0
459,2,0,0
460,2,0,0
461,4,0,0
462,3,0,0
463,3,0,0
464,3,0,0
465,3,0,0
466,3,0,0
467,4,0,0
468,3,0,0
469,3,0,0
470,3,0,0
471,3,0,0
472,3,0,0
473,2,0,0
474,2,0,0
475,2,0,0
476,2,0,0
477,2,0,0
478,2,0,0
479,2,0,0
480,1,0,0
481,3,0,0
482,3,0,0
483,3,0,0
484,3,0,0
485,3,0,0
486,3,3,3
487,3,3,2
488,3,3,2
489,3,3,2
490,3,3,2
491,4,3,2
492,4,3,3
493,4,3,2
494,3,3,3
495,3,3,3
496,4,3,3
497,3,3,2
498,3,2,1
499,3,0,0
500,3,2,1
501,2,2,1
502,2,0,0
503,2,0,0
504,2,0,0
505,2,0,0
506,2,0,0
507,1,0,0
508,2,0,0
509,3,0,0
510,2,0,0
511,1,0,0
512,2,0,0
513,2,0,0
514,2,0,0
515,3,0,0
516,2,0,0
517,2,0,0
518,2,0,0
519,2,0,0
520,2,0,0
521,3,0,0
522,3,0,0
523,4,0,0
524,4,2,1
525,3,3,2
526,4,3,2
527,4,4,4
528,4,0,0
529,4,0,0
530,4,0,0
531,4,0,0
532,3,0,0
533,3,0,0
534,3,0,0
535,3,2,1
536,4,2,1
537,3,2,1
538,3,2,1
539,3,0,0
540,4,3,2
541,4,3,2
542,4,3,3
543,4,4,4
544,3,2,1
545,4,4,5
546,4,4,5
547,4,4,4
548,4,4,4
549,4,4,5
550,4,4,5
551,4,4,4
552,4,4,4
553,4,4,5
554,4,4,5
555,4,4,4
556,4,4,4
557,4,4,5
558,4,4,3
559,4,4,4
560,4,4,3
561,4,4,4
562,4,4,5
563,4,4,5
564,4,4,4
565,4,4,4
566,4,4,5
567,4,4,4
568,4,4,5
569,4,4,5
570,5,4,5
571,5,4,5
572,5,4,5
573,5,4,4
574,5,4,5
575,5,4,4
576,4,4,4
577,4,4,4
578,4,4,5
579,3,2,1
580,3,2,1
581,4,4,3
582,4,4,4
583,4,4,5
584,4,4,4
585,4,4,3
586,4,4,4
587,4,4,4
588,4,4,5
589,3,3,2
590,4,2,1
591,5,2,1
592,5,2,1
593,5,3,2
594,5,3,2
595,4,0,0
596,5,3,2
597,4,3,2
598,4,3,2
599,5,3,2
600,5,3,3
601,5,3,3
602,5,3,2
603,5,3,3
604,4,2,1
605,5,3,3
606,5,3,3
607,5,3,3
608,4,3,2
609,4,3,2
610,4,3,2
611,3,3,3
612,3,3,2
613,3,3,2
614,3,3,2
615,3,2,1
616,3,0,0
617,3,0,0
618,3,0,0
619,3,0,0
620,2,0,0
621,2,0,0
622,2,0,0
623,2,0,0
624,3,0,0
625,3,0,0
626,2,0,0
627,3,0,0
628,3,0,0
629,2,0,0
630,2,0,0
631,2,0,0
632,2,0,0
633,2,0,0
634,2,0,0
635,2,0,0
636,2,0,0
637,2,0,0
638,2,0,0
639,3,0,0
640,3,0,0
641,3,0,0
642,3,0,0
643,3,0,0
644,3,0,0
645,3,0,0
646,3,0,0
647,3,0,0
648,3,0,0
649,3,2,1
650,3,2,1
651,3,2,1
652,3,2,1
653,3,2,1
654,2,2,1
655,2,0,0
656,2,0,0
657,2,0,0
658,1,0,0
659,1,0,0
660,1,0,0
661,1,0,0
662,1,0,0
663,1,0,0
664,1,0,0
665,1,0,0
666,1,0,0
667,1,0,0
668,2,0,0
669,2,0,0
670,2,0,0
671,3,0,0
672,5,0,0
673,5,2,1
674,5,2,1
675,5,2,1
676,5,2,1
677,5,2,1
678,4,2,1
679,4,0,0
680,4,0,0
681,4,0,0
682,4,2,1
683,4,2,1
684,4,0,0
685,3,0,0
686,4,0,0
687,3,0,0
688,3,0,0
689,3,0,0
690,2,0,0
691,2,0,0
692,1,0,0
693,2,0,0
694,1,0,0
695,2,0,0
696,1,0,0
697,1,0,0
698,1,0,0
699,2,0,0
700,2,0,0
701,2,0,0
702,2,0,0
703,2,0,0
704,2,0,0
705,2,0,0
706,1,0,0
707,1,0,0
708,1,0,0
709,1,0,0
710,2,0,0
711,1,0,0
712,1,0,0
713,1,0,0
714,1,0,0
715,1,0,0
716,1,0,0
717,1,0,0
718,1,0,0
719,1,0,0
720,1,0,0
721,2,0,0
722,1,0,0
723,1,0,0
724,2,0,0
725,2,0,0
726,3,0,0
727,3,0,0
728,2,0,0
729,3,2,1
730,2,0,0
731,1,0,0
732,2,0,0
733,1,0,0
734,1,0,0
735,1,0,0
736,1,0,0
737,1,0,0
738,1,0,0
739,2,0,0
740,3,0,0
741,3,0,0
742,2,0,0
743,2,0,0
744,2,0,0
745,2,0,0
746,2,2,1
747,2,0,0
748,3,0,0
749,3,0,0
750,3,0,0
751,3,0,0
752,3,0,0
753,2,0,0
754,3,0,0
755,3,0,0
756,3,0,0
757,3,0,0
758,2,0,0
759,2,2,1
760,2,0,0
761,2,0,0
762,2,0,0
763,3,0,0
764,2,0,0
765,2,0,0
766,2,0,0
767,1,0,0
768,1,0,0
769,1,0,0
770,1,0,0
771,1,0,0
772,2,0,0
773,2,0,0
774,2,0,0
775,2,0,0
776,2,0,0
777,3,0,0
778,3,0,0
779,2,0,0
780,2,0,0
781,2,0,0
782,3,0,0
783,3,0,0
784,4,0,0
785,3,0,0
786,4,2,1
787,4,2,1
788,4,3,2
789,3,2,1
790,3,0,0
791,3,2,1
792,3,2,1
793,3,0,0
794,3,0,0
795,3,0,0
796,3,0,0
797,3,0,0
798,3,3,2
799,3,3,2
800,3,3,2
801,3,3,2
802,3,3,2
803,3,3,2
804,3,3,2
805,3,3,2
806,3,3,3
807,3,3,2
808,3,3,3
809,3,3,2
810,3,3,3
811,3,3,3
812,3,3,3
813,3,3,3
814,3,3,2
815,3,3,2
816,4,3,3
817,4,3,2
818,4,3,3
819,4,3,3
820,4,3,3
821,4,3,3
822,4,3,2
823,4,3,2
824,4,0,0
825,4,3,2
826,4,3,2
827,4,3,2
828,4,3,2
829,4,2,1
830,4,3,2
831,4,3,2
832,4,2,1
833,4,2,1
834,4,4,3
835,4,4,4
836,4,4,4
837,4,4,5
838,4,4,5
839,5,4,5
840,4,4,5
841,4,4,4
842,5,4,5
843,4,4,5
844,6,5,5
845,6,6,8
846,6,5,7
847,6,5,5
848,6,6,7
849,6,6,10
850,6,6,10
851,7,6,10
852,6,6,10
853,6,6,10
854,6,6,10
855,6,6,10
856,6,6,10
857,6,6,10
858,6,6,10
859,6,6,10
860,6,6,10
861,6,6,10
862,6,6,9
863,6,6,10
864,6,6,10
865,6,6,10
866,6,6,10
867,6,6,10
868,6,6,10
869,6,6,9
870,6,6,10
871,6,6,9
872,6,6,6
873,7,6,10
874,7,6,10
875,7,6,10
876,7,6,10
877,7,6,10
878,7,6,10
879,7,6,10
880,6,6,10
881,6,6,9
882,6,6,10
883,6,6,10
884,6,6,10
885,6,6,9
886,6,6,10
887,6,6,9
888,6,6,10
889,6,6,10
890,6,6,10
891,6,6,10
892,6,6,10
893,6,6,10
894,6,6,9
895,6,6,10
896,6,6,10
897,6,6,10
898,6,6,10
899,6,6,10
900,6,6,10
901,6,6,10
902,6,6,9
903,6,6,8
904,6,6,10
905,6,6,10
906,6,6,10
907,6,6,10
908,6,6,10
909,6,6,9
910,6,6,9
911,6,6,10
912,6,6,10
913,6,6,10
914,6,6,10
915,6,6,10
916,6,6,10
917,6,6,10
918,6,6,10
919,6,6,9
920,6,6,9
921,7,6,10
922,7,6,10
923,7,6,10
924,7,6,9
925,6,6,10
926,6,6,9
927,6,6,10
928,6,6,10
929,6,6,10
930,6,6,10
931,6,6,10
932,6,6,10
933,6,6,9
934,6,6,9
935,6,6,10
936,7,6,10
937,6,6,10
938,6,6,10
939,6,6,9
940,6,6,10
941,6,6,9
942,6,6,10
943,6,6,10
944,6,6,10
945,6,6,9
946,6,6,10
947,6,6,10
948,6,6,10
949,6,6,10
950,6,6,9
951,6,6,10
952,6,6,10
953,6,6,10
954,6,6,9
955,6,6,9
956,6,6,10
957,6,6,9
958,6,6,9
959,7,6,10
960,7,6,10
961,6,6,10
962,6,6,10
963,6,6,10
964,6,6,10
965,6,6,9
966,6,6,10
967,6,6,9
968,6,6,10
969,6,6,10
970,6,6,10
971,6,6,10
972,6,6,9
973,6,6,10
974,6,6,10
975,6,6,9
976,6,6,9
977,6,6,10
978,6,6,10
979,6,6,10
980,6,6,10
981,6,6,10
982,6,6,10
983,6,6,10
984,6,6,10
985,6,6,9
986,6,6,10
987,6,6,10
988,6,6,10
989,6,6,9
990,6,6,9
991,6,6,10
992,8,6,10
993,7,6,10
994,7,6,10
995,7,6,10
996,6,6,10
997,6,6,9
998,6,6,10
999,6,6,10
1000,6,6,10
1001,6,6,10
1002,6,6,10
1003,6,6,9
1004,6,6,10
1005,6,6,9
1006,6,6,8
1007,6,6,10
1008,6,6,10
1009,6,6,9
1010,6,6,10
1011,6,6,10
1012,6,6,10
1013,6,6,10
1014,6,6,10
1015,6,6,10
1016,6,6,10
1017,6,6,9
1018,6,6,9
1019,6,6,10
1020,6,6,10
1021,6,6,10
1022,6,6,10
1023,6,6,10
1024,6,6,7
1025,6,6,9
1026,6,6,9
1027,6,6,9
1028,6,6,9
1029,6,6,10
1030,6,6,8
1031,6,6,9
1032,7,6,9
1033,7,6,9
1034,6,6,10
1035,6,6,10
1036,6,6,10
1037,7,6,10
1038,7,6,10
1039,7,6,10
1040,7,6,10
1041,7,6,10
1042,7,6,10
1043,7,6,10
1044,7,6,9
1045,7,6,10
1046,7,6,9
1047,7,6,8
1048,7,6,9
1049,7,6,10
1050,7,6,10
1051,7,6,10
1052,7,6,10
1053,7,6,9
1054,7,6,10
1055,7,6,10
1056,7,6,10
1057,7,7,12
1058,7,7,12
1059,7,7,11
1060,7,7,12
1061,7,7,12
1062,7,7,12
1063,7,7,12
1064,7,7,12
1065,7,7,9
1066,7,7,11
1067,7,7,11
1068,7,7,11
1069,7,7,11
1070,8,7,11
1071,8,7,12
1072,8,7,12
1073,8,7,12
1074,9,7,12
1075,9,7,12
1076,9,7,12
1077,9,7,12
1078,9,7,12
1079,9,7,12
1080,9,7,12
1081,9,7,12
1082,9,7,11
1083,9,7,12
1084,9,7,12
1085,9,7,12
1086,9,7,12
1087,9,7,11
1088,9,7,12
1089,9,7,12
1090,9,7,12
1091,9,7,12
1092,9,7,12
1093,9,8,13
1094,9,8,15
1095,8,8,15
1096,8,8,14
1097,8,8,15
1098,8,8,15
1099,8,8,15
1100,8,8,14
1101,8,8,15
1102,8,8,15
1103,8,8,15
1104,8,8,15
1105,8,8,15
1106,8,8,15
1107,8,8,15
1108,8,8,15
1109,8,8,15
1110,8,8,15
1111,8,8,15
1112,8,8,15
1113,8,8,15
1114,8,8,14
1115,8,8,14
1116,8,8,15
1117,8,8,14
1118,8,8,15
1119,8,8,15
1120,8,8,15
1121,8,8,15
1122,8,8,15
1123,8,8,15
1124,8,8,15
1125,8,8,15
1126,8,8,15
1127,8,8,15
1128,8,8,15
1129,8,8,15
1130,8,8,15
1131,8,8,15
1132,8,8,15
1133,8,8,15
1134,8,8,15
1135,8,8,15
1136,8,8,15
1137,8,8,15
1138,8,8,14
1139,8,8,15
1140,8,8,15
1141,8,8,14
1142,8,8,15
1143,8,8,14
1144,8,8,15
1145,8,8,15
1146,8,8,15
1147,8,8,15
1148,8,8,15
1149,8,8,15
1150,8,8,15
1151,8,8,15
1152,8,8,15
1153,8,8,15
1154,8,8,15
1155,9,8,14
1156,9,8,15
1157,9,8,15
1158,8,8,15
1159,9,8,15
1160,9,8,15
1161,8,8,14
1162,8,8,15
1163,9,8,15
1164,10,9,17
1165,9,9,16
1166,9,9,17
1167,9,9,18
1168,9,9,18
1169,9,9,18
1170,9,9,18
1171,9,9,18
1172,9,9,18
1173,9,9,18
1174,9,9,18
1175,9,9,18
1176,9,9,18
1177,9,9,18
1178,9,9,18
1179,10,10,19
1180,10,9,18
1181,10,9,18
1182,10,9,18
1183,10,9,18
1184,10,9,18
1185,10,9,18
1186,10,9,18
1187,10,9,18
1188,9,9,18
1189,9,9,18
1190,9,9,18
1191,9,9,18
1192,9,9,18
1193,9,9,18
1194,9,9,18
1195,9,9,18
1196,9,9,18
1197,9,9,18
1198,9,9,17
1199,9,9,18
1200,9,9,18
1201,9,9,18
1202,9,9,18
1203,9,9,18
1204,9,9,18
1205,9,9,18
1206,9,9,18
1207,9,9,17
1208,9,9,18
1209,9,9,18
1210,9,9,17
1211,9,9,17
1212,9,9,18
1213,9,9,18
1214,9,9,18
1215,9,9,18
1216,9,9,18
1217,9,9,18
1218,9,9,18
1219,9,9,18
1220,9,9,18
1221,9,9,18
1222,9,9,18
1223,9,9,17
1224,9,9,18
1225,9,9,18
1226,9,9,18
1227,9,9,18
1228,9,9,18
1229,9,9,18
1230,9,9,18
1231,9,9,18
1232,9,9,18
1233,9,9,18
1234,10,10,19
1235,10,10,19
1236,10,10,21
1237,10,10,21
1238,10,10,20
1239,10,10,21
1240,10,10,21
1241,10,10,20
1242,10,10,20
1243,10,10,21
1244,10,10,20
1245,10,10,21
1246,10,10,21
1247,10,10,21
1248,10,10,21
1249,10,10,20
1250,10,10,21
1251,10,10,21
1252,10,10,21
1253,9,9,18
1254,10,10,21
1255,10,10,21
1256,10,10,21
1257,10,10,21
1258,10,10,21
1259,10,10,21
1260,10,10,21
1261,10,10,21
1262,10,10,21
1263,10,10,21
1264,10,10,21
1265,10,10,21
1266,10,10,21
1267,10,10,21
1268,10,10,21
1269,10,10,21
1270,10,10,21
1271,10,10,21
1272,10,10,21
1273,10,10,21
1274,10,10,21
1275,10,10,21
1276,10,10,21
1277,10,10,21
1278,10,10,21
1279,10,10,21
1280,10,10,21
1281,10,10,21
1282,10,10,21
1283,10,10,21
1284,10,10,21
1285,10,10,21
1286,10,10,21
1287,10,10,21
1288,10,10,21
1289,10,10,21
1290,10,10,21
1291,10,10,21
1292,10,10,21
1293,10,10,21
1294,11,11,21
1295,11,11,25
1296,11,11,25
1297,11,11,25
1298,11,11,25
1299,11,11,25
1300,11,11,25
1301,11,11,25
1302,11,11,25
1303,11,11,25
1304,11,11,25
1305,11,11,25
1306,11,11,25
1307,11,11,25
1308,11,11,25
1309,11,11,25
1310,11,11,25
1311,11,11,25
1312,11,11,25
1313,11,11,25
1314,11,11,25
1315,11,11,25
1316,11,11,25
1317,11,11,25
1318,11,11,25
1319,11,11,25
1320,11,11,25
1321,11,11,25
1322,11,11,25
1323,11,11,25
1324,11,11,25
1325,11,11,25
1326,11,11,25
1327,11,11,25
1328,11,11,25
1329,11,11,25
1330,11,11,25
1331,11,11,25
1332,11,11,25
1333,11,11,25
1334,11,11,25
1335,11,11,25
1336,11,11,24
1337,11,11,25
1338,11,11,25
1339,11,11,25
1340,11,11,25
1341,11,11,25
1342,11,11,25
1343,11,11,25
1344,11,11,25
1345,11,11,25
1346,11,11,25
1347,11,11,25
1348,11,11,25
1349,11,11,25
1350,11,11,25
1351,11,11,25
1352,11,11,25
1353,11,11,25
1354,11,11,25
1355,11,11,25
1356,11,11,25
1357,11,11,25
1358,11,11,25
1359,11,11,25
1360,11,11,25
1361,11,11,25
1362,11,11,25
1363,11,11,25
1364,11,11,25
1365,11,11,25
1366,11,11,25
1367,11,11,25
1368,11,11,25
1369,11,11,25
1370,11,11,25
1371,11,11,25
1372,11,11,25
1373,11,11,25
1374,11,11,25
1375,11,11,25
1376,11,11,25
1377,11,11,25
1378,11,11,25
1379,11,11,25
1380,11,11,25
1381,11,11,25
1382,11,11,25
1383,11,11,25
1384,11,11,25
1385,11,11,25
1386,11,11,25
1387,11,11,25
1388,11,11,25
1389,11,11,25
1390,11,11,25
1391,11,11,25
1392,11,11,25
1393,11,11,25
1394,11,11,25
1395,11,11,25
1396,11,11,25
1397,11,11,25
1398,11,11,25
1399,11,11,23
1400,11,11,25
1401,11,11,25
1402,11,11,25
1403,11,11,25
1404,11,11,25
1405,11,11,25
1406,11,11,25
1407,11,11,25
1408,11,11,25
1409,11,11,25
1410,11,11,25
1411,11,11,25
1412,11,11,25
1413,11,11,25
1414,11,11,25
1415,11,11,25
1416,11,11,25
1417,11,11,25
1418,11,11,25
1419,11,11,25
1420,11,11,25
1421,11,11,25
1422,11,11,25
1423,11,11,25
1424,11,11,25
1425,11,11,25
1426,11,11,25
1427,11,11,25
1428,11,11,25
1429,11,11,25
1430,11,11,25
1431,11,11,25
1432,11,11,24
1433,11,11,23
1434,11,11,25
1435,11,11,25
1436,11,11,25
1437,11,11,25
1438,11,11,25
1439,11,11,25
1440,11,11,25
1441,11,11,25
1442,11,11,25
1443,11,11,25
1444,11,11,25
1445,11,11,25
1446,11,11,25
1447,11,11,25
1448,11,11,25
1449,11,11,25
1450,11,11,25
1451,11,11,25
1452,11,11,25
1453,11,11,25
1454,11,11,25
1455,11,11,25
1456,11,11,25
1457,11,11,25
1458,11,11,25
1459,11,11,25
1460,11,11,25
1461,11,11,25
1462,11,11,25
1463,11,11,25
1464,11,11,25
1465,11,11,25
1466,11,11,25
1467,11,11,25
1468,11,11,25
1469,11,11,25
1470,11,11,25
1471,11,11,25
1472,11,11,25
1473,11,11,25
1474,11,11,25
1475,11,11,25
1476,11,11,25
1477,11,11,25
1478,11,11,25
1479,11,11,25
1480,11,11,25
1481,11,11,25
1482,11,11,25
1483,11,11,25
1484,11,11,25
1485,11,11,25
1486,11,11,25
1487,11,11,25
1488,11,11,25
1489,11,11,25
1490,11,11,25
1491,11,11,24
1492,11,11,25
1493,11,11,25
1494,11,11,25
1495,11,11,25
1496,11,11,25
1497,11,11,25
1498,11,11,25
1499,11,11,25
1500,11,11,23
1501,11,11,25
1502,11,11,25
1503,11,11,25
1504,11,11,25
1505,11,11,25
1506,11,11,25
1507,11,11,25
1508,11,11,25
1509,11,11,25
1510,11,11,25
1511,11,11,25
1512,11,11,25
1513,11,11,25
1514,11,11,25
1515,11,11,24
1516,11,11,25
1517,11,11,25
1518,11,11,25
1519,11,11,25
1520,11,11,25
1521,11,11,25
1522,11,11,25
1523,11,11,25
1524,11,11,25
1525,11,11,25
1526,11,11,25
1527,11,11,25
1528,11,11,25
1529,11,11,25
1530,11,11,25
1531,11,11,25
1532,11,11,25
1533,11,11,25
1534,11,11,25
1535,11,11,25
1536,11,11,25
1537,11,11,25
1538,11,11,25
1539,11,11,25
1540,11,11,25
1541,11,11,25
1542,11,11,25
1543,11,11,25
1544,11,11,25
1545,11,11,25
1546,11,11,25
1547,11,11,25
1548,11,11,25
1549,11,11,25
1550,11,11,25
1551,11,11,25
1552,11,11,25
1553,11,11,25
1554,11,11,25
1555,11,11,25
1556,11,11,25
1557,11,11,25
1558,11,11,24
1559,11,11,25
1560,11,11,25
1561,11,11,25
1562,11,11,25
1563,11,11,25
1564,11,11,25
1565,11,11,25
1566,11,11,25
1567,11,11,25
1568,11,11,25
1569,11,11,25
1570,11,11,25
1571,11,11,25
1572,11,11,25
1573,11,11,25
1574,11,11,25
1575,11,11,25
1576,11,11,25
1577,11,11,25
1578,11,11,25
1579,11,11,25
1580,11,11,25
1581,11,11,25
1582,11,11,25
1583,11,11,25
1584,11,11,24
1585,11,11,25
1586,11,11,25
1587,11,11,25
1588,11,11,25
1589,11,11,25
1590,11,11,25
1591,11,11,25
1592,11,11,25
1593,11,11,25
1594,11,11,25
1595,11,11,25
1596,11,11,25
1597,11,11,25
1598,11,11,25
1599,11,11,25
1600,11,11,25
1601,11,11,25
1602,11,11,25
1603,11,11,25
1604,11,11,25
1605,11,11,25
1606,11,11,25
1607,11,11,25
1608,11,11,25
1609,11,11,25
1610,11,11,25
1611,11,11,25
1612,11,11,25
1613,11,11,25
1614,11,11,25
1615,11,11,25
1616,11,11,25
1617,11,11,25
1618,11,11,25
1619,11,11,25
1620,11,11,25
1621,11,11,25
1622,11,11,25
1623,11,11,24
1624,11,11,25
1625,11,11,25
1626,11,11,24
1627,11,11,25
1628,11,11,25
1629,11,11,25
1630,11,11,25
1631,11,11,24
1632,11,11,25
1633,11,11,25
1634,11,11,25
1635,11,11,25
1636,11,11,25
1637,11,11,25
1638,11,11,25
1639,11,11,25
1640,11,11,25
1641,11,11,25
1642,11,11,25
1643,11,11,25
1644,11,11,25
1645,11,11,25
1646,11,11,25
1647,11,11,25
1648,11,11,25
1649,11,11,25
1650,11,11,25
1651,11,11,25
1652,11,11,25
1653,11,11,25
1654,11,11,25
1655,11,11,25
1656,11,11,25
1657,11,11,25
1658,11,11,25
1659,11,11,25
1660,11,11,25
1661,11,11,25
1662,11,11,25
1663,11,11,25
1664,11,11,25
1665,11,11,25
1666,11,11,25
1667,11,11,25
1668,11,11,25
1669,11,11,25
1670,11,11,25
1671,11,11,25
1672,11,11,25
1673,11,11,25
1674,11,11,25
1675,11,11,25
1676,11,11,25
1677,11,11,25
1678,11,11,25
1679,11,11,25
1680,11,11,25
1681,11,11,25
1682,11,11,25
1683,11,11,25
1684,11,11,24
1685,11,11,25
1686,11,11,25
1687,11,11,25
1688,11,11,25
1689,11,11,25
1690,11,11,25
1691,11,11,25
1692,11,11,25
1693,11,11,25
1694,11,11,25
1695,11,11,25
1696,11,11,25
1697,11,11,25
1698,11,11,25
1699,11,11,25
1700,11,11,25
1701,11,11,25
1702,11,11,25
1703,11,11,25
1704,11,11,25
1705,11,11,25
1706,11,11,25
1707,11,11,24
1708,11,11,25
1709,11,11,25
1710,11,11,25
1711,11,11,25
1712,11,11,25
1713,11,11,25
1714,11,11,25
1715,11,11,25
1716,11,11,25
1717,11,11,25
1718,11,11,25
1719,11,11,25
1720,11,11,25
1721,11,11,25
1722,11,11,25
1723,11,11,25
1724,11,11,25
1725,11,11,25
1726,11,11,25
1727,11,11,25
1728,11,11,25
1729,11,11,25
1730,11,11,24
1731,11,11,25
1732,11,11,25
1733,11,11,25
1734,11,11,25
1735,11,11,25
1736,11,11,25
1737,11,11,25
1738,11,11,25
1739,11,11,25
1740,11,11,25
1741,11,11,25
1742,11,11,25
1743,11,11,25
1744,11,11,25
1745,11,11,25
1746,11,11,25
1747,11,11,25
1748,11,11,25
1749,11,11,25
1750,11,11,25
1751,11,11,25
1752,11,11,25
1753,11,11,25
1754,11,11,25
1755,11,11,25
1756,11,11,25
1757,11,11,25
1758,11,11,25
1759,11,11,25
1760,11,11,25
1761,11,11,25
1762,11,11,25
1763,11,11,25
1764,11,11,25
1765,11,11,25
1766,11,11,25
1767,11,11,25
1768,11,11,25
1769,11,11,25
1770,11,11,25
1771,11,11,25
1772,11,11,25
1773,11,11,25
1774,11,11,25
1775,11,11,25
1776,11,11,25
1777,11,11,25
1778,11,11,25
1779,11,11,25
1780,11,11,25
1781,11,11,25
1782,11,11,25
1783,11,11,25
1784,11,11,25
1785,11,11,25
1786,11,11,25
1787,11,11,25
1788,11,11,25
1789,11,11,25
1790,11,11,25
1791,11,11,25
1792,11,11,25
1793,11,11,25
1794,11,11,25
1795,11,11,25
1796,11,11,25
1797,11,11,25
1798,11,11,25
1799,11,11,25
1800,11,11,25
1801,11,11,25
1802,11,11,25
1803,11,11,25
1804,11,11,25
1805,11,11,25
1806,11,11,25
1807,11,11,25
1808,11,11,25
1809,11,11,25
1810,11,11,25
1811,11,11,25
1812,11,11,25
1813,11,11,25
1814,11,11,25
1815,11,11,25
1816,11,11,25
1817,11,11,25
1818,11,11,25
1819,11,11,25
1820,11,11,25
1821,11,11,25
1822,11,11,25
1823,11,11,25
1824,11,11,25
1825,11,11,25
1826,11,11,25
1827,11,11,25
1828,11,11,25
1829,11,11,25
1830,11,11,25
1831,11,11,25
1832,11,11,25
1833,11,11,25
1834,11,11,25
1835,11,11,25
1836,11,11,25
1837,11,11,25
1838,11,11,25
1839,11,11,25
1840,11,11,25
1841,11,11,25
1842,11,11,25
1843,11,11,25
1844,11,11,25
1845,11,11,24
1846,11,11,25
1847,11,11,25
1848,11,11,25
1849,11,11,25
1850,11,11,25
1851,11,11,25
1852,11,11,25
1853,11,11,25
1854,11,11,25
1855,11,11,25
1856,11,11,25
1857,11,11,25
1858,11,11,25
1859,11,11,25
1860,11,11,25
1861,11,11,25
1862,11,11,25
1863,11,11,25
1864,11,11,25
1865,11,11,25
1866,11,11,25
1867,11,11,25
1868,11,11,25
1869,11,11,25
1870,11,11,25
1871,11,11,25
1872,11,11,25
1873,11,11,25
1874,11,11,25
1875,11,11,25
1876,11,11,25
1877,11,11,25
1878,11,11,25
1879,11,11,25
1880,11,11,25
1881,11,11,25
1882,11,11,25
1883,11,11,25
1884,11,11,25
1885,11,11,25
1886,11,11,25
1887,11,11,25
1888,11,11,25
1889,11,11,25
1890,11,11,25
1891,11,11,25
1892,11,11,25
1893,11,11,25
1894,11,11,25
1895,11,11,25
1896,11,11,25
1897,11,11,25
1898,11,11,25
1899,11,11,25
1900,11,11,25
1901,11,11,25
1902,11,11,24
1903,11,11,25
1904,11,11,25
1905,11,11,25
1906,11,11,25
1907,11,11,24
1908,11,11,25
1909,11,11,25
1910,11,11,25
1911,11,11,25
1912,11,11,25
1913,11,11,25
1914,11,11,25
1915,11,11,25
1916,11,11,25
1917,11,11,25
1918,11,11,25
1919,11,11,25
1920,11,11,24
1921,11,11,25
1922,11,11,25
1923,11,11,25
1924,11,11,24
1925,11,11,25
1926,11,11,25
1927,11,11,25
1928,11,11,25
1929,11,11,25
1930,11,11,25
1931,11,11,25
1932,11,11,25
1933,11,11,25
1934,11,11,25
1935,11,11,25
1936,11,11,25
1937,11,11,25
1938,11,11,25
1939,11,11,25
1940,11,11,25
1941,11,11,25
1942,11,11,25
1943,11,11,25
1944,11,11,25
1945,11,11,25
1946,11,11,25
1947,11,11,25
1948,11,11,25
1949,11,11,25
1950,11,11,25
1951,11,11,25
1952,11,11,25
1953,11,11,25
1954,11,11,25
1955,11,11,25
1956,11,11,25
1957,11,11,25
1958,11,11,25
1959,11,11,25
1960,11,11,25
1961,11,11,25
1962,11,11,25
1963,11,11,25
1964,11,11,25
1965,11,11,25
1966,11,11,25
1967,11,11,25
1968,11,11,25
1969,11,11,25
1970,11,11,25
1971,11,11,25
1972,11,11,25
1973,11,11,25
1974,11,11,25
1975,11,11,25
1976,11,11,25
1977,11,11,25
1978,11,11,25
1979,11,11,25
1980,11,11,25
1981,11,11,25
1982,11,11,25
1983,11,11,25
1984,11,11,25
1985,11,11,25
1986,11,11,25
1987,11,11,25
1988,11,11,25
1989,11,11,25
1990,11,11,25
1991,11,11,25
1992,11,11,25
1993,11,11,25
1994,11,11,25
1995,11,11,24
1996,11,11,25
1997,11,11,25
1998,11,11,25
1999,11,11,25
