0,0,0,0
1,0,0,0
2,2,0,0
3,1,0,0
4,2,0,0
5,2,0,0
6,2,0,0
7,2,0,0
8,1,0,0
9,2,0,0
10,3,0,0
11,3,0,0
12,2,0,0
13,1,0,0
14,2,0,0
15,2,0,0
16,2,0,0
17,2,0,0
18,2,0,0
19,2,0,0
20,2,0,0
21,2,0,0
22,2,0,0
23,2,0,0
24,3,0,0
25,3,0,0
26,3,0,0
27,3,0,0
28,3,0,0
29,3,0,0
30,3,0,0
31,3,0,0
32,3,0,0
33,3,2,1
34,3,0,0
35,3,0,0
36,3,0,0
37,3,0,0
38,3,0,0
39,3,0,0
40,3,0,0
41,3,0,0
42,3,0,0
43,2,0,0
44,1,0,0
45,2,0,0
46,2,0,0
47,2,0,0
48,2,2,1
49,2,0,0
50,2,2,1
51,2,2,1
52,2,2,1
53,4,2,1
54,4,2,1
55,4,2,1
56,3,0,0
57,3,0,0
58,3,0,0
59,3,0,0
60,3,0,0
61,3,0,0
62,2,0,0
63,3,0,0
64,3,0,0
65,3,0,0
66,3,0,0
67,3,0,0
68,3,0,0
69,2,0,0
70,1,0,0
71,2,0,0
72,1,0,0
73,2,0,0
74,2,0,0
75,2,0,0
76,2,0,0
77,2,2,1
78,2,0,0
79,2,0,0
80,3,0,0
81,2,0,0
82,2,0,0
83,2,0,0
84,2,0,0
85,2,0,0
86,2,0,0
87,2,0,0
88,2,0,0
89,2,0,0
90,2,0,0
91,2,0,0
92,2,0,0
93,2,0,0
94,1,0,0
95,2,0,0
96,2,0,0
97,2,0,0
98,2,0,0
99,2,0,0
100,2,0,0
101,1,0,0
102,1,0,0
103,1,0,0
104,2,0,0
105,2,0,0
106,2,0,0
107,2,0,0
108,2,0,0
109,2,0,0
110,2,0,0
111,2,0,0
112,3,0,0
113,3,0,0
114,3,0,0
115,3,2,1
116,3,0,0
117,3,0,0
118,4,0,0
119,3,0,0
120,2,0,0
121,2,0,0
122,2,0,0
123,2,0,0
124,2,0,0
125,2,0,0
126,2,0,0
127,2,0,0
128,2,0,0
129,2,0,0
130,3,0,0
131,2,0,0
132,2,0,0
133,2,0,0
134,2,0,0
135,2,0,0
136,3,0,0
137,3,0,0
138,3,0,0
139,3,0,0
140,3,0,0
141,3,0,0
142,4,0,0
143,4,0,0
144,4,0,0
145,4,0,0
146,4,0,0
147,4,2,1
148,4,0,0
149,3,2,1
150,3,0,0
151,3,0,0
152,2,0,0
153,2,0,0
154,2,0,0
155,2,0,0
156,2,0,0
157,2,0,0
158,3,0,0
159,2,0,0
160,3,2,1
161,3,0,0
162,3,0,0
163,3,0,0
164,3,0,0
165,3,3,2
166,4,2,1
167,3,0,0
168,3,0,0
169,3,0,0
170,4,0,0
171,3,0,0
172,3,0,0
173,2,0,0
174,2,0,0
175,2,0,0
176,2,0,0
177,3,0,0
178,2,0,0
179,2,0,0
180,3,0,0
181,2,0,0
182,2,2,1
183,2,0,0
184,2,0,0
185,2,0,0
186,1,0,0
187,1,0,0
188,2,0,0
189,1,0,0
190,2,0,0
191,2,0,0
192,2,0,0
193,2,0,0
194,2,0,0
195,3,0,0
196,3,0,0
197,3,0,0
198,3,0,0
199,3,0,0
200,2,0,0
201,2,0,0
202,2,0,0
203,2,0,0
204,2,0,0
205,2,0,0
206,2,0,0
207,2,0,0
208,2,0,0
209,2,0,0
210,2,0,0
211,2,0,0
212,2,0,0
213,2,0,0
214,2,0,0
215,2,0,0
216,2,0,0
217,2,0,0
218,3,0,0
219,2,0,0
220,2,0,0
221,1,0,0
222,2,0,0
223,3,0,0
224,3,0,0
225,3,0,0
226,3,2,1
227,3,0,0
228,3,0,0
229,3,0,0
230,3,0,0
231,3,2,1
232,3,0,0
233,3,0,0
234,2,0,0
235,2,0,0
236,2,0,0
237,2,0,0
238,2,0,0
239,3,0,0
240,3,0,0
241,3,0,0
242,3,0,0
243,3,0,0
244,3,2,1
245,3,0,0
246,3,0,0
247,3,0,0
248,3,0,0
249,3,2,1
250,3,0,0
251,3,0,0
252,3,0,0
253,3,0,0
254,3,0,0
255,3,2,1
256,3,0,0
257,3,0,0
258,2,0,0
259,2,2,1
260,2,0,0
261,2,0,0
262,3,0,0
263,2,0,0
264,3,0,0
265,3,0,0
266,3,0,0
267,3,0,0
268,3,0,0
269,3,0,0
270,3,0,0
271,3,0,0
272,3,0,0
273,3,0,0
274,2,0,0
275,2,0,0
276,2,0,0
277,2,0,0
278,2,0,0
279,2,0,0
280,2,0,0
281,2,0,0
282,2,2,1
283,3,2,1
284,2,2,1
285,2,2,1
286,2,2,1
287,2,0,0
288,2,2,1
289,2,0,0
290,1,0,0
291,1,0,0
292,1,0,0
293,2,0,0
294,2,0,0
295,3,0,0
296,3,0,0
297,3,0,0
298,3,0,0
299,3,0,0
300,3,0,0
301,2,0,0
302,3,0,0
303,3,0,0
304,3,0,0
305,3,0,0
306,3,0,0
307,3,0,0
308,3,0,0
309,3,0,0
310,3,0,0
311,3,0,0
312,4,0,0
313,2,0,0
314,2,0,0
315,3,0,0
316,2,0,0
317,2,0,0
318,2,0,0
319,2,0,0
320,2,0,0
321,2,0,0
322,2,0,0
323,2,0,0
324,1,0,0
325,1,0,0
326,1,0,0
327,1,0,0
328,1,0,0
329,2,0,0
330,3,0,0
331,3,0,0
332,3,0,0
333,3,0,0
334,3,2,1
335,3,3,2
336,3,2,1
337,3,3,2
338,4,3,2
339,4,3,2
340,4,3,3
341,4,3,3
342,4,3,2
343,5,4,3
344,3,3,2
345,4,3,3
346,4,3,3
347,4,3,3
348,4,3,3
349,4,3,2
350,4,3,2
351,5,2,1
352,5,2,1
353,4,2,1
354,4,2,1
355,4,2,1
356,4,2,1
357,3,2,1
358,4,4,3
359,3,3,2
360,3,2,1
361,3,3,2
362,3,3,3
363,3,3,3
364,3,3,3
365,3,3,2
366,3,3,3
367,3,3,2
368,3,3,2
369,3,3,3
370,4,3,2
371,3,3,2
372,3,3,3
373,3,3,3
374,3,3,2
375,3,3,2
376,3,3,2
377,3,3,2
378,3,3,3
379,3,3,3
380,3,3,3
381,3,2,1
382,3,3,3
383,3,3,3
384,3,3,3
385,4,4,3
386,4,3,2
387,4,3,3
388,4,4,5
389,4,4,3
390,4,4,4
391,4,4,4
392,4,4,4
393,4,4,4
394,4,4,4
395,4,4,5
396,4,4,4
397,4,3,2
398,4,0,0
399,4,0,0
400,5,0,0
401,5,0,0
402,5,0,0
403,4,0,0
404,4,0,0
405,4,0,0
406,4,0,0
407,4,0,0
408,4,0,0
409,4,0,0
410,4,0,0
411,4,0,0
412,4,0,0
413,4,0,0
414,4,0,0
415,4,0,0
416,3,0,0
417,3,0,0
418,3,0,0
419,3,0,0
420,4,0,0
421,4,2,1
422,4,0,0
423,4,0,0
424,3,0,0
425,3,2,1
426,3,2,1
427,3,0,0
428,2,0,0
429,3,0,0
430,3,0,0
431,3,0,0
432,3,0,0
433,3,0,0
434,1,0,0
435,2,0,0
436,1,0,0
437,1,0,0
438,1,0,0
439,1,0,0
440,1,0,0
441,1,0,0
442,1,0,0
443,1,0,0
444,1,0,0
445,1,0,0
446,1,0,0
447,1,0,0
448,1,0,0
449,1,0,0
450,1,0,0
451,2,0,0
452,2,0,0
453,2,0,0
454,1,0,0
455,1,0,0
456,1,0,0
457,1,0,0
458,1,0,0
459,1,0,0
460,2,0,0
461,4,0,0
462,4,0,0
463,5,0,0
464,3,0,0
465,3,0,0
466,3,0,0
467,3,0,0
468,3,0,0
469,3,0,0
470,3,0,0
471,3,0,0
472,3,0,0
473,3,0,0
474,3,0,0
475,3,0,0
476,3,0,0
477,3,0,0
478,3,0,0
479,3,0,0
480,3,2,1
481,2,2,1
482,2,0,0
483,2,0,0
484,2,0,0
485,2,0,0
486,2,0,0
487,2,0,0
488,2,0,0
489,2,2,1
490,2,0,0
491,3,0,0
492,3,0,0
493,2,0,0
494,2,0,0
495,2,0,0
496,2,0,0
497,2,2,1
498,2,0,0
499,2,0,0
500,3,0,0
501,3,0,0
502,2,0,0
503,2,0,0
504,2,0,0
505,2,0,0
506,3,0,0
507,2,0,0
508,3,0,0
509,2,0,0
510,2,0,0
511,3,0,0
512,2,0,0
513,2,0,0
514,2,0,0
515,2,0,0
516,1,0,0
517,1,0,0
518,1,0,0
519,2,0,0
520,2,0,0
521,2,0,0
522,2,0,0
523,1,0,0
524,1,0,0
525,1,0,0
526,1,0,0
527,1,0,0
528,1,0,0
529,1,0,0
530,2,0,0
531,2,0,0
532,2,0,0
533,2,0,0
534,2,0,0
535,3,0,0
536,2,0,0
537,2,0,0
538,2,0,0
539,2,0,0
540,2,0,0
541,2,0,0
542,2,0,0
543,2,0,0
544,2,0,0
545,2,0,0
546,2,0,0
547,2,0,0
548,2,0,0
549,2,2,1
550,2,0,0
551,2,0,0
552,2,0,0
553,2,0,0
554,2,0,0
555,2,0,0
556,2,0,0
557,2,0,0
558,2,2,1
559,2,0,0
560,2,0,0
561,2,0,0
562,2,0,0
563,2,2,1
564,2,0,0
565,3,2,1
566,3,0,0
567,3,0,0
568,3,0,0
569,3,0,0
570,3,0,0
571,3,2,1
572,3,2,1
573,4,2,1
574,3,3,2
575,3,3,2
576,3,3,2
577,3,3,2
578,3,3,3
579,3,3,3
580,3,3,2
581,3,3,2
582,3,3,2
583,4,3,3
584,4,3,3
585,4,3,3
586,3,3,2
587,3,3,3
588,3,3,3
589,3,3,2
590,3,3,3
591,4,3,3
592,4,3,3
593,4,2,1
594,3,2,1
595,3,3,3
596,3,3,2
597,3,3,2
598,4,3,2
599,3,3,3
600,3,3,2
601,3,2,1
602,3,2,1
603,3,2,1
604,3,2,1
605,3,2,1
606,3,0,0
607,3,0,0
608,2,0,0
609,2,0,0
610,2,0,0
611,2,0,0
612,3,0,0
613,3,0,0
614,2,0,0
615,3,0,0
616,2,0,0
617,2,0,0
618,2,0,0
619,1,0,0
620,3,0,0
621,2,0,0
622,2,0,0
623,3,0,0
624,3,0,0
625,2,0,0
626,2,0,0
627,2,0,0
628,2,0,0
629,2,0,0
630,3,0,0
631,3,0,0
632,3,0,0
633,3,0,0
634,2,0,0
635,2,2,1
636,2,0,0
637,2,2,1
638,2,2,1
639,2,0,0
640,2,0,0
641,2,0,0
642,3,0,0
643,2,0,0
644,2,0,0
645,2,0,0
646,2,0,0
647,3,0,0
648,2,0,0
649,2,0,0
650,2,0,0
651,2,0,0
652,2,0,0
653,1,0,0
654,1,0,0
655,2,0,0
656,1,0,0
657,1,0,0
658,1,0,0
659,1,0,0
660,1,0,0
661,1,0,0
662,1,0,0
663,1,0,0
664,1,0,0
665,1,0,0
666,1,0,0
667,1,0,0
668,2,0,0
669,2,0,0
670,2,0,0
671,2,0,0
672,2,0,0
673,2,0,0
674,3,0,0
675,2,0,0
676,2,0,0
677,2,0,0
678,2,0,0
679,2,0,0
680,2,0,0
681,2,0,0
682,2,0,0
683,2,0,0
684,1,0,0
685,2,0,0
686,1,0,0
687,1,0,0
688,1,0,0
689,1,0,0
690,1,0,0
691,1,0,0
692,1,0,0
693,1,0,0
694,1,0,0
695,2,0,0
696,2,0,0
697,2,2,1
698,2,0,0
699,2,0,0
700,2,0,0
701,2,0,0
702,2,0,0
703,2,0,0
704,2,0,0
705,2,0,0
706,2,0,0
707,1,0,0
708,1,0,0
709,1,0,0
710,1,0,0
711,1,0,0
712,1,0,0
713,2,0,0
714,2,0,0
715,2,0,0
716,2,0,0
717,3,0,0
718,3,0,0
719,3,0,0
720,4,0,0
721,3,2,1
722,4,0,0
723,3,0,0
724,4,0,0
725,3,0,0
726,3,0,0
727,3,0,0
728,4,0,0
729,4,0,0
730,4,2,1
731,4,0,0
732,4,0,0
733,4,0,0
734,4,0,0
735,4,0,0
736,4,0,0
737,3,0,0
738,4,0,0
739,3,0,0
740,3,0,0
741,3,0,0
742,2,0,0
743,2,0,0
744,2,2,1
745,2,2,1
746,2,2,1
747,2,2,1
748,2,0,0
749,3,0,0
750,2,0,0
751,2,0,0
752,2,0,0
753,2,0,0
754,2,0,0
755,2,0,0
756,2,2,1
757,2,0,0
758,2,0,0
759,2,0,0
760,2,0,0
761,2,0,0
762,3,0,0
763,3,0,0
764,2,0,0
765,3,0,0
766,3,0,0
767,3,0,0
768,3,0,0
769,2,0,0
770,4,0,0
771,2,0,0
772,3,0,0
773,3,0,0
774,3,2,1
775,3,2,1
776,3,0,0
777,3,0,0
778,3,0,0
779,3,0,0
780,3,2,1
781,3,2,1
782,3,0,0
783,3,0,0
784,3,0,0
785,3,0,0
786,3,0,0
787,3,0,0
788,3,0,0
789,3,0,0
790,4,0,0
791,4,0,0
792,4,0,0
793,3,0,0
794,3,2,1
795,3,2,1
796,3,0,0
797,2,0,0
798,2,0,0
799,2,0,0
800,3,0,0
801,2,0,0
802,1,0,0
803,1,0,0
804,1,0,0
805,1,0,0
806,2,0,0
807,2,0,0
808,2,0,0
809,2,0,0
810,2,0,0
811,2,0,0
812,2,0,0
813,2,0,0
814,3,0,0
815,3,0,0
816,3,0,0
817,2,0,0
818,2,0,0
819,4,0,0
820,2,0,0
821,2,0,0
822,3,0,0
823,3,0,0
824,2,0,0
825,2,0,0
826,2,0,0
827,2,0,0
828,2,0,0
829,2,0,0
830,1,0,0
831,2,0,0
832,2,0,0
833,2,0,0
834,2,0,0
835,2,0,0
836,3,0,0
837,3,0,0
838,2,0,0
839,1,0,0
840,3,0,0
841,2,0,0
842,2,0,0
843,2,0,0
844,2,0,0
845,2,0,0
846,2,0,0
847,2,0,0
848,2,0,0
849,2,0,0
850,2,0,0
851,3,0,0
852,3,0,0
853,3,0,0
854,3,0,0
855,3,0,0
856,3,0,0
857,3,0,0
858,3,2,1
859,3,2,1
860,3,2,1
861,3,0,0
862,4,0,0
863,3,2,1
864,3,2,1
865,3,0,0
866,2,0,0
867,3,0,0
868,2,0,0
869,3,0,0
870,3,0,0
871,4,0,0
872,3,0,0
873,2,0,0
874,2,0,0
875,2,2,1
876,2,0,0
877,2,0,0
878,2,0,0
879,2,0,0
880,2,0,0
881,2,0,0
882,3,0,0
883,2,0,0
884,2,0,0
885,2,2,1
886,2,2,1
887,2,2,1
888,2,0,0
889,2,0,0
890,2,0,0
891,2,2,1
892,2,2,1
893,2,0,0
894,2,0,0
895,2,0,0
896,2,0,0
897,2,0,0
898,2,0,0
899,3,0,0
900,2,0,0
901,2,0,0
902,2,0,0
903,2,0,0
904,2,0,0
905,2,0,0
906,2,0,0
907,2,0,0
908,2,0,0
909,2,0,0
910,2,0,0
911,2,0,0
912,2,0,0
913,2,0,0
914,2,0,0
915,2,0,0
916,2,0,0
917,1,0,0
918,2,0,0
919,2,0,0
920,3,0,0
921,3,2,1
922,3,0,0
923,3,0,0
924,3,2,1
925,3,2,1
926,4,2,1
927,3,0,0
928,3,0,0
929,3,0,0
930,3,0,0
931,3,0,0
932,3,0,0
933,2,0,0
934,2,2,1
935,2,0,0
936,2,0,0
937,3,0,0
938,2,0,0
939,2,0,0
940,3,0,0
941,2,0,0
942,2,0,0
943,2,0,0
944,2,0,0
945,2,0,0
946,2,0,0
947,1,0,0
948,2,0,0
949,2,0,0
950,2,0,0
951,1,0,0
952,3,0,0
953,1,0,0
954,2,0,0
955,1,0,0
956,2,0,0
957,2,0,0
958,2,0,0
959,3,0,0
960,2,0,0
961,2,0,0
962,1,0,0
963,1,0,0
964,1,0,0
965,1,0,0
966,1,0,0
967,1,0,0
968,2,0,0
969,2,0,0
970,1,0,0
971,1,0,0
972,1,0,0
973,1,0,0
974,1,0,0
975,2,0,0
976,2,0,0
977,2,0,0
978,3,0,0
979,2,0,0
980,2,0,0
981,2,0,0
982,2,0,0
983,2,0,0
984,2,0,0
985,1,0,0
986,1,0,0
987,1,0,0
988,1,0,0
989,1,0,0
990,2,0,0
991,2,0,0
992,1,0,0
993,1,0,0
994,1,0,0
995,1,0,0
996,1,0,0
997,1,0,0
998,1,0,0
999,1,0,0
1000,3,0,0
1001,3,0,0
1002,2,0,0
1003,2,0,0
1004,2,0,0
1005,2,0,0
1006,3,0,0
1007,3,0,0
1008,3,0,0
1009,3,0,0
1010,3,0,0
1011,3,2,1
1012,2,0,0
1013,3,0,0
1014,3,0,0
1015,2,0,0
1016,2,0,0
1017,2,0,0
1018,2,0,0
1019,2,0,0
1020,2,2,1
1021,2,2,1
1022,2,0,0
1023,2,0,0
1024,2,0,0
1025,2,2,1
1026,2,0,0
1027,2,0,0
1028,2,0,0
1029,3,0,0
1030,3,0,0
1031,3,0,0
1032,3,0,0
1033,3,0,0
1034,4,0,0
1035,3,0,0
1036,3,2,1
1037,3,0,0
1038,3,0,0
1039,3,0,0
1040,3,0,0
1041,3,0,0
1042,3,0,0
1043,3,0,0
1044,2,0,0
1045,2,0,0
1046,2,0,0
1047,2,0,0
1048,2,0,0
1049,2,0,0
1050,2,0,0
1051,2,0,0
1052,2,0,0
1053,2,0,0
1054,3,0,0
1055,3,0,0
1056,3,0,0
1057,3,0,0
1058,2,0,0
1059,1,0,0
1060,1,0,0
1061,2,0,0
1062,2,0,0
1063,3,0,0
1064,2,2,1
1065,2,0,0
1066,2,0,0
1067,2,0,0
1068,1,0,0
1069,1,0,0
1070,1,0,0
1071,3,0,0
1072,1,0,0
1073,0,0,0
1074,0,0,0
1075,0,0,0
1076,0,0,0
1077,1,0,0
1078,0,0,0
1079,0,0,0
1080,0,0,0
1081,2,0,0
1082,2,0,0
1083,2,0,0
1084,2,0,0
1085,2,0,0
1086,3,0,0
1087,3,0,0
1088,3,0,0
1089,3,0,0
1090,3,0,0
1091,3,0,0
1092,3,0,0
1093,3,0,0
1094,3,0,0
1095,3,0,0
1096,3,0,0
1097,3,2,1
1098,3,0,0
1099,2,0,0
1100,2,0,0
1101,3,0,0
1102,3,0,0
1103,3,0,0
1104,2,0,0
1105,2,0,0
1106,3,0,0
1107,3,0,0
1108,3,0,0
1109,3,0,0
1110,3,0,0
1111,3,0,0
1112,2,0,0
1113,2,0,0
1114,2,0,0
1115,2,0,0
1116,3,0,0
1117,3,0,0
1118,3,0,0
1119,2,0,0
1120,3,0,0
1121,3,0,0
1122,2,0,0
1123,2,0,0
1124,1,0,0
1125,1,0,0
1126,2,0,0
1127,2,0,0
1128,2,0,0
1129,2,0,0
1130,3,0,0
1131,3,0,0
1132,3,0,0
1133,3,0,0
1134,4,2,1
1135,2,0,0
1136,2,0,0
1137,1,0,0
1138,1,0,0
1139,1,0,0
1140,1,0,0
1141,1,0,0
1142,1,0,0
1143,1,0,0
1144,1,0,0
1145,1,0,0
1146,2,0,0
1147,1,0,0
1148,1,0,0
1149,1,0,0
1150,1,0,0
1151,1,0,0
1152,1,0,0
1153,1,0,0
1154,1,0,0
1155,1,0,0
1156,2,0,0
1157,2,0,0
1158,2,0,0
1159,2,0,0
1160,2,0,0
1161,2,0,0
1162,2,0,0
1163,2,0,0
1164,2,0,0
1165,2,0,0
1166,2,0,0
1167,2,0,0
1168,2,0,0
1169,2,0,0
1170,3,0,0
1171,3,0,0
1172,3,0,0
1173,3,2,1
1174,3,0,0
1175,3,0,0
1176,3,0,0
1177,3,0,0
1178,3,0,0
1179,3,2,1
1180,3,2,1
1181,3,0,0
1182,3,0,0
1183,3,0,0
1184,3,0,0
1185,3,0,0
1186,3,0,0
1187,3,0,0
1188,3,0,0
1189,3,0,0
1190,3,0,0
1191,2,0,0
1192,2,0,0
1193,2,0,0
1194,2,0,0
1195,2,0,0
1196,2,0,0
1197,2,0,0
1198,2,0,0
1199,1,0,0
1200,1,0,0
1201,1,0,0
1202,1,0,0
1203,2,0,0
1204,2,0,0
1205,1,0,0
1206,2,0,0
1207,2,0,0
1208,2,0,0
1209,2,0,0
1210,3,0,0
1211,3,0,0
1212,3,0,0
1213,3,2,1
1214,3,3,2
1215,3,2,1
1216,3,2,1
1217,3,3,2
1218,3,3,2
1219,3,2,1
1220,3,2,1
1221,3,0,0
1222,3,0,0
1223,4,0,0
1224,4,0,0
1225,3,0,0
1226,2,0,0
1227,1,0,0
1228,1,0,0
1229,1,0,0
1230,1,0,0
1231,1,0,0
1232,1,0,0
1233,2,0,0
1234,2,2,1
1235,2,0,0
1236,2,0,0
1237,2,0,0
1238,2,0,0
1239,2,0,0
1240,2,0,0
1241,2,0,0
1242,2,0,0
1243,2,0,0
1244,2,2,1
1245,2,0,0
1246,2,0,0
1247,2,0,0
1248,2,2,1
1249,3,0,0
1250,2,0,0
1251,3,0,0
1252,1,0,0
1253,3,0,0
1254,3,0,0
1255,3,0,0
1256,2,0,0
1257,3,0,0
1258,4,0,0
1259,4,2,1
1260,3,2,1
1261,3,0,0
1262,4,0,0
1263,4,0,0
1264,4,0,0
1265,4,0,0
1266,4,2,1
1267,3,3,2
1268,3,3,2
1269,4,3,3
1270,3,3,3
1271,3,3,2
1272,3,2,1
1273,3,0,0
1274,3,0,0
1275,3,0,0
1276,3,0,0
1277,3,0,0
1278,3,0,0
1279,3,0,0
1280,2,0,0
1281,2,0,0
1282,2,0,0
1283,3,0,0
1284,3,0,0
1285,3,0,0
1286,3,0,0
1287,3,0,0
1288,2,0,0
1289,2,0,0
1290,1,0,0
1291,1,0,0
1292,2,0,0
1293,1,0,0
1294,1,0,0
1295,1,0,0
1296,1,0,0
1297,1,0,0
1298,1,0,0
1299,1,0,0
1300,1,0,0
1301,1,0,0
1302,1,0,0
1303,1,0,0
1304,1,0,0
1305,1,0,0
1306,1,0,0
1307,1,0,0
1308,1,0,0
1309,1,0,0
1310,1,0,0
1311,1,0,0
1312,1,0,0
1313,2,0,0
1314,2,0,0
1315,3,0,0
1316,2,0,0
1317,2,0,0
1318,3,0,0
1319,3,0,0
1320,3,0,0
1321,3,0,0
1322,3,0,0
1323,4,0,0
1324,4,0,0
1325,3,0,0
1326,3,0,0
1327,3,0,0
1328,3,0,0
1329,2,0,0
1330,3,0,0
1331,3,0,0
1332,5,0,0
1333,3,0,0
1334,3,0,0
1335,3,0,0
1336,3,2,1
1337,3,2,1
1338,4,2,1
1339,4,2,1
1340,4,2,1
1341,4,2,1
1342,4,2,1
1343,4,2,1
1344,4,2,1
1345,4,0,0
1346,4,0,0
1347,4,0,0
1348,4,3,2
1349,4,3,2
1350,4,3,2
1351,4,3,3
1352,4,3,3
1353,4,3,2
1354,4,3,3
1355,4,2,1
1356,3,2,1
1357,3,2,1
1358,3,2,1
1359,3,3,2
1360,3,2,1
1361,3,0,0
1362,3,2,1
1363,4,2,1
1364,4,3,2
1365,4,3,2
1366,3,2,1
1367,2,0,0
1368,2,0,0
1369,2,0,0
1370,3,0,0
1371,3,0,0
1372,3,0,0
1373,3,0,0
1374,3,0,0
1375,3,0,0
1376,3,0,0
1377,3,0,0
1378,3,0,0
1379,3,0,0
1380,3,0,0
1381,3,0,0
1382,3,0,0
1383,3,0,0
1384,3,2,1
1385,3,0,0
1386,3,0,0
1387,3,0,0
1388,3,0,0
1389,3,0,0
1390,3,0,0
1391,3,0,0
1392,2,0,0
1393,3,0,0
1394,2,0,0
1395,1,0,0
1396,1,0,0
1397,1,0,0
1398,1,0,0
1399,1,0,0
1400,1,0,0
1401,2,0,0
1402,2,0,0
1403,2,0,0
1404,2,0,0
1405,2,0,0
1406,2,0,0
1407,2,0,0
1408,2,0,0
1409,2,0,0
1410,2,0,0
1411,2,0,0
1412,2,0,0
1413,2,0,0
1414,2,0,0
1415,2,0,0
1416,2,0,0
1417,2,0,0
1418,2,0,0
1419,2,0,0
1420,2,0,0
1421,3,0,0
1422,2,0,0
1423,2,0,0
1424,2,0,0
1425,2,0,0
1426,2,0,0
1427,2,0,0
1428,3,0,0
1429,2,0,0
1430,2,0,0
1431,2,0,0
1432,3,0,0
1433,1,0,0
1434,1,0,0
1435,0,0,0
1436,1,0,0
1437,1,0,0
1438,1,0,0
1439,1,0,0
1440,1,0,0
1441,1,0,0
1442,1,0,0
1443,0,0,0
1444,1,0,0
1445,0,0,0
1446,1,0,0
1447,2,0,0
1448,1,0,0
1449,1,0,0
1450,1,0,0
1451,1,0,0
1452,1,0,0
1453,1,0,0
1454,2,0,0
1455,2,0,0
1456,2,0,0
1457,3,0,0
1458,2,0,0
1459,4,0,0
1460,3,0,0
1461,2,0,0
1462,2,0,0
1463,1,0,0
1464,1,0,0
1465,1,0,0
1466,1,0,0
1467,1,0,0
1468,1,0,0
1469,1,0,0
1470,1,0,0
1471,0,0,0
1472,0,0,0
1473,1,0,0
1474,1,0,0
1475,1,0,0
1476,2,0,0
1477,2,0,0
1478,2,0,0
1479,2,0,0
1480,2,0,0
1481,2,0,0
1482,2,0,0
1483,2,0,0
1484,2,0,0
1485,2,0,0
1486,2,0,0
1487,2,0,0
1488,2,0,0
1489,2,0,0
1490,2,0,0
1491,1,0,0
1492,1,0,0
1493,1,0,0
1494,1,0,0
1495,1,0,0
1496,1,0,0
1497,2,0,0
1498,1,0,0
1499,1,0,0
1500,1,0,0
1501,1,0,0
1502,1,0,0
1503,1,0,0
1504,1,0,0
1505,1,0,0
1506,1,0,0
1507,2,0,0
1508,1,0,0
1509,1,0,0
1510,1,0,0
1511,1,0,0
1512,2,0,0
1513,1,0,0
1514,1,0,0
1515,1,0,0
1516,1,0,0
1517,1,0,0
1518,1,0,0
1519,1,0,0
1520,1,0,0
1521,1,0,0
1522,1,0,0
1523,1,0,0
1524,1,0,0
1525,1,0,0
1526,1,0,0
1527,2,0,0
1528,1,0,0
1529,1,0,0
1530,1,0,0
1531,1,0,0
1532,1,0,0
1533,1,0,0
1534,1,0,0
1535,1,0,0
1536,1,0,0
1537,3,0,0
1538,1,0,0
1539,1,0,0
1540,1,0,0
1541,1,0,0
1542,1,0,0
1543,2,0,0
1544,1,0,0
1545,1,0,0
1546,2,0,0
1547,3,0,0
1548,2,0,0
1549,3,0,0
1550,3,0,0
1551,3,0,0
1552,3,0,0
1553,3,0,0
1554,3,2,1
1555,2,0,0
1556,3,0,0
1557,2,0,0
1558,2,0,0
1559,2,0,0
1560,1,0,0
1561,2,0,0
1562,3,0,0
1563,3,0,0
1564,3,0,0
1565,3,0,0
1566,3,0,0
1567,3,0,0
1568,3,0,0
1569,3,0,0
1570,3,0,0
1571,3,0,0
1572,3,0,0
1573,3,0,0
1574,3,0,0
1575,2,0,0
1576,4,0,0
1577,4,0,0
1578,4,0,0
1579,4,0,0
1580,4,0,0
1581,2,0,0
1582,2,0,0
1583,2,0,0
1584,2,0,0
1585,2,0,0
1586,2,0,0
1587,2,0,0
1588,2,0,0
1589,2,0,0
1590,2,0,0
1591,2,0,0
1592,2,0,0
1593,2,0,0
1594,1,0,0
1595,1,0,0
1596,2,0,0
1597,2,0,0
1598,2,0,0
1599,2,0,0
1600,2,0,0
1601,2,0,0
1602,2,0,0
1603,2,0,0
1604,3,0,0
1605,3,0,0
1606,2,0,0
1607,2,0,0
1608,2,2,1
1609,2,0,0
1610,1,0,0
1611,2,2,1
1612,1,0,0
1613,1,0,0
1614,2,0,0
1615,2,0,0
1616,2,0,0
1617,2,0,0
1618,2,0,0
1619,3,0,0
1620,3,0,0
1621,3,0,0
1622,2,0,0
1623,2,0,0
1624,2,0,0
1625,3,0,0
1626,4,0,0
1627,4,0,0
1628,4,0,0
1629,3,0,0
1630,3,0,0
1631,3,0,0
1632,3,2,1
1633,3,2,1
1634,3,2,1
1635,3,0,0
1636,4,0,0
1637,3,0,0
1638,3,0,0
1639,3,0,0
1640,3,0,0
1641,3,0,0
1642,3,2,1
1643,3,0,0
1644,3,0,0
1645,3,0,0
1646,3,0,0
1647,3,0,0
1648,3,0,0
1649,3,0,0
1650,3,0,0
1651,3,0,0
1652,3,0,0
1653,3,2,1
1654,3,2,1
1655,3,2,1
1656,4,0,0
1657,4,0,0
1658,4,2,1
1659,4,0,0
1660,3,2,1
1661,3,2,1
1662,3,3,2
1663,3,0,0
1664,3,0,0
1665,4,0,0
1666,4,0,0
1667,3,0,0
1668,3,0,0
1669,3,0,0
1670,3,0,0
1671,3,0,0
1672,3,0,0
1673,4,0,0
1674,4,0,0
1675,5,0,0
1676,4,0,0
1677,5,2,1
1678,5,2,1
1679,5,3,2
1680,5,2,1
1681,5,4,3
1682,5,3,2
1683,6,3,3
1684,4,3,2
1685,3,3,2
1686,4,4,5
1687,4,4,3
1688,4,4,4
1689,4,4,3
1690,5,4,4
1691,5,4,3
1692,5,5,5
1693,5,5,5
1694,5,5,7
1695,5,5,6
1696,5,5,5
1697,5,5,6
1698,5,5,6
1699,5,5,6
1700,5,5,7
1701,5,5,6
1702,5,5,7
1703,5,5,6
1704,5,5,6
1705,5,5,7
1706,5,5,6
1707,4,3,3
1708,5,5,4
1709,5,5,7
1710,5,5,4
1711,5,5,6
1712,6,5,5
1713,5,5,7
1714,5,5,7
1715,5,5,7
1716,5,5,6
1717,4,3,3
1718,5,4,4
1719,5,4,5
1720,5,4,5
1721,4,4,5
1722,4,4,4
1723,4,4,5
1724,4,4,4
1725,4,4,4
1726,4,4,4
1727,4,4,4
1728,5,4,5
1729,5,4,4
1730,5,4,4
1731,5,4,5
1732,5,4,5
1733,5,4,5
1734,5,4,5
1735,5,4,3
1736,5,4,4
1737,5,4,4
1738,5,4,5
1739,4,3,3
1740,4,3,3
1741,4,3,3
1742,5,4,3
1743,5,4,3
1744,5,4,5
1745,5,4,4
1746,5,5,5
1747,5,3,3
1748,5,4,4
1749,5,4,5
1750,5,4,4
1751,5,4,4
1752,5,4,5
1753,5,4,4
1754,4,4,4
1755,5,4,3
1756,5,3,3
1757,5,3,2
1758,4,3,3
1759,4,3,2
1760,4,3,2
1761,4,3,2
1762,4,3,2
1763,4,3,2
1764,4,3,3
1765,4,3,3
1766,4,3,3
1767,4,3,3
1768,4,3,3
1769,4,3,3
1770,4,3,3
1771,4,3,3
1772,4,3,2
1773,3,3,3
1774,3,3,3
1775,3,3,2
1776,3,3,3
1777,3,3,2
1778,3,2,1
1779,3,0,0
1780,3,2,1
1781,3,2,1
1782,3,0,0
1783,4,2,1
1784,3,2,1
1785,3,2,1
1786,3,2,1
1787,3,2,1
1788,2,2,1
1789,3,2,1
1790,3,2,1
1791,3,2,1
1792,3,2,1
1793,3,2,1
1794,4,2,1
1795,4,2,1
1796,4,2,1
1797,4,2,1
1798,4,0,0
1799,4,0,0
1800,3,0,0
1801,3,0,0
1802,4,0,0
1803,3,0,0
1804,4,0,0
1805,4,2,1
1806,4,0,0
1807,5,0,0
1808,4,0,0
1809,5,0,0
1810,5,0,0
1811,5,2,1
1812,5,3,2
1813,5,3,2
1814,5,4,3
1815,4,3,2
1816,6,4,4
1817,6,4,5
1818,6,4,5
1819,6,4,5
1820,7,4,5
1821,6,4,4
1822,7,4,3
1823,6,4,4
1824,5,3,2
1825,6,4,4
1826,6,4,5
1827,6,4,5
1828,6,4,5
1829,6,4,5
1830,6,4,5
1831,6,4,4
1832,6,4,5
1833,6,4,4
1834,6,4,4
1835,5,4,3
1836,5,4,4
1837,5,4,4
1838,5,4,4
1839,5,4,5
1840,5,4,5
1841,5,5,5
1842,5,4,5
1843,5,4,5
1844,5,3,3
1845,4,3,3
1846,5,4,4
1847,4,3,2
1848,4,3,2
1849,4,4,4
1850,4,4,5
1851,4,4,4
1852,4,4,3
1853,4,4,5
1854,4,4,4
1855,4,4,5
1856,4,4,4
1857,4,4,3
1858,3,0,0
1859,3,0,0
1860,3,2,1
1861,3,0,0
1862,4,0,0
1863,4,0,0
1864,4,0,0
1865,3,0,0
1866,3,0,0
1867,3,0,0
1868,3,0,0
1869,3,0,0
1870,3,0,0
1871,3,0,0
1872,3,0,0
1873,3,3,2
1874,3,0,0
1875,4,0,0
1876,3,0,0
1877,2,0,0
1878,3,0,0
1879,3,0,0
1880,3,2,1
1881,2,0,0
1882,3,0,0
1883,3,0,0
1884,2,0,0
1885,3,0,0
1886,3,0,0
1887,2,0,0
1888,2,0,0
1889,2,0,0
1890,2,0,0
1891,3,0,0
1892,3,2,1
1893,2,2,1
1894,2,0,0
1895,2,0,0
1896,2,0,0
1897,2,0,0
1898,2,0,0
1899,2,2,1
1900,2,2,1
1901,2,2,1
1902,3,2,1
1903,3,0,0
1904,3,0,0
1905,3,0,0
1906,3,2,1
1907,3,0,0
1908,3,0,0
1909,3,2,1
1910,4,0,0
1911,3,0,0
1912,4,0,0
1913,3,2,1
1914,3,0,0
1915,4,0,0
1916,4,0,0
1917,5,0,0
1918,3,0,0
1919,3,0,0
1920,3,0,0
1921,3,0,0
1922,3,0,0
1923,3,0,0
1924,3,0,0
1925,3,0,0
1926,3,0,0
1927,3,0,0
1928,3,0,0
1929,3,0,0
1930,3,0,0
1931,3,0,0
1932,2,0,0
1933,2,0,0
1934,3,0,0
1935,3,0,0
1936,2,0,0
1937,1,0,0
1938,1,0,0
1939,2,0,0
1940,3,0,0
1941,3,0,0
1942,3,0,0
1943,3,0,0
1944,3,2,1
1945,3,0,0
1946,3,2,1
1947,3,0,0
1948,3,0,0
1949,3,0,0
1950,3,0,0
1951,4,0,0
1952,5,0,0
1953,4,0,0
1954,3,0,0
1955,4,0,0
1956,3,2,1
1957,4,2,1
1958,3,3,2
1959,3,3,2
1960,3,3,2
1961,3,2,1
1962,3,0,0
1963,3,2,1
1964,3,0,0
1965,3,0,0
1966,3,0,0
1967,3,0,0
1968,3,0,0
1969,2,0,0
1970,3,0,0
1971,3,0,0
1972,2,0,0
1973,1,0,0
1974,2,0,0
1975,2,0,0
1976,2,0,0
1977,2,0,0
1978,2,0,0
1979,2,0,0
1980,2,0,0
1981,3,0,0
1982,3,0,0
1983,3,0,0
1984,3,2,1
1985,3,0,0
1986,3,0,0
1987,3,0,0
1988,3,0,0
1989,2,0,0
1990,2,2,1
1991,2,0,0
1992,1,0,0
1993,1,0,0
1994,1,0,0
1995,1,0,0
1996,1,0,0
1997,1,0,0
1998,1,0,0
1999,1,0,0
