0,0,0,0
1,1,0,0
2,2,0,0
3,1,0,0
4,1,0,0
5,1,0,0
6,1,0,0
7,1,0,0
8,1,0,0
9,1,0,0
10,1,0,0
11,1,0,0
12,2,0,0
13,3,0,0
14,3,0,0
15,4,0,0
16,4,0,0
17,4,0,0
18,2,2,1
19,2,0,0
20,2,0,0
21,2,0,0
22,2,0,0
23,2,0,0
24,2,0,0
25,2,0,0
26,2,0,0
27,3,0,0
28,2,0,0
29,2,0,0
30,3,0,0
31,3,0,0
32,2,0,0
33,2,0,0
34,2,0,0
35,2,0,0
36,3,0,0
37,2,0,0
38,2,0,0
39,2,0,0
40,2,0,0
41,2,2,1
42,3,0,0
43,2,0,0
44,2,0,0
45,2,0,0
46,2,0,0
47,2,0,0
48,2,0,0
49,2,0,0
50,1,0,0
51,1,0,0
52,1,0,0
53,0,0,0
54,0,0,0
55,0,0,0
56,1,0,0
57,1,0,0
58,2,0,0
59,2,0,0
60,2,0,0
61,2,0,0
62,2,2,1
63,2,0,0
64,2,0,0
65,2,0,0
66,4,0,0
67,2,0,0
68,2,0,0
69,2,0,0
70,2,0,0
71,2,0,0
72,2,0,0
73,3,0,0
74,2,0,0
75,2,0,0
76,2,0,0
77,2,0,0
78,2,0,0
79,2,0,0
80,2,2,1
81,2,0,0
82,3,0,0
83,3,0,0
84,3,0,0
85,3,0,0
86,3,0,0
87,3,0,0
88,3,0,0
89,2,0,0
90,2,0,0
91,2,0,0
92,2,0,0
93,2,0,0
94,2,0,0
95,2,0,0
96,2,0,0
97,2,0,0
98,2,0,0
99,2,0,0
100,2,0,0
101,2,0,0
102,2,0,0
103,3,0,0
104,3,2,1
105,3,0,0
106,4,0,0
107,3,0,0
108,2,0,0
109,2,0,0
110,3,0,0
111,3,0,0
112,3,0,0
113,3,0,0
114,3,2,1
115,3,0,0
116,3,2,1
117,3,2,1
118,3,0,0
119,3,0,0
120,3,0,0
121,3,2,1
122,3,3,2
123,4,2,1
124,3,2,1
125,4,0,0
126,4,2,1
127,4,0,0
128,5,0,0
129,5,0,0
130,5,0,0
131,3,0,0
132,3,0,0
133,3,2,1
134,4,0,0
135,4,2,1
136,3,0,0
137,3,0,0
138,3,0,0
139,3,0,0
140,3,0,0
141,2,0,0
142,2,0,0
143,3,0,0
144,2,2,1
145,2,0,0
146,1,0,0
147,2,0,0
148,2,0,0
149,2,0,0
150,2,0,0
151,2,0,0
152,1,0,0
153,1,0,0
154,2,0,0
155,2,0,0
156,3,0,0
157,3,0,0
158,3,2,1
159,5,2,1
160,4,2,1
161,4,0,0
162,4,0,0
163,4,3,2
164,4,2,1
165,4,2,1
166,4,0,0
167,3,0,0
168,3,0,0
169,2,0,0
170,2,0,0
171,2,0,0
172,2,0,0
173,2,0,0
174,2,0,0
175,2,0,0
176,1,0,0
177,2,0,0
178,2,0,0
179,2,0,0
180,2,0,0
181,2,0,0
182,2,0,0
183,2,0,0
184,2,2,1
185,2,0,0
186,2,0,0
187,2,0,0
188,2,0,0
189,2,2,1
190,2,0,0
191,2,0,0
192,2,0,0
193,2,0,0
194,2,0,0
195,2,0,0
196,2,0,0
197,2,0,0
198,2,0,0
199,1,0,0
200,1,0,0
201,1,0,0
202,1,0,0
203,0,0,0
204,0,0,0
205,0,0,0
206,0,0,0
207,0,0,0
208,0,0,0
209,1,0,0
210,0,0,0
211,0,0,0
212,0,0,0
213,1,0,0
214,1,0,0
215,1,0,0
216,1,0,0
217,1,0,0
218,1,0,0
219,2,0,0
220,2,0,0
221,3,0,0
222,3,0,0
223,3,0,0
224,2,0,0
225,2,0,0
226,2,0,0
227,2,0,0
228,2,0,0
229,2,0,0
230,2,0,0
231,2,0,0
232,2,0,0
233,2,0,0
234,2,0,0
235,2,0,0
236,3,0,0
237,3,0,0
238,3,0,0
239,3,0,0
240,3,0,0
241,2,0,0
242,2,0,0
243,2,0,0
244,2,0,0
245,2,2,1
246,2,0,0
247,2,0,0
248,2,0,0
249,1,0,0
250,2,0,0
251,3,0,0
252,2,0,0
253,2,0,0
254,2,0,0
255,2,0,0
256,2,0,0
257,2,0,0
258,1,0,0
259,1,0,0
260,2,0,0
261,1,0,0
262,2,0,0
263,1,0,0
264,1,0,0
265,3,0,0
266,2,0,0
267,3,0,0
268,2,0,0
269,3,0,0
270,3,0,0
271,3,0,0
272,3,0,0
273,2,0,0
274,2,0,0
275,2,0,0
276,2,0,0
277,2,0,0
278,2,0,0
279,2,0,0
280,2,0,0
281,2,0,0
282,2,0,0
283,3,0,0
284,2,2,1
285,2,0,0
286,2,0,0
287,2,0,0
288,2,0,0
289,2,0,0
290,2,0,0
291,2,0,0
292,2,0,0
293,2,0,0
294,2,0,0
295,3,0,0
296,3,0,0
297,3,0,0
298,3,0,0
299,2,0,0
300,2,0,0
301,2,0,0
302,1,0,0
303,0,0,0
304,1,0,0
305,3,0,0
306,2,0,0
307,1,0,0
308,2,0,0
309,2,0,0
310,2,0,0
311,2,0,0
312,2,0,0
313,2,2,1
314,2,0,0
315,2,0,0
316,2,0,0
317,2,0,0
318,2,2,1
319,3,0,0
320,2,0,0
321,2,0,0
322,3,0,0
323,2,0,0
324,2,0,0
325,2,0,0
326,3,0,0
327,2,0,0
328,2,0,0
329,2,0,0
330,2,0,0
331,2,0,0
332,3,0,0
333,3,0,0
334,3,0,0
335,4,0,0
336,4,0,0
337,4,2,1
338,4,3,2
339,4,3,2
340,4,3,2
341,4,3,2
342,4,3,3
343,4,3,2
344,4,3,3
345,4,3,2
346,3,3,2
347,3,3,3
348,3,3,2
349,4,3,2
350,4,3,2
351,5,3,2
352,4,3,2
353,4,3,3
354,3,3,3
355,4,3,3
356,4,3,2
357,4,3,3
358,4,3,2
359,4,3,3
360,4,3,3
361,4,3,3
362,4,3,3
363,4,3,3
364,4,3,3
365,4,3,3
366,4,3,2
367,4,0,0
368,4,2,1
369,4,2,1
370,4,2,1
371,3,2,1
372,3,2,1
373,3,2,1
374,3,2,1
375,3,2,1
376,3,2,1
377,2,2,1
378,3,2,1
379,3,2,1
380,3,2,1
381,3,2,1
382,3,0,0
383,3,0,0
384,3,0,0
385,2,0,0
386,2,0,0
387,2,0,0
388,3,0,0
389,3,0,0
390,3,0,0
391,3,0,0
392,3,0,0
393,3,0,0
394,3,0,0
395,3,0,0
396,3,0,0
397,3,0,0
398,3,0,0
399,3,0,0
400,2,0,0
401,2,0,0
402,2,0,0
403,1,0,0
404,1,0,0
405,2,0,0
406,2,0,0
407,2,0,0
408,2,0,0
409,2,0,0
410,1,0,0
411,2,0,0
412,2,0,0
413,2,0,0
414,2,0,0
415,2,0,0
416,2,0,0
417,1,0,0
418,1,0,0
419,1,0,0
420,1,0,0
421,1,0,0
422,1,0,0
423,1,0,0
424,1,0,0
425,1,0,0
426,1,0,0
427,1,0,0
428,1,0,0
429,1,0,0
430,2,0,0
431,2,0,0
432,1,0,0
433,1,0,0
434,2,0,0
435,1,0,0
436,1,0,0
437,1,0,0
438,1,0,0
439,1,0,0
440,2,0,0
441,1,0,0
442,1,0,0
443,2,0,0
444,2,0,0
445,2,0,0
446,1,0,0
447,2,0,0
448,2,0,0
449,1,0,0
450,1,0,0
451,1,0,0
452,1,0,0
453,2,0,0
454,2,0,0
455,2,0,0
456,2,0,0
457,2,2,1
458,3,0,0
459,2,0,0
460,2,0,0
461,3,0,0
462,4,0,0
463,4,0,0
464,4,0,0
465,4,0,0
466,4,0,0
467,3,2,1
468,3,0,0
469,4,0,0
470,4,0,0
471,4,0,0
472,3,0,0
473,3,0,0
474,4,0,0
475,4,2,1
476,4,2,1
477,4,2,1
478,3,2,1
479,3,2,1
480,3,0,0
481,3,0,0
482,3,2,1
483,3,2,1
484,3,2,1
485,3,2,1
486,4,0,0
487,3,0,0
488,3,2,1
489,3,3,2
490,3,3,2
491,3,3,2
492,3,3,2
493,3,3,2
494,3,3,2
495,4,3,2
496,5,3,2
497,4,3,2
498,4,3,2
499,4,3,2
500,4,3,3
501,4,0,0
502,4,0,0
503,3,0,0
504,3,0,0
505,3,0,0
506,4,0,0
507,3,0,0
508,3,0,0
509,4,0,0
510,4,0,0
511,2,0,0
512,3,0,0
513,3,0,0
514,3,0,0
515,2,0,0
516,4,0,0
517,3,0,0
518,2,0,0
519,2,0,0
520,2,0,0
521,1,0,0
522,1,0,0
523,3,0,0
524,3,0,0
525,3,0,0
526,4,2,1
527,3,0,0
528,3,0,0
529,3,0,0
530,4,0,0
531,3,0,0
532,4,0,0
533,3,0,0
534,3,0,0
535,2,0,0
536,2,0,0
537,2,0,0
538,4,0,0
539,3,0,0
540,3,0,0
541,3,0,0
542,3,0,0
543,3,0,0
544,3,0,0
545,3,0,0
546,3,0,0
547,3,0,0
548,4,3,2
549,3,2,1
550,3,2,1
551,3,2,1
552,4,2,1
553,5,0,0
554,5,2,1
555,4,3,2
556,4,3,3
557,4,4,3
558,3,2,1
559,4,4,3
560,4,4,4
561,4,4,4
562,4,3,2
563,3,3,3
564,3,3,3
565,3,3,3
566,3,3,3
567,3,3,3
568,4,3,3
569,4,3,2
570,4,3,2
571,5,3,3
572,3,3,2
573,4,3,3
574,3,3,2
575,4,3,2
576,4,3,2
577,5,3,2
578,6,2,1
579,6,2,1
580,6,0,0
581,5,0,0
582,5,0,0
583,5,0,0
584,6,0,0
585,4,0,0
586,4,0,0
587,4,0,0
588,4,0,0
589,4,0,0
590,4,0,0
591,4,0,0
592,4,0,0
593,4,0,0
594,4,0,0
595,4,0,0
596,3,0,0
597,2,0,0
598,3,0,0
599,3,0,0
600,2,0,0
601,2,0,0
602,2,0,0
603,1,0,0
604,1,0,0
605,1,0,0
606,1,0,0
607,1,0,0
608,2,0,0
609,2,0,0
610,1,0,0
611,3,0,0
612,3,0,0
613,3,0,0
614,2,0,0
615,2,0,0
616,2,0,0
617,1,0,0
618,1,0,0
619,2,0,0
620,1,0,0
621,1,0,0
622,1,0,0
623,1,0,0
624,1,0,0
625,1,0,0
626,1,0,0
627,1,0,0
628,1,0,0
629,1,0,0
630,2,0,0
631,2,0,0
632,3,0,0
633,2,0,0
634,2,0,0
635,1,0,0
636,1,0,0
637,1,0,0
638,1,0,0
639,0,0,0
640,0,0,0
641,0,0,0
642,1,0,0
643,1,0,0
644,1,0,0
645,1,0,0
646,1,0,0
647,1,0,0
648,1,0,0
649,1,0,0
650,1,0,0
651,1,0,0
652,1,0,0
653,1,0,0
654,2,0,0
655,2,0,0
656,2,0,0
657,2,0,0
658,2,0,0
659,2,0,0
660,1,0,0
661,1,0,0
662,2,0,0
663,2,0,0
664,2,0,0
665,1,0,0
666,1,0,0
667,1,0,0
668,1,0,0
669,2,0,0
670,3,0,0
671,2,0,0
672,2,0,0
673,3,0,0
674,3,0,0
675,3,0,0
676,3,0,0
677,3,0,0
678,3,0,0
679,3,0,0
680,3,0,0
681,2,0,0
682,3,0,0
683,2,0,0
684,2,0,0
685,3,0,0
686,3,0,0
687,3,0,0
688,4,0,0
689,4,0,0
690,4,0,0
691,3,2,1
692,3,0,0
693,3,0,0
694,2,0,0
695,2,0,0
696,2,0,0
697,2,0,0
698,2,0,0
699,2,0,0
700,2,0,0
701,2,0,0
702,2,0,0
703,2,0,0
704,2,0,0
705,1,0,0
706,1,0,0
707,1,0,0
708,1,0,0
709,3,0,0
710,2,0,0
711,2,0,0
712,2,0,0
713,2,2,1
714,2,0,0
715,2,0,0
716,1,0,0
717,1,0,0
718,1,0,0
719,1,0,0
720,1,0,0
721,2,0,0
722,1,0,0
723,1,0,0
724,1,0,0
725,1,0,0
726,1,0,0
727,2,0,0
728,2,0,0
729,2,0,0
730,2,0,0
731,2,0,0
732,3,0,0
733,2,0,0
734,2,0,0
735,2,0,0
736,2,0,0
737,3,0,0
738,3,0,0
739,2,0,0
740,2,0,0
741,3,0,0
742,1,0,0
743,1,0,0
744,1,0,0
745,1,0,0
746,2,0,0
747,2,0,0
748,2,0,0
749,2,0,0
750,2,0,0
751,2,0,0
752,2,0,0
753,2,2,1
754,2,0,0
755,3,0,0
756,2,0,0
757,1,0,0
758,2,0,0
759,2,0,0
760,3,0,0
761,2,0,0
762,2,0,0
763,2,0,0
764,2,0,0
765,2,0,0
766,2,0,0
767,0,0,0
768,1,0,0
769,1,0,0
770,1,0,0
771,1,0,0
772,1,0,0
773,1,0,0
774,1,0,0
775,1,0,0
776,1,0,0
777,1,0,0
778,1,0,0
779,1,0,0
780,1,0,0
781,1,0,0
782,1,0,0
783,2,0,0
784,2,0,0
785,2,0,0
786,3,0,0
787,1,0,0
788,2,0,0
789,2,0,0
790,2,0,0
791,3,2,1
792,2,0,0
793,3,0,0
794,2,0,0
795,2,0,0
796,2,0,0
797,3,0,0
798,3,0,0
799,3,0,0
800,3,0,0
801,3,0,0
802,1,0,0
803,1,0,0
804,1,0,0
805,2,0,0
806,2,0,0
807,2,2,1
808,2,0,0
809,2,0,0
810,2,0,0
811,2,0,0
812,2,0,0
813,2,0,0
814,2,0,0
815,2,0,0
816,2,0,0
817,2,0,0
818,2,0,0
819,2,0,0
820,2,0,0
821,3,2,1
822,4,0,0
823,3,0,0
824,3,0,0
825,2,0,0
826,3,0,0
827,3,0,0
828,3,0,0
829,1,0,0
830,1,0,0
831,1,0,0
832,1,0,0
833,2,0,0
834,2,0,0
835,2,0,0
836,2,0,0
837,2,0,0
838,2,0,0
839,2,0,0
840,2,0,0
841,3,0,0
842,3,0,0
843,3,0,0
844,2,0,0
845,2,0,0
846,1,0,0
847,1,0,0
848,1,0,0
849,1,0,0
850,1,0,0
851,1,0,0
852,1,0,0
853,1,0,0
854,1,0,0
855,1,0,0
856,1,0,0
857,1,0,0
858,1,0,0
859,1,0,0
860,1,0,0
861,2,0,0
862,2,0,0
863,2,0,0
864,2,0,0
865,3,0,0
866,3,0,0
867,4,0,0
868,4,0,0
869,4,0,0
870,4,2,1
871,4,2,1
872,4,3,2
873,4,2,1
874,4,0,0
875,4,0,0
876,4,0,0
877,2,0,0
878,3,0,0
879,2,0,0
880,2,0,0
881,2,0,0
882,2,0,0
883,2,0,0
884,3,0,0
885,2,0,0
886,2,0,0
887,2,0,0
888,2,0,0
889,2,0,0
890,1,0,0
891,2,0,0
892,2,0,0
893,2,0,0
894,2,0,0
895,2,0,0
896,1,0,0
897,2,0,0
898,2,0,0
899,1,0,0
900,1,0,0
901,2,0,0
902,2,0,0
903,2,0,0
904,2,0,0
905,2,0,0
906,2,0,0
907,2,0,0
908,2,0,0
909,2,0,0
910,2,0,0
911,2,0,0
912,3,0,0
913,3,0,0
914,3,2,1
915,3,0,0
916,3,0,0
917,2,2,1
918,2,2,1
919,2,0,0
920,2,0,0
921,2,2,1
922,2,0,0
923,1,0,0
924,2,0,0
925,2,0,0
926,2,0,0
927,2,0,0
928,2,0,0
929,2,0,0
930,3,2,1
931,2,0,0
932,3,0,0
933,2,0,0
934,3,0,0
935,3,0,0
936,4,0,0
937,4,0,0
938,4,0,0
939,3,0,0
940,2,0,0
941,2,0,0
942,3,0,0
943,3,0,0
944,3,2,1
945,3,0,0
946,4,0,0
947,5,0,0
948,4,0,0
949,3,0,0
950,4,0,0
951,4,0,0
952,4,0,0
953,4,2,1
954,4,0,0
955,4,0,0
956,4,0,0
957,4,0,0
958,3,0,0
959,3,0,0
960,3,0,0
961,4,0,0
962,3,0,0
963,3,0,0
964,3,0,0
965,3,0,0
966,3,2,1
967,2,0,0
968,2,0,0
969,2,0,0
970,1,0,0
971,2,0,0
972,2,0,0
973,2,0,0
974,2,0,0
975,2,0,0
976,3,0,0
977,2,0,0
978,2,0,0
979,2,0,0
980,2,0,0
981,2,0,0
982,1,0,0
983,2,0,0
984,2,0,0
985,2,0,0
986,2,0,0
987,2,0,0
988,2,0,0
989,2,0,0
990,2,0,0
991,2,0,0
992,2,0,0
993,2,0,0
994,2,0,0
995,2,2,1
996,2,0,0
997,2,0,0
998,2,2,1
999,2,0,0
1000,2,0,0
1001,2,0,0
1002,3,0,0
1003,3,0,0
1004,2,0,0
1005,2,0,0
1006,2,0,0
1007,2,0,0
1008,3,0,0
1009,2,0,0
1010,3,0,0
1011,3,0,0
1012,1,0,0
1013,2,0,0
1014,2,0,0
1015,1,0,0
1016,2,0,0
1017,1,0,0
1018,1,0,0
1019,2,0,0
1020,1,0,0
1021,1,0,0
1022,1,0,0
1023,3,0,0
1024,3,0,0
1025,3,2,1
1026,3,0,0
1027,3,2,1
1028,2,0,0
1029,3,0,0
1030,3,0,0
1031,4,0,0
1032,3,0,0
1033,3,0,0
1034,3,0,0
1035,3,0,0
1036,3,0,0
1037,3,0,0
1038,3,0,0
1039,4,0,0
1040,2,0,0
1041,3,0,0
1042,3,0,0
1043,3,0,0
1044,3,0,0
1045,3,0,0
1046,3,2,1
1047,3,0,0
1048,3,0,0
1049,3,0,0
1050,3,0,0
1051,4,0,0
1052,3,0,0
1053,4,0,0
1054,3,0,0
1055,2,0,0
1056,4,0,0
1057,3,0,0
1058,3,0,0
1059,4,0,0
1060,4,0,0
1061,3,0,0
1062,4,0,0
1063,4,0,0
1064,3,0,0
1065,3,0,0
1066,3,0,0
1067,3,0,0
1068,2,0,0
1069,2,0,0
1070,3,0,0
1071,2,0,0
1072,2,0,0
1073,2,2,1
1074,2,0,0
1075,2,0,0
1076,3,0,0
1077,3,0,0
1078,3,0,0
1079,3,0,0
1080,3,0,0
1081,3,0,0
1082,2,0,0
1083,1,0,0
1084,1,0,0
1085,1,0,0
1086,1,0,0
1087,1,0,0
1088,2,0,0
1089,1,0,0
1090,1,0,0
1091,1,0,0
1092,1,0,0
1093,1,0,0
1094,2,0,0
1095,2,0,0
1096,1,0,0
1097,2,0,0
1098,2,0,0
1099,2,0,0
1100,2,0,0
1101,2,0,0
1102,2,0,0
1103,2,0,0
1104,2,0,0
1105,2,0,0
1106,1,0,0
1107,1,0,0
1108,1,0,0
1109,1,0,0
1110,1,0,0
1111,1,0,0
1112,1,0,0
1113,2,0,0
1114,2,0,0
1115,2,0,0
1116,2,0,0
1117,2,0,0
1118,2,0,0
1119,2,0,0
1120,1,0,0
1121,1,0,0
1122,2,0,0
1123,1,0,0
1124,0,0,0
1125,2,0,0
1126,1,0,0
1127,1,0,0
1128,1,0,0
1129,1,0,0
1130,1,0,0
1131,2,0,0
1132,1,0,0
1133,1,0,0
1134,1,0,0
1135,1,0,0
1136,1,0,0
1137,1,0,0
1138,2,0,0
1139,2,0,0
1140,1,0,0
1141,1,0,0
1142,2,0,0
1143,1,0,0
1144,2,0,0
1145,2,0,0
1146,1,0,0
1147,1,0,0
1148,2,0,0
1149,2,0,0
1150,2,0,0
1151,2,0,0
1152,2,0,0
1153,2,0,0
1154,2,0,0
1155,2,0,0
1156,2,0,0
1157,2,0,0
1158,2,0,0
1159,2,0,0
1160,2,0,0
1161,2,0,0
1162,2,2,1
1163,3,0,0
1164,2,0,0
1165,2,0,0
1166,2,0,0
1167,2,0,0
1168,2,0,0
1169,3,2,1
1170,3,0,0
1171,3,0,0
1172,3,0,0
1173,2,0,0
1174,2,0,0
1175,2,2,1
1176,2,0,0
1177,3,0,0
1178,3,2,1
1179,3,2,1
1180,2,0,0
1181,1,0,0
1182,1,0,0
1183,1,0,0
1184,1,0,0
1185,1,0,0
1186,1,0,0
1187,1,0,0
1188,1,0,0
1189,2,0,0
1190,2,0,0
1191,3,0,0
1192,3,0,0
1193,3,0,0
1194,3,0,0
1195,3,0,0
1196,3,0,0
1197,3,0,0
1198,3,0,0
1199,2,0,0
1200,2,0,0
1201,2,0,0
1202,1,0,0
1203,1,0,0
1204,2,0,0
1205,1,0,0
1206,2,0,0
1207,2,0,0
1208,1,0,0
1209,1,0,0
1210,2,0,0
1211,3,0,0
1212,2,0,0
1213,2,0,0
1214,2,0,0
1215,3,0,0
1216,2,0,0
1217,2,0,0
1218,2,0,0
1219,2,0,0
1220,1,0,0
1221,1,0,0
1222,1,0,0
1223,1,0,0
1224,1,0,0
1225,1,0,0
1226,1,0,0
1227,1,0,0
1228,1,0,0
1229,1,0,0
1230,2,0,0
1231,2,0,0
1232,2,0,0
1233,3,0,0
1234,3,2,1
1235,3,0,0
1236,3,0,0
1237,2,0,0
1238,2,0,0
1239,2,0,0
1240,2,0,0
1241,3,0,0
1242,2,0,0
1243,3,0,0
1244,3,0,0
1245,3,0,0
1246,3,0,0
1247,3,0,0
1248,3,0,0
1249,3,0,0
1250,3,0,0
1251,3,0,0
1252,3,0,0
1253,3,0,0
1254,3,0,0
1255,3,0,0
1256,3,0,0
1257,3,0,0
1258,3,0,0
1259,3,0,0
1260,3,2,1
1261,3,2,1
1262,3,0,0
1263,3,2,1
1264,3,0,0
1265,3,0,0
1266,3,0,0
1267,3,0,0
1268,2,0,0
1269,2,0,0
1270,2,0,0
1271,2,0,0
1272,1,0,0
1273,2,0,0
1274,2,0,0
1275,2,0,0
1276,2,0,0
1277,2,0,0
1278,2,0,0
1279,2,0,0
1280,3,0,0
1281,3,0,0
1282,3,0,0
1283,3,0,0
1284,3,0,0
1285,3,0,0
1286,3,0,0
1287,3,0,0
1288,3,0,0
1289,3,0,0
1290,3,0,0
1291,2,0,0
1292,3,0,0
1293,3,2,1
1294,3,3,2
1295,3,3,2
1296,3,2,1
1297,3,3,2
1298,3,3,2
1299,3,3,2
1300,3,3,2
1301,3,3,2
1302,3,2,1
1303,3,2,1
1304,3,0,0
1305,3,0,0
1306,3,0,0
1307,3,0,0
1308,3,2,1
1309,3,2,1
1310,3,2,1
1311,3,2,1
1312,3,2,1
1313,3,2,1
1314,3,0,0
1315,3,2,1
1316,2,0,0
1317,3,0,0
1318,2,0,0
1319,2,0,0
1320,3,0,0
1321,2,0,0
1322,3,0,0
1323,2,0,0
1324,2,0,0
1325,2,0,0
1326,2,0,0
1327,2,0,0
1328,2,0,0
1329,2,0,0
1330,2,0,0
1331,2,0,0
1332,2,0,0
1333,2,0,0
1334,2,0,0
1335,2,0,0
1336,2,0,0
1337,2,0,0
1338,2,0,0
1339,2,0,0
1340,2,0,0
1341,2,0,0
1342,2,0,0
1343,2,0,0
1344,2,0,0
1345,2,0,0
1346,2,0,0
1347,1,0,0
1348,1,0,0
1349,1,0,0
1350,1,0,0
1351,0,0,0
1352,0,0,0
1353,0,0,0
1354,0,0,0
1355,0,0,0
1356,1,0,0
1357,2,0,0
1358,1,0,0
1359,1,0,0
1360,1,0,0
1361,1,0,0
1362,1,0,0
1363,1,0,0
1364,2,0,0
1365,1,0,0
1366,1,0,0
1367,2,0,0
1368,1,0,0
1369,1,0,0
1370,1,0,0
1371,1,0,0
1372,3,0,0
1373,2,0,0
1374,2,0,0
1375,1,0,0
1376,1,0,0
1377,1,0,0
1378,1,0,0
1379,2,0,0
1380,2,0,0
1381,1,0,0
1382,1,0,0
1383,1,0,0
1384,1,0,0
1385,1,0,0
1386,2,0,0
1387,1,0,0
1388,1,0,0
1389,1,0,0
1390,1,0,0
1391,1,0,0
1392,1,0,0
1393,2,0,0
1394,2,0,0
1395,2,0,0
1396,1,0,0
1397,1,0,0
1398,1,0,0
1399,1,0,0
1400,2,0,0
1401,1,0,0
1402,1,0,0
1403,1,0,0
1404,1,0,0
1405,1,0,0
1406,1,0,0
1407,1,0,0
1408,1,0,0
1409,1,0,0
1410,1,0,0
1411,1,0,0
1412,1,0,0
1413,1,0,0
1414,2,0,0
1415,2,0,0
1416,2,0,0
1417,2,2,1
1418,2,2,1
1419,2,2,1
1420,2,0,0
1421,2,0,0
1422,2,0,0
1423,2,0,0
1424,2,0,0
1425,2,0,0
1426,2,0,0
1427,3,0,0
1428,3,0,0
1429,3,0,0
1430,4,0,0
1431,4,0,0
1432,3,0,0
1433,3,0,0
1434,3,0,0
1435,2,2,1
1436,3,0,0
1437,4,2,1
1438,3,3,2
1439,3,0,0
1440,3,0,0
1441,3,0,0
1442,3,0,0
1443,3,0,0
1444,3,0,0
1445,3,2,1
1446,4,2,1
1447,4,2,1
1448,3,2,1
1449,3,3,2
1450,3,3,2
1451,4,3,2
1452,3,3,3
1453,3,3,2
1454,3,3,3
1455,3,3,2
1456,3,3,2
1457,3,3,3
1458,3,3,2
1459,3,2,1
1460,3,0,0
1461,3,2,1
1462,3,2,1
1463,3,0,0
1464,3,0,0
1465,3,2,1
1466,2,0,0
1467,3,2,1
1468,3,0,0
1469,2,0,0
1470,2,2,1
1471,2,0,0
1472,2,0,0
1473,2,0,0
1474,2,0,0
1475,2,0,0
1476,3,2,1
1477,2,2,1
1478,2,0,0
1479,2,2,1
1480,2,2,1
1481,3,2,1
1482,3,2,1
1483,2,2,1
1484,2,2,1
1485,3,0,0
1486,2,0,0
1487,2,0,0
1488,2,0,0
1489,2,0,0
1490,3,0,0
1491,3,0,0
1492,3,0,0
1493,3,0,0
1494,2,0,0
1495,1,0,0
1496,2,0,0
1497,1,0,0
1498,1,0,0
1499,2,0,0
1500,1,0,0
1501,1,0,0
1502,1,0,0
1503,1,0,0
1504,1,0,0
1505,1,0,0
1506,1,0,0
1507,1,0,0
1508,0,0,0
1509,1,0,0
1510,2,0,0
1511,1,0,0
1512,1,0,0
1513,1,0,0
1514,1,0,0
1515,1,0,0
1516,2,0,0
1517,1,0,0
1518,1,0,0
1519,1,0,0
1520,3,0,0
1521,3,0,0
1522,3,0,0
1523,3,0,0
1524,4,0,0
1525,4,2,1
1526,4,0,0
1527,4,2,1
1528,3,0,0
1529,3,0,0
1530,3,0,0
1531,3,0,0
1532,3,0,0
1533,3,0,0
1534,3,0,0
1535,3,0,0
1536,1,0,0
1537,1,0,0
1538,3,2,1
1539,2,0,0
1540,2,0,0
1541,2,0,0
1542,2,0,0
1543,3,0,0
1544,1,0,0
1545,2,0,0
1546,5,0,0
1547,4,0,0
1548,4,2,1
1549,4,3,3
1550,4,3,3
1551,3,3,3
1552,3,3,2
1553,3,3,2
1554,3,3,2
1555,3,3,2
1556,3,3,3
1557,3,3,2
1558,3,3,2
1559,3,3,2
1560,3,2,1
1561,3,3,2
1562,3,3,2
1563,3,3,2
1564,3,3,2
1565,3,3,2
1566,3,2,1
1567,3,2,1
1568,3,0,0
1569,3,0,0
1570,3,0,0
1571,3,0,0
1572,3,2,1
1573,3,0,0
1574,4,0,0
1575,4,0,0
1576,3,2,1
1577,3,0,0
1578,3,0,0
1579,3,0,0
1580,3,0,0
1581,4,0,0
1582,4,0,0
1583,2,0,0
1584,3,0,0
1585,3,0,0
1586,4,2,1
1587,4,0,0
1588,4,0,0
1589,3,0,0
1590,3,0,0
1591,3,0,0
1592,4,0,0
1593,2,0,0
1594,2,0,0
1595,2,0,0
1596,2,0,0
1597,2,0,0
1598,2,0,0
1599,2,0,0
1600,2,0,0
1601,3,0,0
1602,2,0,0
1603,3,0,0
1604,2,0,0
1605,2,0,0
1606,2,0,0
1607,2,0,0
1608,2,0,0
1609,2,0,0
1610,3,2,1
1611,3,0,0
1612,3,2,1
1613,3,0,0
1614,3,2,1
1615,3,0,0
1616,3,0,0
1617,3,0,0
1618,3,0,0
1619,2,0,0
1620,2,0,0
1621,2,0,0
1622,2,0,0
1623,2,2,1
1624,2,0,0
1625,3,0,0
1626,2,0,0
1627,3,2,1
1628,3,2,1
1629,3,0,0
1630,3,0,0
1631,3,0,0
1632,3,0,0
1633,3,0,0
1634,3,0,0
1635,3,0,0
1636,3,0,0
1637,3,0,0
1638,3,0,0
1639,3,0,0
1640,2,0,0
1641,2,0,0
1642,2,0,0
1643,2,0,0
1644,3,0,0
1645,3,0,0
1646,3,0,0
1647,3,0,0
1648,3,0,0
1649,3,0,0
1650,3,0,0
1651,3,2,1
1652,3,0,0
1653,3,3,3
1654,3,3,2
1655,3,3,3
1656,3,3,2
1657,3,3,2
1658,3,3,3
1659,3,2,1
1660,3,3,2
1661,3,3,2
1662,3,3,2
1663,3,3,2
1664,3,3,3
1665,3,3,3
1666,3,3,2
1667,3,2,1
1668,3,3,2
1669,3,3,2
1670,3,2,1
1671,3,3,3
1672,3,3,2
1673,3,3,2
1674,4,3,3
1675,4,3,2
1676,4,3,3
1677,4,3,3
1678,4,3,2
1679,4,3,2
1680,3,3,3
1681,3,3,3
1682,3,3,3
1683,3,3,3
1684,3,3,3
1685,3,3,3
1686,3,3,3
1687,3,3,3
1688,3,3,3
1689,3,3,3
1690,4,3,3
1691,3,3,3
1692,3,3,2
1693,3,3,3
1694,3,3,2
1695,3,3,2
1696,3,3,3
1697,4,3,2
1698,4,3,2
1699,4,3,3
1700,4,3,3
1701,4,3,3
1702,4,3,2
1703,4,3,3
1704,5,3,2
1705,5,3,2
1706,5,3,2
1707,5,0,0
1708,5,2,1
1709,5,0,0
1710,5,0,0
1711,4,0,0
1712,4,0,0
1713,4,2,1
1714,4,2,1
1715,3,2,1
1716,3,3,3
1717,4,3,3
1718,5,3,3
1719,5,4,5
1720,5,4,4
1721,5,4,3
1722,5,4,3
1723,5,4,4
1724,5,3,3
1725,5,4,5
1726,5,4,3
1727,5,3,2
1728,5,3,3
1729,5,4,4
1730,4,4,3
1731,4,4,4
1732,4,4,3
1733,4,4,4
1734,4,4,5
1735,5,5,6
1736,5,5,6
1737,4,4,3
1738,5,5,6
1739,5,5,6
1740,5,5,6
1741,6,5,6
1742,6,5,7
1743,6,4,3
1744,5,4,5
1745,6,5,5
1746,5,4,5
1747,6,5,6
1748,6,5,5
1749,6,5,5
1750,6,4,5
1751,6,4,4
1752,6,4,4
1753,5,4,4
1754,4,3,2
1755,5,3,3
1756,5,3,3
1757,6,3,2
1758,6,4,4
1759,6,4,4
1760,5,4,4
1761,5,4,5
1762,6,5,7
1763,6,5,6
1764,5,4,4
1765,5,5,5
1766,6,5,7
1767,6,5,6
1768,6,5,7
1769,6,5,7
1770,5,5,6
1771,4,3,3
1772,4,4,4
1773,5,4,3
1774,5,2,1
1775,5,2,1
1776,5,2,1
1777,5,0,0
1778,4,2,1
1779,4,2,1
1780,3,0,0
1781,4,3,2
1782,3,2,1
1783,3,3,2
1784,3,3,2
1785,3,3,3
1786,3,3,3
1787,3,3,3
1788,3,3,3
1789,3,3,2
1790,3,3,3
1791,3,3,3
1792,3,3,3
1793,3,3,2
1794,3,3,2
1795,4,2,1
1796,4,3,2
1797,4,3,2
1798,4,0,0
1799,3,0,0
1800,3,0,0
1801,3,0,0
1802,4,0,0
1803,3,2,1
1804,3,0,0
1805,3,2,1
1806,3,0,0
1807,3,0,0
1808,3,0,0
1809,3,0,0
1810,3,0,0
1811,3,0,0
1812,3,0,0
1813,3,0,0
1814,3,0,0
1815,2,0,0
1816,2,0,0
1817,2,0,0
1818,2,0,0
1819,2,0,0
1820,2,0,0
1821,2,0,0
1822,2,0,0
1823,2,0,0
1824,2,0,0
1825,2,0,0
1826,2,0,0
1827,2,0,0
1828,3,0,0
1829,3,2,1
1830,3,0,0
1831,3,0,0
1832,3,0,0
1833,3,2,1
1834,3,0,0
1835,3,0,0
1836,3,0,0
1837,3,0,0
1838,3,0,0
1839,2,0,0
1840,2,0,0
1841,2,0,0
1842,2,0,0
1843,2,0,0
1844,2,0,0
1845,2,0,0
1846,2,0,0
1847,2,0,0
1848,2,0,0
1849,2,0,0
1850,2,0,0
1851,2,0,0
1852,1,0,0
1853,2,0,0
1854,3,0,0
1855,3,0,0
1856,3,0,0
1857,2,0,0
1858,2,0,0
1859,2,0,0
1860,2,0,0
1861,3,0,0
1862,3,0,0
1863,3,0,0
1864,2,0,0
1865,3,0,0
1866,2,0,0
1867,2,0,0
1868,3,0,0
1869,3,0,0
1870,3,0,0
1871,2,0,0
1872,2,0,0
1873,3,0,0
1874,2,0,0
1875,2,0,0
1876,2,0,0
1877,2,0,0
1878,2,0,0
1879,2,0,0
1880,2,0,0
1881,2,0,0
1882,2,0,0
1883,2,0,0
1884,3,0,0
1885,3,0,0
1886,3,0,0
1887,2,0,0
1888,2,0,0
1889,2,0,0
1890,3,2,1
1891,2,0,0
1892,4,0,0
1893,2,0,0
1894,2,0,0
1895,2,0,0
1896,2,0,0
1897,2,0,0
1898,2,0,0
1899,3,0,0
1900,3,0,0
1901,3,0,0
1902,3,0,0
1903,2,2,1
1904,1,0,0
1905,1,0,0
1906,2,0,0
1907,2,0,0
1908,2,0,0
1909,2,0,0
1910,2,0,0
1911,2,0,0
1912,2,0,0
1913,2,2,1
1914,2,0,0
1915,2,0,0
1916,2,0,0
1917,2,0,0
1918,2,0,0
1919,2,0,0
1920,2,0,0
1921,2,0,0
1922,2,0,0
1923,2,0,0
1924,2,0,0
1925,3,0,0
1926,3,0,0
1927,2,0,0
1928,3,0,0
1929,3,0,0
1930,3,0,0
1931,3,0,0
1932,3,0,0
1933,3,0,0
1934,3,0,0
1935,3,3,2
1936,3,3,2
1937,3,3,2
1938,3,3,3
1939,3,3,3
1940,3,3,2
1941,4,3,3
1942,4,3,3
1943,4,3,3
1944,4,3,2
1945,4,3,3
1946,4,3,3
1947,4,3,3
1948,4,4,4
1949,4,4,5
1950,5,4,5
1951,4,3,2
1952,5,4,5
1953,5,4,5
1954,5,4,4
1955,4,3,2
1956,4,2,1
1957,4,2,1
1958,4,0,0
1959,4,0,0
1960,4,0,0
1961,4,2,1
1962,4,0,0
1963,3,0,0
1964,4,0,0
1965,4,0,0
1966,4,2,1
1967,4,0,0
1968,3,2,1
1969,3,0,0
1970,2,0,0
1971,2,0,0
1972,3,0,0
1973,1,0,0
1974,1,0,0
1975,2,0,0
1976,2,0,0
1977,2,0,0
1978,2,0,0
1979,2,0,0
1980,3,0,0
1981,3,0,0
1982,4,0,0
1983,4,2,1
1984,4,2,1
1985,5,0,0
1986,4,2,1
1987,4,0,0
1988,1,0,0
1989,1,0,0
1990,1,0,0
1991,1,0,0
1992,1,0,0
1993,1,0,0
1994,2,0,0
1995,2,0,0
1996,1,0,0
1997,2,0,0
1998,1,0,0
1999,1,0,0
