0,0,0,0
1,1,0,0
2,1,0,0
3,1,0,0
4,2,0,0
5,2,0,0
6,3,0,0
7,3,0,0
8,3,0,0
9,3,0,0
10,3,0,0
11,3,0,0
12,3,0,0
13,3,0,0
14,3,0,0
15,3,0,0
16,3,0,0
17,3,0,0
18,1,0,0
19,3,0,0
20,3,0,0
21,3,0,0
22,3,0,0
23,3,0,0
24,3,0,0
25,2,0,0
26,2,0,0
27,2,0,0
28,1,0,0
29,1,0,0
30,1,0,0
31,1,0,0
32,1,0,0
33,2,0,0
34,2,0,0
35,1,0,0
36,1,0,0
37,1,0,0
38,1,0,0
39,1,0,0
40,1,0,0
41,1,0,0
42,2,0,0
43,2,0,0
44,2,0,0
45,1,0,0
46,1,0,0
47,2,0,0
48,1,0,0
49,1,0,0
50,2,0,0
51,1,0,0
52,2,0,0
53,2,0,0
54,2,0,0
55,2,0,0
56,2,0,0
57,2,2,1
58,3,2,1
59,3,0,0
60,3,0,0
61,3,0,0
62,3,0,0
63,3,0,0
64,3,0,0
65,3,0,0
66,3,0,0
67,3,0,0
68,3,0,0
69,3,0,0
70,3,0,0
71,2,2,1
72,2,0,0
73,2,0,0
74,3,0,0
75,3,0,0
76,3,2,1
77,3,2,1
78,3,2,1
79,2,0,0
80,2,2,1
81,2,2,1
82,3,0,0
83,2,0,0
84,3,2,1
85,3,0,0
86,3,0,0
87,3,0,0
88,3,0,0
89,3,0,0
90,3,0,0
91,3,0,0
92,4,0,0
93,3,0,0
94,2,0,0
95,2,0,0
96,3,0,0
97,2,0,0
98,2,0,0
99,2,0,0
100,2,0,0
101,2,0,0
102,2,0,0
103,2,0,0
104,2,0,0
105,2,0,0
106,2,0,0
107,1,0,0
108,1,0,0
109,1,0,0
110,1,0,0
111,1,0,0
112,2,0,0
113,1,0,0
114,2,0,0
115,1,0,0
116,1,0,0
117,1,0,0
118,2,0,0
119,1,0,0
120,1,0,0
121,1,0,0
122,1,0,0
123,1,0,0
124,1,0,0
125,1,0,0
126,1,0,0
127,1,0,0
128,1,0,0
129,2,0,0
130,2,0,0
131,2,0,0
132,2,0,0
133,2,0,0
134,2,0,0
135,2,2,1
136,2,0,0
137,3,0,0
138,2,0,0
139,2,0,0
140,2,0,0
141,2,0,0
142,2,0,0
143,3,0,0
144,3,0,0
145,3,0,0
146,4,0,0
147,3,0,0
148,3,0,0
149,3,0,0
150,3,0,0
151,3,0,0
152,2,0,0
153,2,0,0
154,2,2,1
155,3,2,1
156,2,2,1
157,2,2,1
158,2,0,0
159,2,0,0
160,3,2,1
161,3,2,1
162,3,0,0
163,3,0,0
164,3,0,0
165,3,0,0
166,3,0,0
167,3,0,0
168,3,0,0
169,3,0,0
170,3,0,0
171,3,0,0
172,2,0,0
173,2,0,0
174,2,0,0
175,2,0,0
176,2,0,0
177,3,0,0
178,2,0,0
179,3,0,0
180,2,0,0
181,3,0,0
182,3,0,0
183,3,2,1
184,3,0,0
185,2,0,0
186,2,0,0
187,2,0,0
188,2,0,0
189,2,0,0
190,2,0,0
191,3,0,0
192,2,0,0
193,3,0,0
194,1,0,0
195,1,0,0
196,1,0,0
197,1,0,0
198,1,0,0
199,1,0,0
200,1,0,0
201,1,0,0
202,1,0,0
203,1,0,0
204,1,0,0
205,0,0,0
206,1,0,0
207,1,0,0
208,1,0,0
209,1,0,0
210,2,0,0
211,1,0,0
212,1,0,0
213,2,0,0
214,2,0,0
215,2,0,0
216,2,0,0
217,3,0,0
218,3,0,0
219,2,0,0
220,2,0,0
221,2,0,0
222,2,0,0
223,2,0,0
224,2,0,0
225,2,0,0
226,2,0,0
227,2,2,1
228,2,0,0
229,2,0,0
230,1,0,0
231,2,0,0
232,2,0,0
233,2,0,0
234,3,0,0
235,3,0,0
236,2,0,0
237,2,0,0
238,2,0,0
239,2,0,0
240,2,0,0
241,1,0,0
242,1,0,0
243,2,0,0
244,2,0,0
245,2,0,0
246,3,0,0
247,4,0,0
248,3,0,0
249,3,0,0
250,2,0,0
251,1,0,0
252,2,0,0
253,2,0,0
254,3,0,0
255,3,2,1
256,3,2,1
257,3,0,0
258,4,0,0
259,3,0,0
260,2,0,0
261,2,0,0
262,1,0,0
263,1,0,0
264,2,0,0
265,2,0,0
266,2,0,0
267,2,0,0
268,2,0,0
269,2,0,0
270,3,0,0
271,3,0,0
272,3,0,0
273,2,0,0
274,2,0,0
275,2,0,0
276,3,0,0
277,3,0,0
278,3,0,0
279,3,0,0
280,3,0,0
281,3,0,0
282,3,0,0
283,3,0,0
284,3,0,0
285,3,0,0
286,3,2,1
287,3,0,0
288,3,2,1
289,3,2,1
290,3,2,1
291,3,0,0
292,3,0,0
293,2,0,0
294,3,0,0
295,3,0,0
296,3,0,0
297,3,0,0
298,3,0,0
299,2,0,0
300,2,0,0
301,2,2,1
302,2,0,0
303,2,0,0
304,2,0,0
305,2,0,0
306,2,0,0
307,3,0,0
308,3,0,0
309,3,0,0
310,4,0,0
311,3,2,1
312,4,0,0
313,4,0,0
314,4,2,1
315,4,2,1
316,3,2,1
317,3,0,0
318,3,0,0
319,2,0,0
320,2,0,0
321,4,0,0
322,3,0,0
323,3,0,0
324,3,0,0
325,3,2,1
326,3,0,0
327,3,0,0
328,3,0,0
329,3,0,0
330,4,0,0
331,2,0,0
332,2,0,0
333,3,0,0
334,2,0,0
335,2,0,0
336,2,0,0
337,2,0,0
338,3,0,0
339,5,0,0
340,4,0,0
341,3,2,1
342,3,0,0
343,3,0,0
344,3,0,0
345,3,0,0
346,3,0,0
347,3,0,0
348,2,0,0
349,2,0,0
350,3,0,0
351,3,0,0
352,3,2,1
353,2,2,1
354,2,2,1
355,3,2,1
356,3,0,0
357,3,0,0
358,3,0,0
359,3,2,1
360,3,2,1
361,3,3,2
362,3,3,2
363,3,0,0
364,3,0,0
365,3,0,0
366,4,2,1
367,4,3,2
368,4,2,1
369,3,0,0
370,2,2,1
371,3,2,1
372,3,0,0
373,3,0,0
374,3,0,0
375,3,0,0
376,2,0,0
377,2,0,0
378,2,0,0
379,2,0,0
380,3,0,0
381,2,0,0
382,2,0,0
383,3,0,0
384,3,0,0
385,4,0,0
386,3,0,0
387,2,0,0
388,2,0,0
389,2,0,0
390,3,0,0
391,3,0,0
392,3,0,0
393,3,0,0
394,3,0,0
395,3,0,0
396,2,0,0
397,2,0,0
398,2,0,0
399,2,0,0
400,2,0,0
401,1,0,0
402,2,0,0
403,3,0,0
404,2,0,0
405,2,0,0
406,2,0,0
407,2,0,0
408,2,0,0
409,2,0,0
410,2,0,0
411,3,0,0
412,2,0,0
413,3,0,0
414,3,0,0
415,3,0,0
416,5,0,0
417,3,0,0
418,3,0,0
419,3,2,1
420,3,0,0
421,3,0,0
422,3,0,0
423,3,0,0
424,4,0,0
425,3,0,0
426,3,0,0
427,3,0,0
428,2,0,0
429,3,0,0
430,2,0,0
431,2,0,0
432,2,0,0
433,4,0,0
434,4,0,0
435,3,0,0
436,3,0,0
437,2,0,0
438,2,0,0
439,2,0,0
440,2,0,0
441,2,0,0
442,3,0,0
443,2,2,1
444,2,0,0
445,3,0,0
446,3,0,0
447,3,2,1
448,3,2,1
449,3,0,0
450,4,2,1
451,4,0,0
452,4,0,0
453,3,0,0
454,3,0,0
455,3,0,0
456,3,0,0
457,3,0,0
458,3,0,0
459,3,0,0
460,2,0,0
461,3,0,0
462,3,2,1
463,3,0,0
464,3,0,0
465,3,0,0
466,3,0,0
467,3,0,0
468,3,0,0
469,3,0,0
470,2,0,0
471,3,0,0
472,2,0,0
473,2,0,0
474,3,0,0
475,3,0,0
476,3,0,0
477,4,0,0
478,2,0,0
479,3,0,0
480,2,0,0
481,1,0,0
482,1,0,0
483,2,0,0
484,2,0,0
485,2,0,0
486,2,2,1
487,2,0,0
488,2,0,0
489,2,0,0
490,2,0,0
491,2,0,0
492,2,0,0
493,2,0,0
494,2,0,0
495,2,0,0
496,2,0,0
497,3,0,0
498,3,0,0
499,3,0,0
500,3,0,0
501,3,0,0
502,4,0,0
503,3,2,1
504,4,0,0
505,3,0,0
506,3,0,0
507,3,0,0
508,3,0,0
509,4,0,0
510,4,0,0
511,4,2,1
512,4,0,0
513,4,0,0
514,4,0,0
515,3,0,0
516,1,0,0
517,1,0,0
518,1,0,0
519,1,0,0
520,1,0,0
521,2,0,0
522,2,0,0
523,2,0,0
524,2,0,0
525,2,0,0
526,2,0,0
527,2,0,0
528,2,0,0
529,2,0,0
530,2,0,0
531,2,0,0
532,2,0,0
533,3,0,0
534,3,0,0
535,3,0,0
536,3,0,0
537,2,0,0
538,2,0,0
539,2,0,0
540,3,0,0
541,3,0,0
542,2,0,0
543,2,0,0
544,2,0,0
545,2,0,0
546,2,0,0
547,2,0,0
548,2,0,0
549,3,0,0
550,3,0,0
551,3,0,0
552,3,0,0
553,3,2,1
554,3,0,0
555,3,0,0
556,2,0,0
557,2,0,0
558,2,0,0
559,2,0,0
560,2,0,0
561,2,0,0
562,2,0,0
563,2,0,0
564,3,0,0
565,3,0,0
566,3,0,0
567,3,0,0
568,2,0,0
569,2,0,0
570,2,0,0
571,2,0,0
572,1,0,0
573,1,0,0
574,2,0,0
575,3,0,0
576,3,0,0
577,3,0,0
578,3,0,0
579,2,0,0
580,2,0,0
581,2,2,1
582,2,2,1
583,3,2,1
584,3,2,1
585,3,2,1
586,3,2,1
587,3,0,0
588,3,0,0
589,3,0,0
590,3,0,0
591,3,0,0
592,3,0,0
593,3,0,0
594,3,2,1
595,3,2,1
596,3,2,1
597,3,2,1
598,3,0,0
599,4,0,0
600,4,2,1
601,4,2,1
602,3,2,1
603,3,2,1
604,3,2,1
605,3,0,0
606,3,0,0
607,3,0,0
608,3,0,0
609,3,0,0
610,3,2,1
611,3,0,0
612,3,2,1
613,3,0,0
614,3,0,0
615,4,0,0
616,4,0,0
617,5,2,1
618,4,0,0
619,4,2,1
620,4,2,1
621,2,0,0
622,2,0,0
623,2,0,0
624,2,0,0
625,2,0,0
626,2,0,0
627,2,0,0
628,2,0,0
629,2,0,0
630,2,0,0
631,2,0,0
632,2,0,0
633,2,0,0
634,2,0,0
635,2,0,0
636,2,0,0
637,2,0,0
638,2,0,0
639,2,0,0
640,2,0,0
641,2,0,0
642,3,0,0
643,2,0,0
644,2,0,0
645,2,0,0
646,2,2,1
647,2,2,1
648,2,0,0
649,2,0,0
650,2,0,0
651,4,0,0
652,3,0,0
653,4,0,0
654,4,0,0
655,4,0,0
656,3,0,0
657,3,0,0
658,3,0,0
659,3,0,0
660,3,0,0
661,1,0,0
662,1,0,0
663,2,0,0
664,2,0,0
665,2,0,0
666,2,0,0
667,2,0,0
668,2,0,0
669,2,0,0
670,2,0,0
671,2,0,0
672,1,0,0
673,3,0,0
674,2,0,0
675,2,2,1
676,2,0,0
677,3,2,1
678,1,0,0
679,2,0,0
680,2,0,0
681,2,0,0
682,2,0,0
683,2,0,0
684,3,0,0
685,3,0,0
686,2,0,0
687,2,0,0
688,2,0,0
689,2,0,0
690,2,0,0
691,2,0,0
692,3,0,0
693,3,0,0
694,3,0,0
695,4,0,0
696,4,0,0
697,3,0,0
698,3,0,0
699,3,0,0
700,3,0,0
701,3,0,0
702,3,0,0
703,4,0,0
704,4,0,0
705,3,0,0
706,3,0,0
707,3,0,0
708,3,0,0
709,3,0,0
710,3,0,0
711,3,0,0
712,3,0,0
713,3,3,2
714,3,3,2
715,3,0,0
716,3,0,0
717,3,0,0
718,3,0,0
719,3,0,0
720,2,0,0
721,2,0,0
722,2,0,0
723,2,0,0
724,3,0,0
725,3,0,0
726,3,0,0
727,1,0,0
728,1,0,0
729,1,0,0
730,1,0,0
731,2,0,0
732,2,0,0
733,2,0,0
734,2,2,1
735,2,2,1
736,2,2,1
737,2,2,1
738,2,0,0
739,2,0,0
740,3,0,0
741,3,0,0
742,2,0,0
743,2,0,0
744,2,0,0
745,2,0,0
746,2,0,0
747,3,2,1
748,4,0,0
749,2,0,0
750,2,0,0
751,2,0,0
752,2,2,1
753,2,2,1
754,2,0,0
755,3,0,0
756,2,0,0
757,2,0,0
758,2,0,0
759,2,0,0
760,2,0,0
761,3,0,0
762,4,2,1
763,4,0,0
764,3,0,0
765,4,0,0
766,3,2,1
767,3,2,1
768,3,2,1
769,3,2,1
770,4,2,1
771,2,0,0
772,3,0,0
773,4,0,0
774,3,2,1
775,1,0,0
776,2,0,0
777,3,0,0
778,3,0,0
779,2,0,0
780,2,0,0
781,3,0,0
782,3,0,0
783,3,0,0
784,3,0,0
785,3,0,0
786,3,0,0
787,3,0,0
788,3,0,0
789,3,0,0
790,3,0,0
791,3,0,0
792,3,0,0
793,2,0,0
794,2,0,0
795,3,0,0
796,3,0,0
797,3,0,0
798,3,0,0
799,3,0,0
800,3,0,0
801,3,0,0
802,3,0,0
803,4,0,0
804,3,0,0
805,3,0,0
806,4,2,1
807,4,2,1
808,4,2,1
809,3,2,1
810,4,2,1
811,4,0,0
812,4,2,1
813,4,0,0
814,4,0,0
815,4,0,0
816,4,0,0
817,4,2,1
818,3,0,0
819,3,0,0
820,2,0,0
821,2,0,0
822,2,2,1
823,2,2,1
824,2,0,0
825,1,0,0
826,1,0,0
827,1,0,0
828,1,0,0
829,2,0,0
830,1,0,0
831,1,0,0
832,1,0,0
833,2,0,0
834,2,0,0
835,2,0,0
836,2,0,0
837,2,0,0
838,2,0,0
839,2,0,0
840,2,0,0
841,2,0,0
842,2,0,0
843,2,2,1
844,2,0,0
845,2,0,0
846,2,0,0
847,2,0,0
848,1,0,0
849,1,0,0
850,1,0,0
851,1,0,0
852,1,0,0
853,1,0,0
854,1,0,0
855,2,0,0
856,1,0,0
857,1,0,0
858,1,0,0
859,1,0,0
860,1,0,0
861,1,0,0
862,1,0,0
863,1,0,0
864,1,0,0
865,1,0,0
866,1,0,0
867,2,0,0
868,2,0,0
869,2,0,0
870,2,0,0
871,2,0,0
872,2,0,0
873,2,0,0
874,2,0,0
875,2,0,0
876,3,0,0
877,3,0,0
878,2,0,0
879,1,0,0
880,1,0,0
881,2,0,0
882,2,0,0
883,2,0,0
884,2,0,0
885,3,0,0
886,3,0,0
887,2,0,0
888,2,0,0
889,3,0,0
890,2,0,0
891,2,0,0
892,2,0,0
893,2,0,0
894,2,0,0
895,1,0,0
896,2,0,0
897,2,0,0
898,3,0,0
899,2,0,0
900,1,0,0
901,1,0,0
902,1,0,0
903,1,0,0
904,1,0,0
905,1,0,0
906,2,2,1
907,2,0,0
908,2,0,0
909,2,0,0
910,2,0,0
911,1,0,0
912,1,0,0
913,0,0,0
914,2,0,0
915,2,0,0
916,1,0,0
917,1,0,0
918,1,0,0
919,1,0,0
920,2,0,0
921,1,0,0
922,1,0,0
923,2,0,0
924,1,0,0
925,1,0,0
926,1,0,0
927,1,0,0
928,2,0,0
929,2,2,1
930,2,2,1
931,2,0,0
932,2,0,0
933,2,0,0
934,2,0,0
935,2,0,0
936,2,0,0
937,2,0,0
938,2,0,0
939,2,0,0
940,3,2,1
941,3,2,1
942,3,2,1
943,3,0,0
944,3,0,0
945,3,0,0
946,3,0,0
947,2,0,0
948,1,0,0
949,1,0,0
950,1,0,0
951,1,0,0
952,1,0,0
953,1,0,0
954,1,0,0
955,2,0,0
956,2,0,0
957,2,0,0
958,2,0,0
959,2,0,0
960,2,2,1
961,2,2,1
962,2,2,1
963,2,2,1
964,2,0,0
965,2,0,0
966,2,0,0
967,2,0,0
968,3,0,0
969,2,0,0
970,3,0,0
971,3,0,0
972,3,0,0
973,3,0,0
974,3,0,0
975,3,0,0
976,4,2,1
977,4,0,0
978,4,0,0
979,4,0,0
980,4,2,1
981,4,0,0
982,3,0,0
983,3,0,0
984,3,0,0
985,2,0,0
986,3,0,0
987,3,2,1
988,2,0,0
989,2,0,0
990,2,0,0
991,2,0,0
992,2,0,0
993,1,0,0
994,1,0,0
995,2,0,0
996,2,0,0
997,2,0,0
998,3,0,0
999,2,0,0
1000,2,0,0
1001,2,0,0
1002,2,0,0
1003,2,0,0
1004,2,0,0
1005,2,0,0
1006,2,0,0
1007,2,0,0
1008,2,0,0
1009,2,0,0
1010,3,0,0
1011,3,0,0
1012,2,0,0
1013,2,0,0
1014,2,0,0
1015,2,0,0
1016,2,0,0
1017,2,0,0
1018,2,0,0
1019,2,0,0
1020,2,0,0
1021,2,0,0
1022,3,0,0
1023,2,0,0
1024,2,0,0
1025,2,0,0
1026,3,0,0
1027,3,0,0
1028,3,2,1
1029,3,0,0
1030,3,0,0
1031,3,0,0
1032,3,0,0
1033,3,0,0
1034,2,0,0
1035,2,0,0
1036,2,0,0
1037,2,0,0
1038,2,0,0
1039,2,0,0
1040,2,0,0
1041,2,0,0
1042,2,0,0
1043,1,0,0
1044,1,0,0
1045,1,0,0
1046,1,0,0
1047,1,0,0
1048,1,0,0
1049,2,0,0
1050,3,0,0
1051,3,0,0
1052,3,0,0
1053,3,0,0
1054,3,0,0
1055,3,0,0
1056,3,0,0
1057,3,0,0
1058,3,0,0
1059,3,0,0
1060,3,0,0
1061,3,0,0
1062,3,0,0
1063,3,0,0
1064,3,2,1
1065,3,0,0
1066,4,0,0
1067,4,0,0
1068,2,0,0
1069,2,0,0
1070,2,0,0
1071,2,0,0
1072,2,0,0
1073,2,0,0
1074,2,0,0
1075,3,0,0
1076,3,0,0
1077,3,0,0
1078,3,0,0
1079,3,0,0
1080,3,0,0
1081,3,0,0
1082,2,0,0
1083,2,0,0
1084,3,0,0
1085,2,0,0
1086,2,0,0
1087,2,0,0
1088,2,0,0
1089,2,0,0
1090,2,0,0
1091,2,0,0
1092,2,0,0
1093,3,0,0
1094,2,0,0
1095,2,0,0
1096,2,0,0
1097,3,0,0
1098,2,0,0
1099,2,0,0
1100,2,0,0
1101,1,0,0
1102,1,0,0
1103,1,0,0
1104,1,0,0
1105,1,0,0
1106,1,0,0
1107,1,0,0
1108,1,0,0
1109,1,0,0
1110,1,0,0
1111,2,0,0
1112,2,0,0
1113,2,0,0
1114,2,0,0
1115,2,0,0
1116,2,0,0
1117,3,0,0
1118,3,0,0
1119,3,0,0
1120,3,0,0
1121,2,0,0
1122,2,0,0
1123,2,2,1
1124,2,0,0
1125,2,0,0
1126,2,0,0
1127,2,0,0
1128,2,0,0
1129,2,0,0
1130,1,0,0
1131,2,0,0
1132,2,0,0
1133,2,0,0
1134,2,0,0
1135,2,0,0
1136,2,0,0
1137,2,0,0
1138,3,0,0
1139,3,0,0
1140,2,0,0
1141,2,0,0
1142,2,0,0
1143,2,2,1
1144,2,0,0
1145,3,0,0
1146,2,0,0
1147,2,0,0
1148,2,0,0
1149,2,0,0
1150,2,0,0
1151,2,0,0
1152,2,0,0
1153,3,0,0
1154,3,0,0
1155,3,0,0
1156,3,0,0
1157,3,0,0
1158,3,0,0
1159,4,0,0
1160,3,0,0
1161,3,0,0
1162,3,0,0
1163,3,0,0
1164,2,0,0
1165,2,0,0
1166,2,0,0
1167,3,0,0
1168,3,0,0
1169,3,0,0
1170,3,0,0
1171,3,0,0
1172,3,0,0
1173,3,0,0
1174,4,0,0
1175,3,0,0
1176,3,0,0
1177,3,0,0
1178,3,0,0
1179,3,0,0
1180,4,0,0
1181,4,0,0
1182,4,0,0
1183,4,3,2
1184,4,2,1
1185,4,3,2
1186,4,3,3
1187,4,3,3
1188,4,3,3
1189,4,3,2
1190,4,4,3
1191,4,4,3
1192,4,4,5
1193,4,4,5
1194,4,4,5
1195,4,4,5
1196,4,4,5
1197,4,4,4
1198,4,2,1
1199,3,2,1
1200,4,3,2
1201,4,3,2
1202,4,3,2
1203,4,3,2
1204,5,4,4
1205,5,3,2
1206,5,3,3
1207,5,3,2
1208,5,3,2
1209,5,3,2
1210,5,3,2
1211,5,3,2
1212,6,3,2
1213,6,3,2
1214,6,4,4
1215,5,4,5
1216,5,3,3
1217,5,4,3
1218,5,3,2
1219,5,4,3
1220,5,4,4
1221,5,4,5
1222,5,4,4
1223,4,4,5
1224,4,4,5
1225,4,4,5
1226,4,4,5
1227,4,4,5
1228,4,4,5
1229,4,4,5
1230,3,3,2
1231,4,4,5
1232,4,4,5
1233,4,4,4
1234,4,4,4
1235,4,4,3
1236,4,4,5
1237,4,4,4
1238,4,4,4
1239,4,4,3
1240,4,4,4
1241,4,4,4
1242,4,4,4
1243,4,4,4
1244,3,3,3
1245,4,4,4
1246,4,4,4
1247,4,3,3
1248,4,4,3
1249,4,3,3
1250,4,4,3
1251,3,3,2
1252,4,4,3
1253,4,4,3
1254,4,2,1
1255,3,3,3
1256,4,4,4
1257,4,4,4
1258,4,4,4
1259,4,4,4
1260,4,4,5
1261,4,4,4
1262,4,4,4
1263,4,4,5
1264,3,3,3
1265,4,4,5
1266,4,4,4
1267,4,4,5
1268,4,4,5
1269,4,4,3
1270,4,4,3
1271,4,4,4
1272,4,4,5
1273,4,4,5
1274,4,4,5
1275,4,4,5
1276,4,3,3
1277,4,3,3
1278,4,4,5
1279,5,4,5
1280,4,4,5
1281,4,4,5
1282,5,5,6
1283,4,4,5
1284,4,4,4
1285,4,4,4
1286,4,4,5
1287,4,4,3
1288,4,4,4
1289,4,4,4
1290,4,4,5
1291,4,4,5
1292,5,4,4
1293,5,4,5
1294,5,4,4
1295,4,4,5
1296,4,4,5
1297,4,4,5
1298,5,4,4
1299,5,4,3
1300,5,4,4
1301,5,4,4
1302,4,4,4
1303,3,3,2
1304,4,4,4
1305,4,4,4
1306,4,4,4
1307,4,4,4
1308,4,3,3
1309,4,3,2
1310,4,3,3
1311,4,4,3
1312,5,4,4
1313,4,4,4
1314,5,4,3
1315,5,4,3
1316,4,4,5
1317,4,4,5
1318,4,4,3
1319,4,4,5
1320,4,4,5
1321,4,4,5
1322,4,4,5
1323,4,4,3
1324,4,4,3
1325,4,4,3
1326,4,3,2
1327,3,2,1
1328,4,2,1
1329,4,3,2
1330,4,4,5
1331,3,3,2
1332,4,4,3
1333,3,3,3
1334,4,4,5
1335,4,4,5
1336,4,4,4
1337,4,4,4
1338,4,4,5
1339,4,4,5
1340,4,4,5
1341,4,4,5
1342,4,4,4
1343,4,4,3
1344,4,3,3
1345,4,3,2
1346,4,3,3
1347,5,2,1
1348,5,3,3
1349,5,3,3
1350,5,3,2
1351,5,3,3
1352,5,3,3
1353,4,3,3
1354,4,3,2
1355,4,3,3
1356,4,3,3
1357,5,3,2
1358,5,3,3
1359,4,0,0
1360,4,0,0
1361,3,0,0
1362,4,0,0
1363,4,0,0
1364,4,0,0
1365,4,0,0
1366,4,2,1
1367,4,2,1
1368,4,2,1
1369,3,2,1
1370,4,2,1
1371,4,0,0
1372,4,0,0
1373,4,2,1
1374,4,0,0
1375,4,0,0
1376,4,0,0
1377,4,0,0
1378,4,0,0
1379,4,0,0
1380,4,2,1
1381,4,2,1
1382,3,0,0
1383,4,0,0
1384,4,0,0
1385,4,0,0
1386,4,0,0
1387,4,0,0
1388,4,0,0
1389,4,0,0
1390,4,0,0
1391,3,2,1
1392,4,0,0
1393,4,2,1
1394,4,0,0
1395,4,0,0
1396,4,0,0
1397,4,0,0
1398,4,0,0
1399,4,0,0
1400,3,0,0
1401,3,0,0
1402,3,0,0
1403,3,0,0
1404,3,0,0
1405,3,0,0
1406,4,0,0
1407,4,0,0
1408,4,2,1
1409,4,2,1
1410,3,0,0
1411,3,2,1
1412,3,3,2
1413,3,3,2
1414,3,3,3
1415,3,3,2
1416,3,3,2
1417,3,3,2
1418,3,2,1
1419,3,2,1
1420,3,0,0
1421,3,0,0
1422,3,0,0
1423,3,0,0
1424,2,2,1
1425,3,0,0
1426,3,0,0
1427,4,2,1
1428,2,2,1
1429,2,2,1
1430,2,2,1
1431,2,2,1
1432,3,0,0
1433,2,0,0
1434,2,0,0
1435,3,0,0
1436,4,0,0
1437,2,0,0
1438,2,0,0
1439,2,0,0
1440,3,0,0
1441,2,0,0
1442,2,0,0
1443,2,2,1
1444,2,0,0
1445,2,0,0
1446,2,0,0
1447,2,0,0
1448,2,2,1
1449,2,2,1
1450,2,2,1
1451,2,2,1
1452,2,2,1
1453,2,2,1
1454,2,2,1
1455,2,0,0
1456,2,0,0
1457,2,0,0
1458,2,0,0
1459,2,0,0
1460,2,0,0
1461,2,0,0
1462,3,0,0
1463,2,0,0
1464,2,0,0
1465,2,0,0
1466,2,0,0
1467,2,0,0
1468,2,2,1
1469,3,0,0
1470,2,0,0
1471,3,0,0
1472,2,0,0
1473,2,0,0
1474,2,0,0
1475,1,0,0
1476,2,0,0
1477,2,0,0
1478,1,0,0
1479,1,0,0
1480,1,0,0
1481,2,0,0
1482,2,0,0
1483,1,0,0
1484,3,0,0
1485,1,0,0
1486,1,0,0
1487,3,0,0
1488,2,0,0
1489,2,0,0
1490,1,0,0
1491,2,0,0
1492,2,0,0
1493,2,0,0
1494,4,2,1
1495,4,3,2
1496,2,2,1
1497,3,3,3
1498,3,3,2
1499,3,3,2
1500,3,3,2
1501,3,3,2
1502,3,3,2
1503,3,3,3
1504,3,3,3
1505,3,3,2
1506,3,3,3
1507,3,3,3
1508,3,3,3
1509,3,3,2
1510,3,3,3
1511,3,3,3
1512,3,3,3
1513,3,3,2
1514,3,3,3
1515,3,3,2
1516,3,3,2
1517,2,2,1
1518,3,3,2
1519,3,3,3
1520,3,3,3
1521,3,2,1
1522,3,3,3
1523,3,3,2
1524,3,3,2
1525,3,3,3
1526,3,3,3
1527,3,3,3
1528,3,3,2
1529,3,3,3
1530,3,3,3
1531,3,3,2
1532,3,3,2
1533,3,3,2
1534,3,3,2
1535,3,3,3
1536,4,3,3
1537,4,3,2
1538,4,3,2
1539,3,3,3
1540,3,3,2
1541,3,3,2
1542,3,3,3
1543,3,2,1
1544,3,3,2
1545,3,3,3
1546,3,3,3
1547,3,3,2
1548,3,3,2
1549,3,3,2
1550,3,3,3
1551,3,3,2
1552,3,3,2
1553,3,3,3
1554,3,3,2
1555,3,3,2
1556,3,3,2
1557,3,3,3
1558,3,3,2
1559,3,3,3
1560,3,3,2
1561,3,3,3
1562,3,3,2
1563,3,2,1
1564,3,0,0
1565,3,2,1
1566,3,0,0
1567,3,0,0
1568,2,0,0
1569,3,0,0
1570,3,0,0
1571,3,0,0
1572,4,0,0
1573,4,0,0
1574,2,0,0
1575,2,0,0
1576,2,0,0
1577,2,0,0
1578,4,0,0
1579,3,0,0
1580,1,0,0
1581,1,0,0
1582,3,0,0
1583,3,0,0
1584,3,0,0
1585,3,0,0
1586,3,0,0
1587,3,0,0
1588,2,0,0
1589,2,0,0
1590,2,0,0
1591,2,0,0
1592,3,0,0
1593,2,0,0
1594,2,0,0
1595,2,0,0
1596,0,0,0
1597,2,0,0
1598,1,0,0
1599,1,0,0
1600,1,0,0
1601,1,0,0
1602,1,0,0
1603,2,0,0
1604,1,0,0
1605,1,0,0
1606,1,0,0
1607,1,0,0
1608,1,0,0
1609,1,0,0
1610,1,0,0
1611,1,0,0
1612,1,0,0
1613,2,2,1
1614,2,0,0
1615,2,0,0
1616,2,0,0
1617,2,0,0
1618,2,0,0
1619,2,2,1
1620,2,2,1
1621,2,0,0
1622,3,0,0
1623,3,0,0
1624,3,0,0
1625,3,2,1
1626,2,0,0
1627,2,2,1
1628,2,0,0
1629,2,0,0
1630,2,0,0
1631,2,0,0
1632,2,0,0
1633,2,0,0
1634,2,0,0
1635,2,0,0
1636,3,0,0
1637,2,0,0
1638,2,0,0
1639,2,0,0
1640,2,0,0
1641,2,0,0
1642,2,0,0
1643,2,0,0
1644,2,0,0
1645,2,0,0
1646,2,0,0
1647,2,0,0
1648,1,0,0
1649,1,0,0
1650,1,0,0
1651,1,0,0
1652,1,0,0
1653,1,0,0
1654,1,0,0
1655,1,0,0
1656,1,0,0
1657,3,0,0
1658,1,0,0
1659,1,0,0
1660,1,0,0
1661,1,0,0
1662,1,0,0
1663,1,0,0
1664,1,0,0
1665,2,0,0
1666,2,0,0
1667,2,0,0
1668,2,0,0
1669,2,0,0
1670,2,0,0
1671,2,0,0
1672,2,0,0
1673,2,0,0
1674,2,0,0
1675,2,2,1
1676,2,0,0
1677,2,2,1
1678,2,0,0
1679,2,0,0
1680,2,0,0
1681,2,0,0
1682,2,0,0
1683,2,0,0
1684,4,0,0
1685,3,0,0
1686,3,0,0
1687,4,0,0
1688,4,0,0
1689,3,0,0
1690,3,0,0
1691,4,0,0
1692,4,0,0
1693,4,0,0
1694,3,0,0
1695,2,0,0
1696,2,0,0
1697,2,0,0
1698,2,0,0
1699,2,0,0
1700,2,0,0
1701,2,0,0
1702,1,0,0
1703,2,0,0
1704,2,0,0
1705,2,0,0
1706,2,0,0
1707,2,0,0
1708,2,0,0
1709,2,0,0
1710,2,0,0
1711,2,0,0
1712,2,0,0
1713,2,0,0
1714,2,0,0
1715,2,0,0
1716,2,0,0
1717,2,0,0
1718,2,0,0
1719,2,0,0
1720,2,0,0
1721,2,0,0
1722,2,0,0
1723,1,0,0
1724,1,0,0
1725,2,0,0
1726,2,0,0
1727,2,0,0
1728,1,0,0
1729,1,0,0
1730,1,0,0
1731,1,0,0
1732,1,0,0
1733,0,0,0
1734,0,0,0
1735,0,0,0
1736,1,0,0
1737,0,0,0
1738,1,0,0
1739,2,0,0
1740,2,0,0
1741,2,0,0
1742,2,2,1
1743,2,0,0
1744,2,0,0
1745,2,0,0
1746,2,0,0
1747,2,0,0
1748,2,0,0
1749,2,0,0
1750,2,0,0
1751,3,0,0
1752,2,0,0
1753,2,0,0
1754,2,0,0
1755,2,0,0
1756,2,0,0
1757,1,0,0
1758,1,0,0
1759,1,0,0
1760,2,0,0
1761,1,0,0
1762,1,0,0
1763,1,0,0
1764,1,0,0
1765,1,0,0
1766,2,0,0
1767,2,0,0
1768,2,0,0
1769,2,0,0
1770,2,0,0
1771,2,0,0
1772,2,0,0
1773,1,0,0
1774,1,0,0
1775,1,0,0
1776,1,0,0
1777,1,0,0
1778,1,0,0
1779,1,0,0
1780,0,0,0
1781,0,0,0
1782,1,0,0
1783,1,0,0
1784,1,0,0
1785,1,0,0
1786,1,0,0
1787,1,0,0
1788,1,0,0
1789,1,0,0
1790,1,0,0
1791,2,0,0
1792,2,0,0
1793,2,0,0
1794,1,0,0
1795,2,0,0
1796,2,0,0
1797,2,0,0
1798,2,0,0
1799,2,0,0
1800,2,0,0
1801,2,0,0
1802,2,0,0
1803,3,0,0
1804,2,0,0
1805,2,0,0
1806,2,0,0
1807,2,0,0
1808,2,0,0
1809,2,0,0
1810,2,0,0
1811,3,0,0
1812,4,0,0
1813,3,0,0
1814,3,0,0
1815,3,0,0
1816,3,0,0
1817,3,0,0
1818,2,0,0
1819,2,0,0
1820,3,0,0
1821,3,0,0
1822,3,0,0
1823,3,0,0
1824,3,0,0
1825,3,2,1
1826,4,2,1
1827,3,2,1
1828,3,2,1
1829,3,3,3
1830,3,3,3
1831,3,3,3
1832,3,3,3
1833,3,3,3
1834,3,3,2
1835,3,3,2
1836,3,3,2
1837,3,2,1
1838,3,2,1
1839,4,2,1
1840,3,2,1
1841,3,2,1
1842,3,2,1
1843,3,0,0
1844,2,0,0
1845,2,0,0
1846,3,0,0
1847,2,0,0
1848,4,0,0
1849,4,0,0
1850,4,0,0
1851,3,0,0
1852,4,0,0
1853,4,0,0
1854,3,0,0
1855,3,0,0
1856,3,0,0
1857,3,0,0
1858,3,0,0
1859,3,0,0
1860,3,0,0
1861,3,0,0
1862,3,0,0
1863,3,0,0
1864,3,0,0
1865,3,0,0
1866,3,0,0
1867,3,0,0
1868,3,0,0
1869,3,2,1
1870,3,0,0
1871,3,0,0
1872,3,2,1
1873,3,2,1
1874,3,2,1
1875,3,2,1
1876,3,2,1
1877,3,0,0
1878,3,2,1
1879,3,0,0
1880,3,0,0
1881,3,0,0
1882,1,0,0
1883,2,0,0
1884,2,2,1
1885,2,0,0
1886,2,0,0
1887,2,2,1
1888,2,0,0
1889,2,2,1
1890,3,0,0
1891,3,0,0
1892,3,0,0
1893,3,0,0
1894,3,0,0
1895,3,3,2
1896,3,2,1
1897,3,0,0
1898,3,0,0
1899,2,0,0
1900,2,0,0
1901,2,0,0
1902,2,0,0
1903,2,0,0
1904,2,0,0
1905,1,0,0
1906,2,0,0
1907,2,0,0
1908,2,0,0
1909,1,0,0
1910,2,0,0
1911,1,0,0
1912,1,0,0
1913,1,0,0
1914,0,0,0
1915,1,0,0
1916,1,0,0
1917,1,0,0
1918,1,0,0
1919,1,0,0
1920,1,0,0
1921,1,0,0
1922,1,0,0
1923,1,0,0
1924,1,0,0
1925,1,0,0
1926,3,0,0
1927,2,0,0
1928,2,0,0
1929,2,0,0
1930,2,0,0
1931,1,0,0
1932,2,0,0
1933,2,0,0
1934,2,0,0
1935,3,0,0
1936,3,0,0
1937,3,0,0
1938,3,0,0
1939,3,0,0
1940,3,0,0
1941,3,0,0
1942,3,0,0
1943,2,0,0
1944,2,0,0
1945,2,0,0
1946,1,0,0
1947,1,0,0
1948,1,0,0
1949,1,0,0
1950,1,0,0
1951,1,0,0
1952,1,0,0
1953,1,0,0
1954,2,0,0
1955,2,0,0
1956,2,0,0
1957,2,0,0
1958,2,0,0
1959,2,0,0
1960,2,0,0
1961,2,0,0
1962,2,0,0
1963,2,0,0
1964,2,0,0
1965,2,0,0
1966,2,0,0
1967,3,0,0
1968,2,0,0
1969,2,0,0
1970,2,0,0
1971,3,0,0
1972,3,2,1
1973,3,0,0
1974,3,0,0
1975,3,0,0
1976,3,0,0
1977,2,0,0
1978,2,0,0
1979,2,0,0
1980,1,0,0
1981,1,0,0
1982,1,0,0
1983,1,0,0
1984,1,0,0
1985,1,0,0
1986,1,0,0
1987,2,0,0
1988,2,0,0
1989,2,0,0
1990,2,0,0
1991,3,0,0
1992,2,0,0
1993,2,0,0
1994,2,0,0
1995,2,0,0
1996,2,0,0
1997,2,0,0
1998,2,0,0
1999,2,0,0
