0,0,0,0
1,1,0,0
2,1,0,0
3,2,0,0
4,2,0,0
5,2,0,0
6,3,0,0
7,3,0,0
8,3,2,1
9,3,0,0
10,3,0,0
11,3,0,0
12,3,0,0
13,3,0,0
14,3,0,0
15,2,0,0
16,2,0,0
17,2,0,0
18,1,0,0
19,2,0,0
20,2,0,0
21,1,0,0
22,1,0,0
23,1,0,0
24,1,0,0
25,1,0,0
26,2,0,0
27,2,0,0
28,3,0,0
29,2,0,0
30,2,0,0
31,2,0,0
32,2,0,0
33,3,0,0
34,3,0,0
35,3,0,0
36,2,2,1
37,2,0,0
38,2,0,0
39,2,0,0
40,1,0,0
41,1,0,0
42,1,0,0
43,1,0,0
44,1,0,0
45,2,0,0
46,1,0,0
47,1,0,0
48,1,0,0
49,1,0,0
50,1,0,0
51,1,0,0
52,1,0,0
53,2,0,0
54,2,0,0
55,3,0,0
56,2,0,0
57,2,0,0
58,2,0,0
59,2,0,0
60,3,0,0
61,3,0,0
62,2,0,0
63,2,0,0
64,2,0,0
65,2,0,0
66,2,0,0
67,3,0,0
68,3,0,0
69,3,0,0
70,3,0,0
71,2,0,0
72,2,0,0
73,2,0,0
74,2,0,0
75,2,0,0
76,2,0,0
77,2,0,0
78,1,0,0
79,1,0,0
80,2,0,0
81,2,0,0
82,2,0,0
83,2,0,0
84,2,0,0
85,2,0,0
86,1,0,0
87,2,0,0
88,2,0,0
89,2,0,0
90,2,0,0
91,2,0,0
92,2,0,0
93,2,0,0
94,2,0,0
95,2,0,0
96,2,0,0
97,2,0,0
98,2,0,0
99,2,0,0
100,2,0,0
101,2,0,0
102,2,0,0
103,2,0,0
104,2,0,0
105,2,0,0
106,2,0,0
107,4,0,0
108,4,0,0
109,4,0,0
110,4,0,0
111,3,0,0
112,4,0,0
113,3,0,0
114,4,0,0
115,4,0,0
116,5,0,0
117,5,0,0
118,5,0,0
119,5,0,0
120,4,0,0
121,4,0,0
122,5,0,0
123,4,0,0
124,4,0,0
125,5,0,0
126,5,0,0
127,3,0,0
128,4,0,0
129,4,0,0
130,2,0,0
131,2,0,0
132,1,0,0
133,1,0,0
134,2,0,0
135,2,0,0
136,1,0,0
137,2,0,0
138,2,0,0
139,2,0,0
140,2,0,0
141,3,0,0
142,3,0,0
143,3,2,1
144,3,0,0
145,3,0,0
146,3,0,0
147,3,0,0
148,3,0,0
149,3,2,1
150,3,2,1
151,3,0,0
152,3,0,0
153,3,0,0
154,3,0,0
155,3,0,0
156,2,0,0
157,2,0,0
158,2,0,0
159,3,0,0
160,3,0,0
161,3,0,0
162,3,0,0
163,3,0,0
164,3,0,0
165,3,0,0
166,3,0,0
167,3,0,0
168,3,2,1
169,3,0,0
170,2,0,0
171,2,0,0
172,2,0,0
173,2,0,0
174,1,0,0
175,1,0,0
176,1,0,0
177,1,0,0
178,1,0,0
179,1,0,0
180,1,0,0
181,1,0,0
182,1,0,0
183,1,0,0
184,1,0,0
185,1,0,0
186,1,0,0
187,1,0,0
188,2,2,1
189,2,0,0
190,3,0,0
191,4,0,0
192,4,0,0
193,3,2,1
194,3,0,0
195,3,0,0
196,2,0,0
197,2,2,1
198,3,0,0
199,2,0,0
200,2,0,0
201,2,0,0
202,2,0,0
203,2,0,0
204,3,0,0
205,2,0,0
206,2,0,0
207,2,0,0
208,3,0,0
209,2,0,0
210,2,0,0
211,2,0,0
212,2,0,0
213,2,0,0
214,2,0,0
215,2,0,0
216,1,0,0
217,2,0,0
218,1,0,0
219,2,0,0
220,3,0,0
221,4,0,0
222,3,0,0
223,2,0,0
224,2,0,0
225,2,0,0
226,2,0,0
227,3,0,0
228,2,0,0
229,2,0,0
230,2,0,0
231,2,0,0
232,3,0,0
233,2,0,0
234,2,0,0
235,2,0,0
236,2,0,0
237,2,0,0
238,2,0,0
239,3,0,0
240,3,0,0
241,3,0,0
242,3,0,0
243,3,0,0
244,3,2,1
245,3,0,0
246,3,0,0
247,3,2,1
248,3,2,1
249,3,2,1
250,4,2,1
251,5,3,2
252,4,2,1
253,4,2,1
254,4,3,2
255,5,2,1
256,5,2,1
257,5,2,1
258,5,3,2
259,4,0,0
260,4,0,0
261,4,0,0
262,4,0,0
263,4,0,0
264,4,0,0
265,4,0,0
266,4,3,2
267,5,3,2
268,5,3,2
269,5,3,2
270,5,3,3
271,5,4,5
272,5,4,4
273,5,4,5
274,5,4,4
275,5,4,4
276,5,4,4
277,5,3,3
278,4,4,4
279,5,5,4
280,5,5,7
281,5,5,5
282,5,5,6
283,5,5,7
284,5,5,7
285,5,5,7
286,5,5,7
287,5,5,7
288,6,5,7
289,6,5,7
290,6,5,7
291,6,6,9
292,6,6,9
293,6,6,10
294,6,6,9
295,6,6,10
296,6,6,10
297,6,6,10
298,6,6,9
299,6,6,10
300,6,6,10
301,6,6,10
302,6,6,9
303,6,6,9
304,6,6,10
305,6,6,9
306,6,6,8
307,6,6,8
308,6,6,9
309,7,6,10
310,7,7,10
311,7,7,10
312,7,6,10
313,7,6,9
314,7,6,10
315,7,6,10
316,7,7,11
317,7,7,12
318,6,6,10
319,7,7,11
320,7,7,12
321,7,7,12
322,8,7,12
323,8,7,12
324,7,7,12
325,7,7,11
326,7,7,12
327,7,7,12
328,7,7,12
329,7,7,12
330,7,7,12
331,7,7,12
332,7,7,12
333,7,7,10
334,7,7,12
335,7,7,12
336,7,7,12
337,7,7,12
338,7,7,12
339,7,7,12
340,7,7,11
341,7,7,12
342,7,7,12
343,7,7,12
344,8,7,12
345,8,8,14
346,8,8,14
347,8,8,14
348,8,8,14
349,8,8,14
350,8,8,14
351,8,8,14
352,9,9,17
353,9,9,17
354,9,9,17
355,9,9,17
356,9,9,17
357,9,9,17
358,9,9,17
359,9,9,17
360,9,9,17
361,9,9,17
362,9,9,16
363,9,9,16
364,9,9,17
365,9,9,17
366,9,9,17
367,9,9,16
368,9,9,17
369,9,9,17
370,9,9,16
371,9,9,17
372,9,9,17
373,9,9,17
374,9,9,17
375,9,9,17
376,9,9,17
377,9,9,17
378,9,9,16
379,9,9,17
380,9,9,17
381,9,9,17
382,9,9,17
383,9,9,17
384,9,9,17
385,8,8,15
386,9,9,17
387,9,9,17
388,9,9,17
389,9,9,17
390,9,9,17
391,9,9,17
392,9,9,16
393,9,9,17
394,9,9,17
395,9,9,16
396,9,9,17
397,9,9,17
398,9,9,17
399,9,9,16
400,9,9,16
401,9,9,16
402,9,9,17
403,8,8,15
404,9,9,16
405,9,9,17
406,9,9,17
407,9,9,17
408,9,9,17
409,9,9,18
410,10,10,21
411,10,10,21
412,10,10,21
413,10,10,21
414,10,10,19
415,10,10,21
416,10,10,21
417,10,10,21
418,10,10,21
419,10,10,21
420,10,10,21
421,10,10,21
422,10,10,21
423,10,10,21
424,10,10,21
425,10,10,21
426,10,10,21
427,10,10,21
428,10,10,21
429,10,10,21
430,10,10,21
431,10,10,21
432,10,10,21
433,10,10,21
434,10,10,21
435,10,10,21
436,10,10,20
437,10,10,21
438,10,10,21
439,10,10,21
440,10,10,21
441,10,10,21
442,10,10,21
443,10,10,21
444,10,10,21
445,10,10,20
446,10,10,21
447,10,10,21
448,10,10,21
449,10,10,21
450,10,10,21
451,10,10,20
452,10,10,21
453,10,10,21
454,10,10,21
455,10,10,21
456,10,10,21
457,10,10,21
458,10,10,21
459,10,10,21
460,10,10,20
461,10,10,19
462,10,10,21
463,10,10,21
464,10,10,21
465,10,10,21
466,10,10,20
467,10,10,21
468,10,10,20
469,10,10,21
470,10,10,20
471,10,10,21
472,10,10,21
473,10,10,21
474,10,10,21
475,10,10,21
476,10,10,21
477,10,10,21
478,10,10,21
479,10,10,21
480,10,10,21
481,10,10,20
482,10,10,19
483,10,10,21
484,10,10,21
485,10,10,21
486,10,10,19
487,10,10,21
488,10,10,21
489,10,10,21
490,10,10,21
491,10,10,21
492,10,10,20
493,10,10,19
494,10,10,21
495,10,10,21
496,10,10,21
497,10,10,21
498,10,10,21
499,10,10,21
500,10,10,21
501,10,10,21
502,10,10,21
503,10,10,20
504,10,10,21
505,10,10,21
506,10,10,21
507,10,10,19
508,10,10,19
509,10,10,20
510,10,10,21
511,10,10,21
512,10,10,21
513,10,10,21
514,10,10,21
515,10,10,21
516,10,10,21
517,10,10,21
518,10,10,20
519,10,10,21
520,10,10,20
521,10,10,21
522,10,10,21
523,10,10,20
524,10,10,20
525,9,9,18
526,10,9,18
527,10,9,18
528,10,9,18
529,10,9,17
530,10,9,18
531,10,9,18
532,10,9,18
533,10,9,18
534,10,9,17
535,10,9,18
536,10,9,17
537,10,9,18
538,10,9,18
539,10,9,18
540,10,9,18
541,10,9,18
542,10,9,18
543,10,9,18
544,10,9,18
545,9,9,18
546,9,9,18
547,9,9,18
548,10,9,17
549,9,9,18
550,9,9,17
551,9,9,16
552,9,9,18
553,9,9,16
554,9,9,17
555,9,9,17
556,9,9,18
557,9,9,17
558,9,9,17
559,9,9,16
560,9,9,18
561,9,9,18
562,9,9,17
563,9,9,17
564,9,9,17
565,9,9,18
566,9,9,18
567,9,9,18
568,9,9,17
569,9,9,17
570,9,9,18
571,9,9,18
572,9,9,18
573,9,9,18
574,9,9,18
575,9,9,17
576,9,9,18
577,9,9,18
578,9,9,18
579,9,9,18
580,9,9,18
581,9,9,18
582,9,9,18
583,9,9,18
584,9,9,18
585,9,9,18
586,9,9,18
587,9,9,18
588,9,9,18
589,9,9,18
590,9,9,18
591,9,9,17
592,9,9,18
593,9,9,18
594,9,9,18
595,10,9,18
596,10,9,18
597,10,9,18
598,10,9,18
599,10,10,18
600,9,9,18
601,10,10,21
602,10,10,21
603,10,10,21
604,10,10,21
605,10,10,21
606,10,10,21
607,10,10,21
608,10,10,21
609,10,10,21
610,10,10,21
611,10,10,21
612,10,10,21
613,10,10,21
614,10,10,21
615,10,10,21
616,10,10,21
617,10,10,20
618,10,10,21
619,10,10,21
620,10,10,21
621,10,10,21
622,10,10,21
623,10,10,20
624,10,10,21
625,10,10,21
626,10,10,20
627,10,10,21
628,10,10,21
629,10,10,21
630,10,10,21
631,10,10,21
632,10,10,21
633,10,10,21
634,10,10,21
635,10,10,21
636,10,10,21
637,10,10,21
638,10,10,21
639,10,10,21
640,10,10,21
641,10,10,21
642,10,10,21
643,10,10,21
644,10,10,21
645,10,10,20
646,10,10,21
647,10,10,21
648,10,10,21
649,10,10,21
650,10,10,21
651,10,10,20
652,10,10,21
653,10,10,20
654,10,10,21
655,10,10,21
656,10,10,21
657,10,10,21
658,10,10,21
659,10,10,21
660,10,10,21
661,10,10,21
662,10,10,21
663,11,10,21
664,10,10,21
665,11,10,21
666,10,10,21
667,10,10,21
668,10,10,21
669,10,10,21
670,10,10,21
671,10,10,21
672,10,10,21
673,10,10,21
674,10,10,21
675,10,10,21
676,10,10,20
677,10,10,21
678,10,10,21
679,10,10,21
680,10,10,21
681,10,10,20
682,10,10,20
683,10,10,21
684,10,10,21
685,10,10,21
686,10,10,21
687,10,10,21
688,10,10,21
689,10,10,21
690,10,10,21
691,10,10,21
692,10,10,21
693,10,10,21
694,10,10,21
695,10,10,21
696,10,10,21
697,10,10,21
698,10,10,21
699,10,10,21
700,10,10,21
701,10,10,21
702,10,10,21
703,10,10,21
704,10,10,21
705,10,10,21
706,10,10,21
707,10,10,20
708,10,10,20
709,10,10,21
710,10,10,21
711,10,10,21
712,10,10,21
713,10,10,21
714,10,10,21
715,10,10,21
716,10,10,21
717,10,10,21
718,10,10,21
719,10,10,21
720,10,10,21
721,10,10,21
722,10,10,21
723,10,10,21
724,10,10,20
725,10,10,21
726,10,10,21
727,10,10,19
728,10,10,21
729,10,10,21
730,10,10,19
731,10,10,21
732,10,10,21
733,10,10,21
734,10,10,21
735,10,10,21
736,10,10,21
737,10,10,21
738,10,10,21
739,10,10,21
740,10,10,21
741,10,10,21
742,10,10,20
743,10,10,21
744,10,10,21
745,10,10,21
746,10,10,21
747,10,10,21
748,10,10,21
749,10,10,21
750,10,10,21
751,10,10,21
752,10,10,21
753,10,10,21
754,10,10,21
755,10,10,21
756,10,10,21
757,10,10,21
758,10,10,21
759,10,10,21
760,10,10,21
761,10,10,21
762,10,10,21
763,10,10,21
764,10,10,21
765,10,10,21
766,10,10,21
767,10,10,21
768,10,10,21
769,10,10,21
770,10,10,20
771,10,10,21
772,10,10,21
773,10,10,21
774,10,10,21
775,10,10,21
776,10,10,20
777,10,10,21
778,10,10,21
779,10,10,21
780,10,10,21
781,10,10,21
782,10,10,21
783,10,10,20
784,10,10,21
785,10,10,21
786,10,10,21
787,10,10,21
788,10,10,21
789,10,10,21
790,10,10,21
791,10,10,21
792,10,10,21
793,10,10,20
794,10,10,21
795,10,10,19
796,10,10,21
797,10,10,21
798,10,10,21
799,10,10,21
800,10,10,19
801,10,10,21
802,10,10,21
803,10,10,21
804,10,10,21
805,10,10,21
806,10,10,21
807,10,10,21
808,10,10,21
809,10,10,21
810,10,10,21
811,11,11,25
812,11,11,23
813,11,11,25
814,11,11,25
815,11,11,25
816,11,11,25
817,11,11,25
818,11,11,25
819,11,11,25
820,11,11,25
821,11,11,25
822,11,11,25
823,11,11,25
824,11,11,25
825,11,11,25
826,11,11,25
827,11,11,25
828,11,11,25
829,11,11,25
830,11,11,25
831,11,11,25
832,11,11,25
833,11,11,25
834,11,11,25
835,11,11,25
836,11,11,25
837,11,11,25
838,11,11,25
839,11,11,25
840,11,11,25
841,11,11,25
842,11,11,25
843,11,11,25
844,11,11,25
845,11,11,25
846,11,11,25
847,11,11,25
848,11,11,25
849,11,11,25
850,11,11,25
851,11,11,25
852,11,11,25
853,11,11,25
854,11,11,25
855,11,11,25
856,11,11,25
857,11,11,25
858,11,11,25
859,11,11,25
860,11,11,25
861,11,11,25
862,11,11,25
863,11,11,25
864,11,11,25
865,11,11,25
866,11,11,25
867,11,11,25
868,11,11,25
869,11,11,25
870,11,11,25
871,11,11,25
872,11,11,25
873,11,11,25
874,11,11,25
875,11,11,25
876,11,11,25
877,11,11,25
878,11,11,24
879,11,11,25
880,11,11,25
881,11,11,25
882,11,11,25
883,11,11,25
884,11,11,25
885,11,11,25
886,11,11,25
887,11,11,25
888,11,11,25
889,11,11,25
890,11,11,25
891,11,11,25
892,11,11,25
893,11,11,25
894,11,11,25
895,11,11,25
896,11,11,25
897,11,11,25
898,11,11,25
899,11,11,25
900,11,11,25
901,11,11,25
902,11,11,25
903,11,11,25
904,11,11,25
905,11,11,25
906,11,11,25
907,11,11,25
908,11,11,25
909,11,11,25
910,11,11,25
911,11,11,25
912,11,11,25
913,11,11,25
914,11,11,25
915,11,11,25
916,11,11,25
917,11,11,25
918,11,11,25
919,11,11,25
920,11,11,25
921,11,11,25
922,11,11,25
923,11,11,25
924,11,11,25
925,11,11,25
926,11,11,25
927,11,11,25
928,11,11,25
929,11,11,25
930,11,11,25
931,11,11,25
932,11,11,25
933,11,11,25
934,11,11,25
935,11,11,25
936,11,11,25
937,11,11,25
938,11,11,25
939,11,11,25
940,11,11,25
941,11,11,25
942,11,11,25
943,11,11,25
944,11,11,25
945,11,11,25
946,11,11,25
947,11,11,25
948,11,11,25
949,11,11,25
950,11,11,25
951,11,11,25
952,11,11,25
953,11,11,25
954,11,11,25
955,11,11,23
956,11,11,25
957,11,11,25
958,11,11,25
959,11,11,25
960,11,11,25
961,11,11,25
962,11,11,25
963,11,11,25
964,11,11,25
965,11,11,25
966,11,11,24
967,11,11,25
968,11,11,25
969,11,11,25
970,11,11,25
971,11,11,25
972,11,11,25
973,11,11,25
974,11,11,25
975,11,11,25
976,11,11,25
977,11,11,25
978,11,11,25
979,11,11,25
980,11,11,25
981,11,11,25
982,11,11,25
983,11,11,25
984,11,11,25
985,11,11,24
986,11,11,25
987,11,11,25
988,11,11,25
989,11,11,25
990,11,11,25
991,11,11,25
992,11,11,25
993,11,11,25
994,11,11,25
995,11,11,25
996,11,11,25
997,11,11,25
998,11,11,25
999,11,11,25
1000,11,11,25
1001,11,11,25
1002,11,11,25
1003,11,11,25
1004,11,11,25
1005,11,11,25
1006,11,11,25
1007,11,11,25
1008,11,11,25
1009,11,11,25
1010,11,11,25
1011,11,11,25
1012,11,11,25
1013,11,11,25
1014,11,11,25
1015,11,11,25
1016,11,11,25
1017,11,11,25
1018,11,11,25
1019,11,11,25
1020,11,11,25
1021,11,11,25
1022,11,11,25
1023,11,11,25
1024,11,11,25
1025,11,11,25
1026,11,11,25
1027,11,11,25
1028,11,11,25
1029,11,11,24
1030,11,11,25
1031,11,11,25
1032,11,11,23
1033,11,11,25
1034,11,11,25
1035,11,11,25
1036,11,11,25
1037,11,11,25
1038,11,11,25
1039,11,11,25
1040,11,11,25
1041,11,11,25
1042,11,11,25
1043,11,11,25
1044,11,11,25
1045,11,11,24
1046,11,11,25
1047,11,11,25
1048,11,11,25
1049,11,11,25
1050,11,11,25
1051,11,11,25
1052,11,11,25
1053,11,11,25
1054,11,11,25
1055,11,11,25
1056,11,11,25
1057,11,11,25
1058,11,11,25
1059,11,11,25
1060,11,11,24
1061,11,11,25
1062,11,11,25
1063,11,11,25
1064,11,11,25
1065,11,11,25
1066,11,11,25
1067,11,11,25
1068,11,11,25
1069,11,11,25
1070,11,11,25
1071,11,11,25
1072,11,11,25
1073,11,11,25
1074,11,11,25
1075,11,11,25
1076,11,11,25
1077,11,11,25
1078,11,11,25
1079,11,11,25
1080,11,11,25
1081,11,11,25
1082,11,11,25
1083,11,11,25
1084,11,11,25
1085,11,11,25
1086,11,11,25
1087,11,11,25
1088,11,11,25
1089,11,11,25
1090,11,11,25
1091,11,11,25
1092,11,11,25
1093,11,11,25
1094,11,11,24
1095,11,11,25
1096,11,11,25
1097,11,11,25
1098,11,11,25
1099,11,11,25
1100,11,11,25
1101,11,11,25
1102,11,11,25
1103,11,11,25
1104,11,11,25
1105,11,11,25
1106,11,11,25
1107,11,11,25
1108,11,11,25
1109,11,11,25
1110,11,11,25
1111,11,11,25
1112,11,11,25
1113,11,11,25
1114,11,11,25
1115,11,11,25
1116,11,11,25
1117,11,11,25
1118,11,11,25
1119,11,11,25
1120,11,11,25
1121,11,11,25
1122,11,11,25
1123,11,11,25
1124,11,11,25
1125,11,11,25
1126,11,11,25
1127,11,11,25
1128,11,11,25
1129,11,11,25
1130,11,11,25
1131,11,11,25
1132,11,11,25
1133,11,11,25
1134,11,11,25
1135,11,11,25
1136,11,11,25
1137,11,11,25
1138,11,11,25
1139,11,11,25
1140,11,11,25
1141,11,11,25
1142,11,11,25
1143,11,11,25
1144,11,11,25
1145,11,11,25
1146,11,11,25
1147,11,11,25
1148,11,11,24
1149,11,11,25
1150,11,11,24
1151,11,11,25
1152,11,11,25
1153,11,11,25
1154,11,11,25
1155,11,11,25
1156,11,11,25
1157,11,11,25
1158,11,11,25
1159,11,11,25
1160,11,11,25
1161,11,11,24
1162,11,11,25
1163,11,11,25
1164,11,11,25
1165,11,11,25
1166,11,11,25
1167,11,11,25
1168,11,11,25
1169,11,11,25
1170,11,11,25
1171,11,11,25
1172,11,11,25
1173,11,11,25
1174,11,11,25
1175,11,11,25
1176,11,11,25
1177,11,11,25
1178,11,11,25
1179,11,11,25
1180,11,11,25
1181,11,11,25
1182,11,11,25
1183,11,11,25
1184,11,11,25
1185,11,11,25
1186,11,11,25
1187,11,11,25
1188,11,11,25
1189,11,11,25
1190,11,11,25
1191,11,11,25
1192,11,11,25
1193,11,11,25
1194,11,11,25
1195,11,11,25
1196,11,11,25
1197,11,11,25
1198,11,11,25
1199,11,11,25
1200,11,11,25
1201,11,11,25
1202,11,11,25
1203,11,11,25
1204,11,11,25
1205,11,11,25
1206,11,11,25
1207,11,11,24
1208,11,11,25
1209,11,11,25
1210,11,11,25
1211,11,11,25
1212,11,11,25
1213,11,11,25
1214,11,11,25
1215,11,11,24
1216,11,11,25
1217,11,11,25
1218,11,11,25
1219,11,11,25
1220,11,11,25
1221,11,11,25
1222,11,11,25
1223,11,11,24
1224,11,11,25
1225,11,11,25
1226,11,11,25
1227,11,11,25
1228,11,11,25
1229,11,11,25
1230,11,11,25
1231,11,11,25
1232,11,11,25
1233,11,11,25
1234,11,11,25
1235,11,11,25
1236,11,11,25
1237,11,11,25
1238,11,11,25
1239,11,11,25
1240,11,11,25
1241,11,11,25
1242,11,11,25
1243,11,11,25
1244,11,11,25
1245,11,11,24
1246,11,11,25
1247,11,11,25
1248,11,11,25
1249,11,11,25
1250,11,11,25
1251,11,11,25
1252,11,11,25
1253,11,11,25
1254,11,11,25
1255,11,11,24
1256,11,11,25
1257,11,11,25
1258,11,11,24
1259,11,11,25
1260,11,11,25
1261,11,11,25
1262,11,11,25
1263,11,11,25
1264,11,11,25
1265,11,11,25
1266,11,11,25
1267,11,11,25
1268,11,11,25
1269,11,11,25
1270,11,11,25
1271,11,11,25
1272,11,11,25
1273,11,11,25
1274,11,11,25
1275,11,11,25
1276,11,11,25
1277,11,11,25
1278,11,11,25
1279,11,11,25
1280,11,11,25
1281,11,11,25
1282,11,11,25
1283,11,11,25
1284,11,11,25
1285,11,11,25
1286,11,11,25
1287,11,11,25
1288,11,11,25
1289,11,11,25
1290,11,11,25
1291,11,11,25
1292,11,11,25
1293,11,11,25
1294,11,11,25
1295,11,11,25
1296,11,11,25
1297,11,11,25
1298,11,11,25
1299,11,11,25
1300,11,11,25
1301,11,11,25
1302,11,11,25
1303,11,11,25
1304,11,11,25
1305,11,11,25
1306,11,11,25
1307,11,11,25
1308,11,11,25
1309,11,11,25
1310,11,11,25
1311,11,11,25
1312,11,11,25
1313,11,11,25
1314,11,11,25
1315,11,11,25
1316,11,11,25
1317,11,11,25
1318,11,11,25
1319,11,11,24
1320,11,11,25
1321,11,11,25
1322,11,11,24
1323,11,11,25
1324,11,11,25
1325,11,11,25
1326,11,11,25
1327,11,11,25
1328,11,11,25
1329,11,11,25
1330,11,11,25
1331,11,11,25
1332,11,11,25
1333,11,11,25
1334,11,11,25
1335,11,11,25
1336,11,11,25
1337,11,11,25
1338,11,11,25
1339,11,11,25
1340,11,11,25
1341,11,11,25
1342,11,11,25
1343,11,11,25
1344,11,11,25
1345,11,11,25
1346,11,11,25
1347,11,11,25
1348,11,11,25
1349,11,11,25
1350,11,11,25
1351,11,11,25
1352,11,11,25
1353,11,11,24
1354,11,11,25
1355,11,11,25
1356,11,11,25
1357,11,11,25
1358,11,11,25
1359,11,11,25
1360,11,11,25
1361,11,11,25
1362,11,11,25
1363,11,11,25
1364,11,11,25
1365,11,11,25
1366,11,11,25
1367,11,11,25
1368,11,11,25
1369,11,11,25
1370,11,11,25
1371,11,11,25
1372,11,11,25
1373,11,11,25
1374,11,11,25
1375,11,11,25
1376,11,11,25
1377,11,11,25
1378,11,11,25
1379,11,11,25
1380,11,11,25
1381,11,11,25
1382,11,11,25
1383,11,11,25
1384,11,11,25
1385,11,11,25
1386,11,11,25
1387,11,11,25
1388,11,11,25
1389,11,11,24
1390,11,11,25
1391,11,11,25
1392,11,11,25
1393,11,11,25
1394,11,11,25
1395,11,11,25
1396,11,11,25
1397,11,11,25
1398,11,11,25
1399,11,11,25
1400,11,11,25
1401,11,11,25
1402,11,11,25
1403,11,11,25
1404,11,11,25
1405,11,11,25
1406,11,11,25
1407,11,11,25
1408,11,11,25
1409,11,11,24
1410,11,11,25
1411,11,11,25
1412,11,11,25
1413,11,11,25
1414,11,11,25
1415,11,11,25
1416,11,11,25
1417,11,11,25
1418,11,11,25
1419,11,11,25
1420,11,11,25
1421,11,11,25
1422,11,11,25
1423,11,11,25
1424,11,11,25
1425,11,11,25
1426,11,11,25
1427,11,11,25
1428,11,11,25
1429,11,11,25
1430,11,11,25
1431,11,11,25
1432,11,11,24
1433,11,11,25
1434,11,11,25
1435,11,11,25
1436,11,11,25
1437,11,11,25
1438,11,11,25
1439,11,11,25
1440,11,11,25
1441,11,11,25
1442,11,11,25
1443,11,11,25
1444,11,11,25
1445,11,11,25
1446,11,11,25
1447,11,11,25
1448,11,11,25
1449,11,11,25
1450,11,11,25
1451,11,11,25
1452,11,11,25
1453,11,11,25
1454,11,11,25
1455,11,11,25
1456,11,11,25
1457,11,11,25
1458,11,11,25
1459,11,11,25
1460,11,11,25
1461,11,11,25
1462,11,11,25
1463,11,11,25
1464,11,11,25
1465,11,11,25
1466,11,11,25
1467,11,11,25
1468,11,11,25
1469,11,11,25
1470,11,11,25
1471,11,11,25
1472,11,11,25
1473,11,11,25
1474,11,11,25
1475,11,11,25
1476,11,11,25
1477,11,11,25
1478,11,11,25
1479,11,11,25
1480,11,11,25
1481,11,11,25
1482,11,11,25
1483,11,11,24
1484,11,11,25
1485,11,11,25
1486,11,11,25
1487,11,11,25
1488,11,11,25
1489,11,11,25
1490,11,11,25
1491,11,11,25
1492,11,11,25
1493,11,11,25
1494,11,11,25
1495,11,11,25
1496,11,11,25
1497,11,11,25
1498,11,11,25
1499,11,11,25
1500,11,11,25
1501,11,11,25
1502,11,11,25
1503,11,11,25
1504,11,11,25
1505,11,11,25
1506,11,11,25
1507,11,11,25
1508,11,11,25
1509,11,11,25
1510,11,11,25
1511,11,11,25
1512,11,11,25
1513,11,11,25
1514,11,11,25
1515,11,11,25
1516,11,11,25
1517,11,11,25
1518,11,11,25
1519,11,11,25
1520,11,11,25
1521,11,11,25
1522,11,11,25
1523,11,11,25
1524,11,11,25
1525,11,11,25
1526,11,11,25
1527,11,11,25
1528,11,11,25
1529,11,11,25
1530,11,11,25
1531,11,11,25
1532,11,11,25
1533,11,11,25
1534,11,11,25
1535,11,11,25
1536,11,11,25
1537,11,11,25
1538,11,11,25
1539,11,11,25
1540,11,11,25
1541,11,11,25
1542,11,11,25
1543,11,11,25
1544,11,11,25
1545,11,11,25
1546,11,11,25
1547,11,11,25
1548,11,11,25
1549,11,11,25
1550,11,11,25
1551,11,11,25
1552,11,11,25
1553,11,11,25
1554,11,11,25
1555,11,11,25
1556,11,11,25
1557,11,11,25
1558,11,11,25
1559,11,11,25
1560,11,11,25
1561,11,11,25
1562,11,11,25
1563,11,11,25
1564,11,11,25
1565,11,11,25
1566,11,11,25
1567,11,11,25
1568,11,11,25
1569,11,11,25
1570,11,11,25
1571,11,11,25
1572,11,11,25
1573,11,11,25
1574,11,11,25
1575,11,11,25
1576,11,11,25
1577,11,11,25
1578,11,11,25
1579,11,11,25
1580,11,11,25
1581,11,11,25
1582,11,11,25
1583,11,11,25
1584,11,11,25
1585,11,11,25
1586,11,11,25
1587,11,11,25
1588,11,11,25
1589,11,11,25
1590,11,11,25
1591,11,11,25
1592,11,11,25
1593,11,11,25
1594,11,11,25
1595,11,11,25
1596,11,11,25
1597,11,11,25
1598,11,11,25
1599,11,11,25
1600,11,11,25
1601,11,11,25
1602,11,11,25
1603,11,11,25
1604,11,11,25
1605,11,11,25
1606,11,11,25
1607,11,11,25
1608,11,11,25
1609,11,11,25
1610,11,11,25
1611,11,11,25
1612,11,11,25
1613,11,11,25
1614,11,11,25
1615,11,11,25
1616,11,11,25
1617,11,11,25
1618,11,11,25
1619,11,11,25
1620,11,11,25
1621,11,11,25
1622,11,11,25
1623,11,11,25
1624,11,11,25
1625,11,11,25
1626,11,11,25
1627,11,11,24
1628,11,11,25
1629,11,11,25
1630,11,11,25
1631,11,11,24
1632,11,11,25
1633,11,11,25
1634,11,11,25
1635,11,11,24
1636,11,11,24
1637,11,11,25
1638,11,11,25
1639,11,11,25
1640,11,11,25
1641,11,11,25
1642,11,11,25
1643,11,11,24
1644,11,11,24
1645,11,11,25
1646,11,11,25
1647,11,11,25
1648,11,11,25
1649,11,11,25
1650,11,11,24
1651,11,11,25
1652,11,11,25
1653,11,11,25
1654,11,11,25
1655,11,11,24
1656,11,11,25
1657,11,11,25
1658,11,11,25
1659,11,11,25
1660,11,11,25
1661,11,11,25
1662,11,11,25
1663,11,11,25
1664,11,11,25
1665,11,11,25
1666,11,11,25
1667,11,11,25
1668,11,11,25
1669,11,11,25
1670,11,11,25
1671,11,11,25
1672,11,11,25
1673,11,11,25
1674,11,11,25
1675,11,11,25
1676,11,11,25
1677,11,11,25
1678,11,11,25
1679,11,11,25
1680,11,11,25
1681,11,11,25
1682,11,11,25
1683,11,11,25
1684,11,11,25
1685,11,11,25
1686,11,11,25
1687,11,11,25
1688,11,11,25
1689,11,11,25
1690,11,11,25
1691,11,11,25
1692,11,11,25
1693,11,11,24
1694,11,11,25
1695,11,11,25
1696,11,11,25
1697,11,11,25
1698,11,11,25
1699,11,11,25
1700,11,11,25
1701,11,11,25
1702,11,11,25
1703,11,11,25
1704,11,11,25
1705,11,11,25
1706,11,11,25
1707,11,11,25
1708,11,11,25
1709,11,11,25
1710,11,11,24
1711,11,11,25
1712,11,11,25
1713,11,11,25
1714,11,11,25
1715,11,11,25
1716,11,11,25
1717,11,11,25
1718,11,11,25
1719,11,11,25
1720,11,11,24
1721,11,11,25
1722,11,11,25
1723,11,11,25
1724,11,11,25
1725,11,11,25
1726,11,11,25
1727,11,11,25
1728,11,11,25
1729,11,11,25
1730,11,11,25
1731,11,11,25
1732,11,11,25
1733,11,11,25
1734,11,11,25
1735,11,11,25
1736,11,11,25
1737,11,11,25
1738,11,11,25
1739,11,11,25
1740,11,11,25
1741,11,11,25
1742,11,11,25
1743,11,11,25
1744,11,11,25
1745,11,11,25
1746,11,11,25
1747,11,11,25
1748,11,11,25
1749,11,11,25
1750,11,11,25
1751,11,11,25
1752,11,11,25
1753,11,11,25
1754,11,11,25
1755,11,11,25
1756,12,12,30
1757,12,12,30
1758,12,12,30
1759,12,12,30
1760,12,12,30
1761,12,12,30
1762,12,12,29
1763,12,12,30
1764,12,12,30
1765,12,12,30
1766,12,12,30
1767,12,12,30
1768,12,12,30
1769,12,12,30
1770,12,12,30
1771,12,12,30
1772,12,12,30
1773,12,12,30
1774,12,12,30
1775,12,12,30
1776,12,12,30
1777,12,12,30
1778,12,12,30
1779,12,12,30
1780,12,12,30
1781,12,12,30
1782,12,12,30
1783,12,12,30
1784,12,12,30
1785,12,12,30
1786,12,12,30
1787,12,12,30
1788,12,12,30
1789,12,12,30
1790,12,12,30
1791,12,12,30
1792,12,12,30
1793,12,12,30
1794,12,12,30
1795,12,12,30
1796,12,12,30
1797,12,12,30
1798,12,12,30
1799,12,12,30
1800,12,12,30
1801,12,12,30
1802,12,12,30
1803,12,12,30
1804,12,12,30
1805,12,12,30
1806,12,12,30
1807,12,12,30
1808,12,12,30
1809,12,12,30
1810,12,12,30
1811,12,12,30
1812,12,12,30
1813,12,12,30
1814,12,12,30
1815,12,12,30
1816,12,12,30
1817,12,12,30
1818,12,12,30
1819,12,12,30
1820,12,12,30
1821,12,12,30
1822,12,12,30
1823,12,12,30
1824,12,12,30
1825,12,12,30
1826,12,12,30
1827,12,12,30
1828,12,12,30
1829,12,12,30
1830,12,12,30
1831,12,12,30
1832,12,12,30
1833,12,12,30
1834,12,12,30
1835,12,12,30
1836,12,12,30
1837,12,12,30
1838,12,12,30
1839,12,12,30
1840,12,12,30
1841,12,12,30
1842,12,12,30
1843,12,12,30
1844,12,12,30
1845,12,12,30
1846,12,12,30
1847,12,12,30
1848,12,12,30
1849,12,12,30
1850,12,12,30
1851,12,12,30
1852,12,12,30
1853,12,12,30
1854,12,12,30
1855,12,12,30
1856,12,12,30
1857,12,12,30
1858,12,12,30
1859,12,12,30
1860,12,12,30
1861,12,12,30
1862,12,12,30
1863,12,12,30
1864,12,12,30
1865,12,12,30
1866,12,12,30
1867,12,12,30
1868,12,12,30
1869,12,12,30
1870,12,12,30
1871,12,12,30
1872,12,12,30
1873,12,12,30
1874,12,12,30
1875,12,12,30
1876,12,12,30
1877,12,12,30
1878,12,12,30
1879,12,12,30
1880,12,12,30
1881,12,12,30
1882,12,12,30
1883,12,12,30
1884,12,12,30
1885,12,12,30
1886,12,12,30
1887,12,12,30
1888,12,12,30
1889,12,12,30
1890,12,12,30
1891,12,12,30
1892,12,12,30
1893,12,12,30
1894,12,12,30
1895,12,12,30
1896,12,12,30
1897,12,12,30
1898,12,12,30
1899,12,12,30
1900,12,12,30
1901,12,12,30
1902,12,12,30
1903,12,12,30
1904,12,12,30
1905,12,12,30
1906,12,12,30
1907,12,12,30
1908,12,12,30
1909,12,12,30
1910,12,12,30
1911,12,12,30
1912,12,12,30
1913,12,12,30
1914,12,12,30
1915,12,12,30
1916,12,12,30
1917,12,12,30
1918,12,12,30
1919,12,12,30
1920,12,12,30
1921,12,12,30
1922,12,12,30
1923,12,12,30
1924,12,12,30
1925,12,12,30
1926,12,12,30
1927,12,12,30
1928,12,12,30
1929,12,12,30
1930,12,12,30
1931,12,12,30
1932,12,12,30
1933,12,12,30
1934,12,12,30
1935,12,12,30
1936,12,12,30
1937,12,12,30
1938,12,12,30
1939,12,12,30
1940,12,12,30
1941,12,12,30
1942,12,12,30
1943,12,12,30
1944,12,12,30
1945,12,12,30
1946,12,12,30
1947,12,12,30
1948,12,12,30
1949,12,12,30
1950,12,12,30
1951,12,12,30
1952,12,12,30
1953,12,12,30
1954,12,12,30
1955,12,12,30
1956,12,12,30
1957,12,12,30
1958,12,12,30
1959,12,12,30
1960,12,12,30
1961,12,12,30
1962,12,12,30
1963,12,12,30
1964,12,12,30
1965,12,12,30
1966,12,12,30
1967,12,12,30
1968,12,12,30
1969,12,12,30
1970,12,12,30
1971,12,12,30
1972,12,12,30
1973,12,12,30
1974,12,12,30
1975,12,12,30
1976,12,12,30
1977,12,12,30
1978,12,12,30
1979,12,12,30
1980,12,12,30
1981,12,12,30
1982,12,12,30
1983,12,12,30
1984,12,12,30
1985,12,12,30
1986,12,12,30
1987,12,12,30
1988,12,12,30
1989,12,12,30
1990,12,12,30
1991,12,12,30
1992,12,12,30
1993,12,12,30
1994,12,12,30
1995,12,12,30
1996,12,12,30
1997,12,12,30
1998,12,12,30
1999,12,12,30
